152 1420 1 152 6 355
1 2 707 6
1 3 559 181
1 4 850 242
1 5 65 82
1 6 519 252
1 7 5 276
1 8 413 71
1 9 260 339
1 10 147 16
1 11 170 159
2 12 612 261
2 13 132 260
2 14 926 253
2 15 324 51
2 16 341 265
2 17 598 40
2 18 335 106
2 19 182 242
2 20 937 213
2 21 781 203
3 12 166 258
3 13 369 248
3 14 873 230
3 15 186 84
3 16 83 198
3 17 529 282
3 18 845 124
3 19 691 55
3 20 346 249
3 21 647 302
4 12 484 165
4 13 287 119
4 14 951 56
4 15 529 119
4 16 95 151
4 17 742 199
4 18 626 108
4 19 39 259
4 20 323 163
4 21 310 174
5 12 833 6
5 13 633 17
5 14 831 87
5 15 146 297
5 16 749 147
5 17 278 295
5 18 41 229
5 19 605 239
5 20 691 189
5 21 320 82
6 12 430 133
6 13 675 189
6 14 316 204
6 15 157 91
6 16 494 69
6 17 825 114
6 18 486 177
6 19 407 5
6 20 440 299
6 21 819 104
7 12 616 312
7 13 822 30
7 14 182 20
7 15 2 216
7 16 713 58
7 17 298 274
7 18 846 115
7 19 514 59
7 20 188 22
7 21 417 321
8 12 133 298
8 13 805 332
8 14 127 191
8 15 378 207
8 16 423 168
8 17 534 75
8 18 168 118
8 19 995 192
8 20 147 259
8 21 120 31
9 12 907 81
9 13 839 91
9 14 155 59
9 15 347 180
9 16 230 262
9 17 59 71
9 18 353 270
9 19 435 23
9 20 118 37
9 21 194 129
10 12 309 189
10 13 278 91
10 14 696 100
10 15 590 336
10 16 586 325
10 17 936 209
10 18 278 278
10 19 629 175
10 20 115 12
10 21 336 138
11 12 705 208
11 13 160 89
11 14 766 223
11 15 545 269
11 16 432 136
11 17 921 124
11 18 157 142
11 19 536 238
11 20 199 162
11 21 660 100
12 22 473 352
12 23 275 314
12 24 749 138
12 25 616 161
12 26 749 49
12 27 882 251
12 28 689 159
12 29 28 210
12 30 519 54
12 31 324 310
13 22 261 222
13 23 816 15
13 24 72 45
13 25 722 289
13 26 286 100
13 27 570 98
13 28 96 217
13 29 306 136
13 30 787 126
13 31 381 271
14 22 851 25
14 23 723 138
14 24 211 97
14 25 564 186
14 26 825 212
14 27 123 228
14 28 214 212
14 29 376 319
14 30 144 190
14 31 559 263
15 22 573 257
15 23 607 346
15 24 49 247
15 25 686 254
15 26 296 1
15 27 427 9
15 28 578 1
15 29 134 180
15 30 470 168
15 31 120 251
16 22 356 232
16 23 744 345
16 24 957 194
16 25 785 138
16 26 715 79
16 27 664 346
16 28 124 268
16 29 63 98
16 30 379 125
16 31 618 138
17 22 665 148
17 23 550 271
17 24 831 51
17 25 630 266
17 26 677 69
17 27 346 284
17 28 546 106
17 29 379 166
17 30 196 242
17 31 819 332
18 22 859 12
18 23 146 153
18 24 197 273
18 25 319 343
18 26 481 201
18 27 984 136
18 28 560 340
18 29 227 183
18 30 658 149
18 31 26 57
19 22 265 257
19 23 295 83
19 24 447 280
19 25 231 174
19 26 823 198
19 27 718 96
19 28 797 126
19 29 175 264
19 30 786 181
19 31 207 44
20 22 196 13
20 23 241 120
20 24 399 4
20 25 963 126
20 26 561 145
20 27 699 229
20 28 511 272
20 29 986 159
20 30 484 117
20 31 969 230
21 22 234 350
21 23 67 80
21 24 878 293
21 25 69 157
21 26 272 193
21 27 974 18
21 28 870 26
21 29 919 336
21 30 411 315
21 31 267 273
22 32 954 308
22 33 109 119
22 34 328 177
22 35 219 64
22 36 263 352
22 37 782 191
22 38 73 77
22 39 398 342
22 40 836 43
22 41 924 317
23 32 417 183
23 33 961 48
23 34 575 182
23 35 267 85
23 36 84 24
23 37 45 6
23 38 977 182
23 39 735 247
23 40 129 204
23 41 127 338
24 32 713 161
24 33 666 347
24 34 641 278
24 35 64 113
24 36 675 34
24 37 620 43
24 38 747 11
24 39 120 95
24 40 316 77
24 41 773 116
25 32 379 154
25 33 755 330
25 34 415 3
25 35 899 349
25 36 552 125
25 37 168 261
25 38 575 39
25 39 630 44
25 40 591 211
25 41 417 256
26 32 573 275
26 33 750 101
26 34 379 2
26 35 45 20
26 36 717 127
26 37 106 160
26 38 534 263
26 39 774 60
26 40 504 39
26 41 744 145
27 32 801 42
27 33 702 220
27 34 597 243
27 35 901 1
27 36 645 67
27 37 505 108
27 38 92 296
27 39 646 42
27 40 264 268
27 41 806 245
28 32 20 241
28 33 68 347
28 34 114 192
28 35 309 204
28 36 50 222
28 37 516 208
28 38 644 17
28 39 702 253
28 40 801 47
28 41 352 251
29 32 804 242
29 33 125 141
29 34 965 78
29 35 560 219
29 36 237 42
29 37 281 47
29 38 354 154
29 39 130 163
29 40 70 124
29 41 532 151
30 32 249 315
30 33 489 151
30 34 2 63
30 35 329 278
30 36 772 224
30 37 24 262
30 38 211 8
30 39 399 335
30 40 146 235
30 41 587 274
31 32 282 307
31 33 211 118
31 34 116 188
31 35 95 147
31 36 401 272
31 37 206 245
31 38 466 7
31 39 901 165
31 40 172 354
31 41 444 175
32 42 11 6
32 43 314 60
32 44 538 206
32 45 618 100
32 46 813 186
32 47 81 39
32 48 10 257
32 49 304 121
32 50 623 171
32 51 46 145
33 42 230 299
33 43 590 296
33 44 465 347
33 45 102 73
33 46 264 229
33 47 454 222
33 48 988 276
33 49 674 174
33 50 379 321
33 51 707 234
34 42 613 147
34 43 802 175
34 44 226 281
34 45 98 202
34 46 486 17
34 47 488 199
34 48 173 175
34 49 39 157
34 50 968 191
34 51 593 226
35 42 520 208
35 43 568 141
35 44 580 222
35 45 600 171
35 46 41 116
35 47 505 163
35 48 739 278
35 49 301 63
35 50 347 304
35 51 340 123
36 42 662 8
36 43 74 210
36 44 935 260
36 45 768 334
36 46 862 80
36 47 777 346
36 48 760 146
36 49 306 242
36 50 53 303
36 51 223 233
37 42 505 89
37 43 250 1
37 44 814 27
37 45 573 332
37 46 137 262
37 47 528 230
37 48 21 117
37 49 181 268
37 50 933 46
37 51 946 201
38 42 169 226
38 43 6 306
38 44 221 345
38 45 532 308
38 46 29 316
38 47 234 82
38 48 58 105
38 49 911 3
38 50 546 297
38 51 406 159
39 42 905 86
39 43 383 61
39 44 523 61
39 45 635 347
39 46 614 138
39 47 452 246
39 48 166 201
39 49 758 138
39 50 684 210
39 51 727 214
40 42 456 205
40 43 950 352
40 44 652 274
40 45 536 164
40 46 517 186
40 47 547 231
40 48 21 84
40 49 742 57
40 50 330 198
40 51 884 114
41 42 376 207
41 43 818 273
41 44 213 294
41 45 580 269
41 46 49 232
41 47 854 240
41 48 676 99
41 49 463 132
41 50 302 11
41 51 588 90
42 52 403 307
42 53 284 113
42 54 877 1
42 55 361 19
42 56 947 251
42 57 9 87
42 58 74 79
42 59 549 103
42 60 896 195
42 61 1 316
43 52 608 249
43 53 967 282
43 54 604 286
43 55 347 265
43 56 785 155
43 57 466 82
43 58 862 58
43 59 81 65
43 60 820 168
43 61 362 14
44 52 757 259
44 53 620 340
44 54 592 341
44 55 568 139
44 56 211 290
44 57 99 171
44 58 563 292
44 59 479 218
44 60 125 186
44 61 300 304
45 52 431 70
45 53 738 295
45 54 268 290
45 55 521 89
45 56 667 128
45 57 867 254
45 58 800 31
45 59 188 310
45 60 337 119
45 61 919 130
46 52 861 77
46 53 625 141
46 54 290 330
46 55 545 315
46 56 614 286
46 57 139 279
46 58 424 147
46 59 59 246
46 60 848 53
46 61 756 102
47 52 293 75
47 53 184 166
47 54 953 347
47 55 330 105
47 56 1000 342
47 57 960 279
47 58 146 7
47 59 494 137
47 60 477 237
47 61 620 280
48 52 556 169
48 53 575 303
48 54 374 247
48 55 662 282
48 56 983 296
48 57 407 251
48 58 830 300
48 59 972 94
48 60 264 165
48 61 977 120
49 52 634 74
49 53 101 40
49 54 421 55
49 55 385 242
49 56 887 275
49 57 825 8
49 58 23 200
49 59 399 29
49 60 889 135
49 61 985 79
50 52 410 5
50 53 245 333
50 54 955 164
50 55 143 285
50 56 919 321
50 57 974 41
50 58 968 9
50 59 382 97
50 60 229 112
50 61 32 42
51 52 264 210
51 53 79 152
51 54 710 60
51 55 803 91
51 56 615 50
51 57 214 51
51 58 288 322
51 59 545 134
51 60 205 44
51 61 814 260
52 62 599 32
52 63 20 332
52 64 183 98
52 65 722 307
52 66 123 348
52 67 618 344
52 68 569 47
52 69 900 195
52 70 7 153
52 71 326 340
53 62 557 184
53 63 95 133
53 64 469 128
53 65 144 228
53 66 137 161
53 67 736 198
53 68 439 195
53 69 965 299
53 70 554 255
53 71 773 109
54 62 443 302
54 63 983 106
54 64 917 115
54 65 674 226
54 66 948 139
54 67 303 281
54 68 522 33
54 69 193 305
54 70 266 69
54 71 187 79
55 62 249 13
55 63 739 286
55 64 718 79
55 65 240 206
55 66 119 19
55 67 634 168
55 68 762 268
55 69 887 270
55 70 127 273
55 71 928 6
56 62 146 154
56 63 408 108
56 64 559 220
56 65 820 347
56 66 999 230
56 67 413 38
56 68 357 182
56 69 654 36
56 70 506 156
56 71 962 290
57 62 978 62
57 63 668 311
57 64 816 23
57 65 986 142
57 66 717 206
57 67 495 13
57 68 826 187
57 69 172 17
57 70 883 8
57 71 47 115
58 62 554 102
58 63 926 291
58 64 469 233
58 65 421 206
58 66 539 191
58 67 685 136
58 68 75 17
58 69 554 326
58 70 667 34
58 71 38 110
59 62 878 351
59 63 933 156
59 64 804 313
59 65 791 26
59 66 534 354
59 67 707 338
59 68 207 61
59 69 488 31
59 70 629 163
59 71 601 45
60 62 332 271
60 63 179 325
60 64 137 201
60 65 364 322
60 66 657 316
60 67 868 268
60 68 653 153
60 69 397 103
60 70 617 144
60 71 459 261
61 62 299 92
61 63 748 323
61 64 594 171
61 65 771 299
61 66 905 92
61 67 294 221
61 68 323 332
61 69 173 189
61 70 172 182
61 71 395 336
62 72 642 284
62 73 138 328
62 74 398 336
62 75 295 267
62 76 600 202
62 77 966 37
62 78 194 135
62 79 308 280
62 80 746 337
62 81 39 194
63 72 985 210
63 73 408 13
63 74 803 16
63 75 477 75
63 76 322 136
63 77 754 306
63 78 589 107
63 79 907 130
63 80 866 195
63 81 227 27
64 72 751 299
64 73 149 188
64 74 811 32
64 75 405 103
64 76 224 300
64 77 1 68
64 78 532 185
64 79 977 28
64 80 658 116
64 81 142 55
65 72 566 157
65 73 523 43
65 74 834 264
65 75 407 274
65 76 343 247
65 77 743 100
65 78 262 86
65 79 259 323
65 80 185 193
65 81 932 121
66 72 421 274
66 73 718 99
66 74 974 237
66 75 207 243
66 76 528 338
66 77 362 85
66 78 645 320
66 79 435 344
66 80 504 21
66 81 730 104
67 72 835 298
67 73 806 166
67 74 113 267
67 75 276 290
67 76 428 93
67 77 361 16
67 78 295 111
67 79 803 3
67 80 450 28
67 81 892 137
68 72 732 90
68 73 481 200
68 74 966 36
68 75 853 119
68 76 86 241
68 77 875 167
68 78 138 282
68 79 729 190
68 80 759 213
68 81 275 317
69 72 155 176
69 73 470 344
69 74 201 133
69 75 644 329
69 76 151 355
69 77 974 281
69 78 402 234
69 79 268 343
69 80 644 265
69 81 641 98
70 72 44 308
70 73 593 6
70 74 621 350
70 75 464 188
70 76 896 220
70 77 651 247
70 78 712 32
70 79 519 339
70 80 145 31
70 81 793 173
71 72 532 39
71 73 475 202
71 74 390 144
71 75 454 136
71 76 278 292
71 77 664 235
71 78 434 133
71 79 376 10
71 80 288 189
71 81 932 305
72 82 18 29
72 83 172 207
72 84 7 66
72 85 110 10
72 86 403 186
72 87 704 116
72 88 516 237
72 89 169 182
72 90 755 248
72 91 951 143
73 82 975 9
73 83 701 147
73 84 792 339
73 85 710 115
73 86 683 284
73 87 871 206
73 88 437 63
73 89 249 144
73 90 440 187
73 91 544 335
74 82 595 301
74 83 147 182
74 84 768 237
74 85 843 208
74 86 594 69
74 87 340 160
74 88 927 96
74 89 267 181
74 90 668 343
74 91 490 34
75 82 235 352
75 83 135 307
75 84 622 60
75 85 954 34
75 86 421 69
75 87 859 252
75 88 563 328
75 89 124 182
75 90 807 145
75 91 627 126
76 82 511 47
76 83 213 223
76 84 1 221
76 85 654 218
76 86 478 129
76 87 968 7
76 88 455 343
76 89 664 46
76 90 834 8
76 91 721 212
77 82 724 124
77 83 476 277
77 84 323 1
77 85 346 39
77 86 165 10
77 87 626 117
77 88 382 59
77 89 243 56
77 90 246 80
77 91 461 95
78 82 209 237
78 83 82 257
78 84 681 164
78 85 423 342
78 86 227 292
78 87 57 153
78 88 35 128
78 89 514 273
78 90 725 288
78 91 734 264
79 82 448 52
79 83 842 38
79 84 688 346
79 85 561 115
79 86 236 233
79 87 770 264
79 88 731 180
79 89 789 109
79 90 719 172
79 91 771 265
80 82 939 197
80 83 284 114
80 84 785 266
80 85 322 181
80 86 352 138
80 87 272 205
80 88 658 27
80 89 232 166
80 90 748 295
80 91 778 295
81 82 29 271
81 83 324 284
81 84 359 337
81 85 544 143
81 86 920 158
81 87 652 151
81 88 13 25
81 89 382 31
81 90 700 142
81 91 973 263
82 92 715 268
82 93 212 218
82 94 602 143
82 95 648 49
82 96 565 330
82 97 28 10
82 98 883 244
82 99 577 165
82 100 39 183
82 101 352 83
83 92 70 251
83 93 768 215
83 94 194 218
83 95 664 335
83 96 200 132
83 97 806 312
83 98 58 169
83 99 649 237
83 100 80 264
83 101 131 158
84 92 221 262
84 93 167 54
84 94 660 183
84 95 242 146
84 96 656 109
84 97 42 158
84 98 481 279
84 99 887 289
84 100 519 282
84 101 907 230
85 92 59 245
85 93 319 24
85 94 35 317
85 95 330 95
85 96 406 180
85 97 464 211
85 98 554 25
85 99 514 96
85 100 512 251
85 101 816 1
86 92 753 324
86 93 30 239
86 94 346 196
86 95 180 298
86 96 441 115
86 97 843 55
86 98 537 229
86 99 420 186
86 100 898 222
86 101 360 23
87 92 144 81
87 93 89 165
87 94 239 225
87 95 921 334
87 96 720 226
87 97 759 296
87 98 300 274
87 99 797 61
87 100 775 91
87 101 268 261
88 92 7 77
88 93 694 255
88 94 838 312
88 95 917 111
88 96 576 336
88 97 586 152
88 98 142 297
88 99 628 148
88 100 582 229
88 101 874 337
89 92 305 309
89 93 473 29
89 94 580 192
89 95 726 162
89 96 602 314
89 97 638 75
89 98 280 174
89 99 985 271
89 100 462 328
89 101 255 69
90 92 527 271
90 93 149 144
90 94 172 355
90 95 974 268
90 96 186 221
90 97 442 185
90 98 686 292
90 99 395 269
90 100 842 311
90 101 670 70
91 92 179 322
91 93 638 238
91 94 49 345
91 95 856 218
91 96 386 340
91 97 282 315
91 98 979 68
91 99 520 123
91 100 499 194
91 101 758 161
92 102 241 269
92 103 536 266
92 104 724 336
92 105 843 230
92 106 134 319
92 107 259 277
92 108 460 93
92 109 580 282
92 110 766 167
92 111 409 143
93 102 785 59
93 103 93 200
93 104 546 260
93 105 331 249
93 106 514 170
93 107 827 57
93 108 194 148
93 109 594 300
93 110 612 293
93 111 455 19
94 102 298 151
94 103 782 71
94 104 461 158
94 105 76 125
94 106 16 251
94 107 477 161
94 108 987 310
94 109 991 339
94 110 273 158
94 111 989 252
95 102 380 164
95 103 535 9
95 104 993 204
95 105 764 48
95 106 922 51
95 107 297 346
95 108 620 140
95 109 725 69
95 110 16 309
95 111 922 71
96 102 614 38
96 103 490 68
96 104 177 102
96 105 238 210
96 106 182 117
96 107 7 178
96 108 461 280
96 109 555 37
96 110 232 112
96 111 567 14
97 102 479 175
97 103 660 286
97 104 420 251
97 105 557 117
97 106 899 159
97 107 787 147
97 108 727 331
97 109 821 278
97 110 984 5
97 111 15 305
98 102 517 331
98 103 895 39
98 104 240 50
98 105 232 264
98 106 422 337
98 107 778 81
98 108 226 179
98 109 749 279
98 110 723 152
98 111 191 89
99 102 7 7
99 103 472 95
99 104 83 61
99 105 543 200
99 106 966 355
99 107 124 146
99 108 395 317
99 109 305 102
99 110 455 211
99 111 893 213
100 102 609 192
100 103 606 165
100 104 29 353
100 105 416 188
100 106 600 144
100 107 922 269
100 108 254 27
100 109 499 179
100 110 866 129
100 111 635 142
101 102 357 259
101 103 453 180
101 104 633 287
101 105 975 268
101 106 164 25
101 107 936 142
101 108 375 248
101 109 592 204
101 110 38 113
101 111 356 113
102 112 48 297
102 113 634 186
102 114 608 285
102 115 806 110
102 116 46 262
102 117 480 153
102 118 593 100
102 119 212 254
102 120 20 20
102 121 548 172
103 112 675 8
103 113 575 155
103 114 44 34
103 115 847 306
103 116 358 186
103 117 823 250
103 118 362 143
103 119 654 151
103 120 109 74
103 121 361 341
104 112 696 266
104 113 227 344
104 114 909 81
104 115 742 324
104 116 907 3
104 117 266 1
104 118 630 352
104 119 71 349
104 120 990 195
104 121 949 132
105 112 449 19
105 113 378 135
105 114 636 4
105 115 209 79
105 116 486 211
105 117 333 62
105 118 693 236
105 119 402 54
105 120 409 156
105 121 297 283
106 112 270 42
106 113 932 80
106 114 820 26
106 115 882 176
106 116 309 355
106 117 553 146
106 118 430 65
106 119 501 218
106 120 813 29
106 121 335 293
107 112 39 141
107 113 231 272
107 114 110 258
107 115 162 338
107 116 112 47
107 117 12 228
107 118 893 1
107 119 518 80
107 120 517 12
107 121 107 281
108 112 437 336
108 113 651 314
108 114 458 298
108 115 461 177
108 116 738 11
108 117 802 182
108 118 163 310
108 119 887 239
108 120 232 334
108 121 281 242
109 112 560 77
109 113 926 242
109 114 417 339
109 115 219 169
109 116 555 115
109 117 904 249
109 118 807 270
109 119 262 171
109 120 503 43
109 121 936 352
110 112 100 82
110 113 187 292
110 114 148 144
110 115 855 302
110 116 866 322
110 117 385 199
110 118 784 280
110 119 113 217
110 120 536 151
110 121 846 252
111 112 904 215
111 113 863 50
111 114 291 295
111 115 921 149
111 116 874 111
111 117 741 52
111 118 417 89
111 119 505 347
111 120 110 271
111 121 593 43
112 122 573 259
112 123 566 199
112 124 718 285
112 125 184 218
112 126 736 335
112 127 326 311
112 128 734 93
112 129 817 238
112 130 78 214
112 131 759 355
113 122 62 211
113 123 775 30
113 124 202 12
113 125 34 85
113 126 913 106
113 127 922 130
113 128 104 65
113 129 274 273
113 130 340 159
113 131 36 79
114 122 551 35
114 123 739 200
114 124 513 185
114 125 818 136
114 126 804 133
114 127 839 111
114 128 227 72
114 129 618 150
114 130 421 288
114 131 440 108
115 122 518 203
115 123 323 255
115 124 741 203
115 125 786 41
115 126 598 142
115 127 754 135
115 128 125 274
115 129 622 291
115 130 355 194
115 131 996 198
116 122 739 72
116 123 916 210
116 124 644 136
116 125 793 273
116 126 741 86
116 127 38 110
116 128 511 350
116 129 815 126
116 130 145 176
116 131 166 252
117 122 375 274
117 123 985 96
117 124 94 324
117 125 54 13
117 126 453 94
117 127 832 149
117 128 182 187
117 129 660 354
117 130 883 347
117 131 449 71
118 122 122 6
118 123 244 340
118 124 880 237
118 125 877 207
118 126 878 338
118 127 898 140
118 128 57 114
118 129 643 41
118 130 337 301
118 131 324 340
119 122 237 152
119 123 148 212
119 124 486 234
119 125 12 80
119 126 804 97
119 127 168 313
119 128 823 350
119 129 322 350
119 130 435 285
119 131 432 151
120 122 940 134
120 123 168 59
120 124 929 136
120 125 254 299
120 126 911 258
120 127 837 289
120 128 416 286
120 129 777 126
120 130 42 284
120 131 664 239
121 122 300 68
121 123 895 109
121 124 307 143
121 125 557 146
121 126 682 206
121 127 277 107
121 128 48 320
121 129 991 142
121 130 418 129
121 131 902 246
122 132 239 33
122 133 503 54
122 134 445 312
122 135 766 21
122 136 398 104
122 137 581 267
122 138 104 209
122 139 216 324
122 140 464 305
122 141 185 326
123 132 493 351
123 133 479 32
123 134 22 27
123 135 627 38
123 136 147 303
123 137 143 340
123 138 42 55
123 139 946 295
123 140 793 98
123 141 113 88
124 132 108 16
124 133 115 8
124 134 893 259
124 135 529 116
124 136 569 92
124 137 675 40
124 138 158 72
124 139 389 290
124 140 585 223
124 141 588 11
125 132 124 336
125 133 431 102
125 134 763 97
125 135 133 64
125 136 999 87
125 137 204 67
125 138 952 299
125 139 477 2
125 140 100 91
125 141 441 112
126 132 833 233
126 133 456 208
126 134 177 154
126 135 137 114
126 136 987 162
126 137 541 313
126 138 832 129
126 139 923 90
126 140 472 281
126 141 223 234
127 132 276 159
127 133 587 305
127 134 420 167
127 135 688 313
127 136 427 88
127 137 99 105
127 138 540 136
127 139 419 74
127 140 864 201
127 141 531 277
128 132 629 229
128 133 546 232
128 134 56 49
128 135 502 107
128 136 109 229
128 137 320 65
128 138 82 209
128 139 94 79
128 140 570 146
128 141 73 18
129 132 837 170
129 133 559 355
129 134 723 67
129 135 878 91
129 136 81 293
129 137 366 48
129 138 907 270
129 139 445 207
129 140 567 274
129 141 280 155
130 132 721 208
130 133 869 43
130 134 560 122
130 135 124 61
130 136 724 138
130 137 96 86
130 138 61 182
130 139 708 89
130 140 770 298
130 141 721 138
131 132 331 139
131 133 173 124
131 134 217 343
131 135 98 198
131 136 264 244
131 137 834 84
131 138 67 141
131 139 61 352
131 140 884 142
131 141 613 165
132 142 118 19
132 143 452 326
132 144 123 352
132 145 830 138
132 146 72 95
132 147 760 124
132 148 330 345
132 149 715 43
132 150 213 84
132 151 977 43
133 142 556 304
133 143 688 126
133 144 625 355
133 145 884 221
133 146 802 339
133 147 800 268
133 148 967 226
133 149 411 272
133 150 505 222
133 151 221 15
134 142 729 227
134 143 974 9
134 144 265 88
134 145 675 274
134 146 345 169
134 147 883 94
134 148 127 60
134 149 999 17
134 150 740 99
134 151 890 38
135 142 394 22
135 143 816 341
135 144 276 242
135 145 348 123
135 146 146 308
135 147 54 291
135 148 930 193
135 149 175 63
135 150 993 261
135 151 231 9
136 142 472 355
136 143 345 318
136 144 683 107
136 145 914 311
136 146 581 50
136 147 892 289
136 148 873 4
136 149 620 328
136 150 956 317
136 151 579 11
137 142 505 241
137 143 904 34
137 144 775 268
137 145 106 106
137 146 484 94
137 147 966 279
137 148 268 241
137 149 154 23
137 150 442 107
137 151 982 310
138 142 583 67
138 143 649 258
138 144 153 183
138 145 678 131
138 146 109 7
138 147 648 66
138 148 569 309
138 149 3 278
138 150 859 279
138 151 722 82
139 142 308 230
139 143 56 93
139 144 915 99
139 145 431 281
139 146 199 351
139 147 485 348
139 148 825 153
139 149 22 314
139 150 282 83
139 151 68 256
140 142 69 246
140 143 958 172
140 144 891 178
140 145 196 80
140 146 153 276
140 147 97 172
140 148 981 317
140 149 184 183
140 150 640 37
140 151 321 172
141 142 548 249
141 143 424 137
141 144 391 60
141 145 919 106
141 146 315 337
141 147 356 198
141 148 441 123
141 149 956 39
141 150 891 48
141 151 752 290
142 152 425 76
143 152 98 129
144 152 10 2
145 152 159 136
146 152 29 147
147 152 264 74
148 152 528 110
149 152 813 60
150 152 425 184
151 152 344 285
