152 1420 1 152 7 355
1 2 779 14
1 3 254 263
1 4 541 228
1 5 235 99
1 6 761 21
1 7 532 226
1 8 919 332
1 9 686 323
1 10 866 178
1 11 361 32
2 12 666 223
2 13 904 193
2 14 664 198
2 15 338 194
2 16 970 34
2 17 837 130
2 18 505 71
2 19 143 71
2 20 18 226
2 21 952 148
3 12 479 169
3 13 724 78
3 14 774 172
3 15 204 14
3 16 701 196
3 17 166 60
3 18 616 123
3 19 974 166
3 20 914 187
3 21 558 92
4 12 329 171
4 13 228 286
4 14 298 201
4 15 167 21
4 16 939 258
4 17 495 223
4 18 570 147
4 19 979 291
4 20 73 205
4 21 408 206
5 12 918 95
5 13 222 205
5 14 426 258
5 15 53 187
5 16 883 78
5 17 412 253
5 18 736 158
5 19 365 271
5 20 877 280
5 21 809 171
6 12 711 226
6 13 820 153
6 14 822 208
6 15 468 226
6 16 329 143
6 17 901 104
6 18 917 65
6 19 335 325
6 20 936 183
6 21 27 271
7 12 393 253
7 13 264 29
7 14 597 296
7 15 705 292
7 16 181 280
7 17 711 261
7 18 907 144
7 19 729 97
7 20 494 135
7 21 967 109
8 12 672 236
8 13 217 201
8 14 245 158
8 15 645 44
8 16 867 167
8 17 862 161
8 18 143 22
8 19 155 11
8 20 177 9
8 21 519 286
9 12 204 102
9 13 791 85
9 14 580 12
9 15 69 54
9 16 149 95
9 17 256 185
9 18 57 262
9 19 245 95
9 20 374 18
9 21 341 212
10 12 342 62
10 13 429 333
10 14 393 293
10 15 768 298
10 16 789 4
10 17 765 255
10 18 570 18
10 19 935 62
10 20 618 188
10 21 954 96
11 12 842 255
11 13 928 200
11 14 675 134
11 15 736 93
11 16 921 236
11 17 312 90
11 18 998 274
11 19 178 11
11 20 400 225
11 21 553 308
12 22 742 42
12 23 670 6
12 24 594 2
12 25 594 24
12 26 615 267
12 27 963 276
12 28 510 264
12 29 715 43
12 30 207 131
12 31 329 178
13 22 356 179
13 23 717 241
13 24 856 221
13 25 280 142
13 26 145 138
13 27 3 251
13 28 268 258
13 29 794 142
13 30 395 271
13 31 807 294
14 22 115 20
14 23 802 257
14 24 213 176
14 25 286 167
14 26 486 265
14 27 137 104
14 28 873 20
14 29 296 144
14 30 932 146
14 31 763 6
15 22 750 27
15 23 757 156
15 24 848 258
15 25 170 140
15 26 711 5
15 27 483 146
15 28 860 46
15 29 593 288
15 30 228 18
15 31 284 43
16 22 446 224
16 23 317 61
16 24 729 164
16 25 588 200
16 26 804 107
16 27 443 309
16 28 46 37
16 29 213 68
16 30 911 169
16 31 994 79
17 22 37 99
17 23 655 316
17 24 993 245
17 25 326 64
17 26 931 84
17 27 964 129
17 28 712 239
17 29 94 60
17 30 809 51
17 31 81 52
18 22 767 125
18 23 791 26
18 24 896 182
18 25 334 108
18 26 749 257
18 27 103 15
18 28 975 131
18 29 994 115
18 30 733 134
18 31 773 347
19 22 925 90
19 23 35 265
19 24 873 218
19 25 538 297
19 26 161 84
19 27 800 130
19 28 797 4
19 29 417 320
19 30 920 232
19 31 273 323
20 22 245 237
20 23 695 175
20 24 699 220
20 25 726 129
20 26 529 210
20 27 377 114
20 28 53 279
20 29 387 4
20 30 320 265
20 31 488 251
21 22 73 267
21 23 48 7
21 24 923 173
21 25 443 4
21 26 862 300
21 27 558 195
21 28 123 67
21 29 120 6
21 30 303 267
21 31 724 70
22 32 231 167
22 33 531 27
22 34 220 50
22 35 928 115
22 36 946 2
22 37 741 259
22 38 676 298
22 39 251 243
22 40 626 112
22 41 680 5
23 32 986 28
23 33 719 187
23 34 618 30
23 35 342 64
23 36 101 179
23 37 911 6
23 38 735 118
23 39 738 236
23 40 926 138
23 41 261 34
24 32 206 38
24 33 904 187
24 34 862 90
24 35 520 223
24 36 902 345
24 37 283 261
24 38 105 85
24 39 74 144
24 40 334 200
24 41 11 121
25 32 597 144
25 33 538 44
25 34 46 259
25 35 163 76
25 36 375 235
25 37 733 70
25 38 416 133
25 39 708 338
25 40 424 79
25 41 26 240
26 32 109 238
26 33 982 106
26 34 581 55
26 35 123 10
26 36 592 40
26 37 22 100
26 38 249 117
26 39 429 292
26 40 487 182
26 41 816 113
27 32 216 120
27 33 957 48
27 34 444 195
27 35 600 325
27 36 686 46
27 37 577 216
27 38 693 154
27 39 515 224
27 40 526 94
27 41 234 2
28 32 265 28
28 33 287 318
28 34 855 185
28 35 583 290
28 36 539 231
28 37 550 12
28 38 357 300
28 39 187 275
28 40 456 181
28 41 229 221
29 32 97 234
29 33 576 63
29 34 490 123
29 35 77 3
29 36 472 321
29 37 266 245
29 38 35 326
29 39 800 39
29 40 608 13
29 41 824 323
30 32 370 217
30 33 915 86
30 34 332 198
30 35 990 161
30 36 697 186
30 37 806 142
30 38 918 23
30 39 419 344
30 40 222 324
30 41 632 106
31 32 137 331
31 33 350 242
31 34 547 38
31 35 486 64
31 36 789 129
31 37 727 277
31 38 120 252
31 39 492 312
31 40 462 172
31 41 158 74
32 42 854 212
32 43 220 345
32 44 420 48
32 45 328 293
32 46 143 239
32 47 61 223
32 48 981 99
32 49 832 213
32 50 855 274
32 51 358 193
33 42 598 97
33 43 726 71
33 44 131 180
33 45 57 150
33 46 913 287
33 47 863 329
33 48 495 217
33 49 821 337
33 50 154 104
33 51 87 245
34 42 583 345
34 43 462 33
34 44 364 69
34 45 627 33
34 46 418 213
34 47 198 199
34 48 653 333
34 49 848 234
34 50 625 181
34 51 396 265
35 42 795 196
35 43 69 106
35 44 663 289
35 45 440 25
35 46 553 76
35 47 608 88
35 48 970 201
35 49 726 301
35 50 353 63
35 51 859 14
36 42 887 15
36 43 342 226
36 44 909 264
36 45 270 308
36 46 152 22
36 47 759 63
36 48 982 54
36 49 391 77
36 50 268 167
36 51 341 265
37 42 304 100
37 43 652 344
37 44 212 156
37 45 78 233
37 46 278 87
37 47 157 182
37 48 674 278
37 49 518 48
37 50 213 291
37 51 266 116
38 42 976 336
38 43 257 110
38 44 672 250
38 45 853 296
38 46 404 223
38 47 891 275
38 48 846 342
38 49 605 20
38 50 142 137
38 51 484 275
39 42 463 235
39 43 563 128
39 44 879 287
39 45 513 340
39 46 915 171
39 47 921 350
39 48 104 38
39 49 302 140
39 50 369 275
39 51 109 212
40 42 720 317
40 43 838 296
40 44 917 32
40 45 861 220
40 46 341 232
40 47 329 244
40 48 827 14
40 49 138 134
40 50 658 169
40 51 430 237
41 42 129 48
41 43 895 241
41 44 47 315
41 45 260 210
41 46 211 311
41 47 933 36
41 48 333 127
41 49 216 350
41 50 86 342
41 51 370 70
42 52 429 267
42 53 218 246
42 54 724 174
42 55 236 288
42 56 449 116
42 57 465 277
42 58 738 303
42 59 816 22
42 60 764 9
42 61 377 19
43 52 960 160
43 53 52 79
43 54 383 304
43 55 69 125
43 56 829 108
43 57 817 155
43 58 736 128
43 59 335 158
43 60 922 312
43 61 883 9
44 52 23 180
44 53 872 223
44 54 791 324
44 55 696 239
44 56 379 177
44 57 857 241
44 58 969 224
44 59 695 96
44 60 776 72
44 61 710 301
45 52 75 333
45 53 122 35
45 54 988 201
45 55 327 121
45 56 292 129
45 57 446 217
45 58 435 119
45 59 800 278
45 60 299 2
45 61 368 330
46 52 854 55
46 53 533 177
46 54 469 166
46 55 853 203
46 56 757 124
46 57 177 129
46 58 231 326
46 59 962 113
46 60 605 98
46 61 636 133
47 52 433 97
47 53 801 60
47 54 873 76
47 55 295 258
47 56 809 256
47 57 9 213
47 58 247 51
47 59 377 334
47 60 116 346
47 61 712 232
48 52 62 39
48 53 963 189
48 54 199 39
48 55 830 58
48 56 413 349
48 57 689 323
48 58 428 69
48 59 252 15
48 60 769 240
48 61 129 325
49 52 302 316
49 53 8 153
49 54 46 316
49 55 423 289
49 56 551 45
49 57 214 291
49 58 870 216
49 59 519 31
49 60 35 181
49 61 489 49
50 52 340 243
50 53 882 34
50 54 681 120
50 55 368 265
50 56 634 67
50 57 703 335
50 58 738 5
50 59 584 63
50 60 449 192
50 61 446 159
51 52 589 327
51 53 341 314
51 54 520 65
51 55 850 186
51 56 51 247
51 57 339 29
51 58 437 3
51 59 100 278
51 60 500 129
51 61 554 315
52 62 777 114
52 63 261 33
52 64 219 174
52 65 594 200
52 66 683 235
52 67 563 209
52 68 965 266
52 69 289 61
52 70 361 109
52 71 701 253
53 62 735 266
53 63 129 10
53 64 829 265
53 65 239 76
53 66 116 76
53 67 721 193
53 68 953 31
53 69 263 46
53 70 772 68
53 71 902 161
54 62 415 332
54 63 706 232
54 64 72 121
54 65 78 300
54 66 360 221
54 67 908 192
54 68 573 202
54 69 689 36
54 70 143 258
54 71 993 331
55 62 761 253
55 63 529 28
55 64 525 81
55 65 749 343
55 66 838 290
55 67 81 185
55 68 673 187
55 69 178 64
55 70 732 209
55 71 655 181
56 62 675 188
56 63 407 97
56 64 489 240
56 65 83 13
56 66 56 46
56 67 108 15
56 68 478 106
56 69 85 263
56 70 722 192
56 71 3 193
57 62 42 63
57 63 549 89
57 64 158 81
57 65 934 328
57 66 817 215
57 67 264 220
57 68 430 75
57 69 802 89
57 70 76 230
57 71 582 113
58 62 251 333
58 63 330 206
58 64 54 347
58 65 339 249
58 66 747 1
58 67 291 103
58 68 185 82
58 69 973 90
58 70 382 122
58 71 810 31
59 62 257 17
59 63 500 212
59 64 94 247
59 65 720 7
59 66 222 45
59 67 734 342
59 68 463 22
59 69 159 53
59 70 699 308
59 71 955 182
60 62 887 305
60 63 350 105
60 64 379 78
60 65 803 73
60 66 714 286
60 67 500 208
60 68 593 101
60 69 51 67
60 70 940 66
60 71 297 130
61 62 460 230
61 63 43 309
61 64 49 290
61 65 809 25
61 66 134 281
61 67 33 260
61 68 499 94
61 69 656 22
61 70 554 200
61 71 453 20
62 72 304 326
62 73 72 70
62 74 451 325
62 75 22 27
62 76 122 167
62 77 715 348
62 78 981 88
62 79 179 187
62 80 620 256
62 81 347 220
63 72 963 132
63 73 612 303
63 74 152 257
63 75 770 319
63 76 937 163
63 77 245 129
63 78 276 345
63 79 670 145
63 80 206 327
63 81 137 8
64 72 125 300
64 73 861 166
64 74 81 255
64 75 492 255
64 76 461 169
64 77 852 98
64 78 553 71
64 79 433 127
64 80 96 119
64 81 155 83
65 72 68 104
65 73 388 20
65 74 32 191
65 75 92 331
65 76 994 105
65 77 946 36
65 78 905 31
65 79 371 271
65 80 698 178
65 81 501 308
66 72 520 264
66 73 507 152
66 74 665 348
66 75 882 74
66 76 434 355
66 77 794 183
66 78 141 161
66 79 914 239
66 80 830 179
66 81 60 33
67 72 663 296
67 73 659 277
67 74 94 271
67 75 548 225
67 76 853 294
67 77 707 49
67 78 796 253
67 79 194 15
67 80 16 251
67 81 891 144
68 72 111 171
68 73 899 303
68 74 341 146
68 75 698 19
68 76 664 229
68 77 951 278
68 78 709 206
68 79 84 220
68 80 418 41
68 81 543 334
69 72 260 256
69 73 871 44
69 74 598 56
69 75 818 155
69 76 90 313
69 77 950 97
69 78 952 126
69 79 713 227
69 80 422 349
69 81 41 9
70 72 814 282
70 73 732 334
70 74 764 199
70 75 167 6
70 76 970 157
70 77 544 41
70 78 762 78
70 79 661 271
70 80 335 243
70 81 499 227
71 72 754 19
71 73 376 169
71 74 447 9
71 75 374 309
71 76 574 302
71 77 563 19
71 78 638 42
71 79 459 80
71 80 603 294
71 81 561 123
72 82 584 320
72 83 36 277
72 84 850 247
72 85 44 209
72 86 503 41
72 87 425 130
72 88 247 124
72 89 966 99
72 90 347 347
72 91 15 14
73 82 850 35
73 83 355 241
73 84 785 241
73 85 292 267
73 86 31 55
73 87 483 18
73 88 615 205
73 89 874 27
73 90 688 217
73 91 840 202
74 82 728 304
74 83 134 50
74 84 881 64
74 85 612 166
74 86 483 178
74 87 543 310
74 88 121 41
74 89 800 31
74 90 548 172
74 91 246 326
75 82 710 254
75 83 513 295
75 84 107 59
75 85 948 31
75 86 541 128
75 87 365 274
75 88 864 229
75 89 514 106
75 90 260 70
75 91 3 47
76 82 784 178
76 83 431 92
76 84 39 126
76 85 649 327
76 86 786 12
76 87 769 34
76 88 527 288
76 89 525 197
76 90 138 252
76 91 152 32
77 82 861 350
77 83 609 52
77 84 492 217
77 85 618 92
77 86 979 13
77 87 119 326
77 88 600 179
77 89 19 33
77 90 664 26
77 91 346 64
78 82 797 243
78 83 576 216
78 84 475 132
78 85 564 136
78 86 583 2
78 87 800 131
78 88 813 16
78 89 648 160
78 90 318 152
78 91 452 212
79 82 945 203
79 83 73 5
79 84 346 19
79 85 690 125
79 86 604 241
79 87 694 117
79 88 964 196
79 89 425 61
79 90 728 297
79 91 416 149
80 82 661 352
80 83 10 6
80 84 396 18
80 85 505 189
80 86 146 274
80 87 508 263
80 88 44 217
80 89 712 87
80 90 761 262
80 91 540 244
81 82 898 307
81 83 741 154
81 84 931 184
81 85 896 234
81 86 946 193
81 87 213 83
81 88 862 141
81 89 489 137
81 90 176 309
81 91 274 254
82 92 692 126
82 93 484 242
82 94 700 73
82 95 59 47
82 96 86 69
82 97 891 108
82 98 14 79
82 99 570 228
82 100 689 320
82 101 548 57
83 92 747 189
83 93 334 284
83 94 637 133
83 95 425 193
83 96 301 255
83 97 51 243
83 98 746 307
83 99 427 253
83 100 675 227
83 101 931 123
84 92 169 193
84 93 951 287
84 94 154 256
84 95 1000 201
84 96 362 132
84 97 996 255
84 98 851 75
84 99 134 351
84 100 54 262
84 101 125 334
85 92 909 161
85 93 561 102
85 94 84 273
85 95 491 86
85 96 14 50
85 97 789 179
85 98 989 310
85 99 113 210
85 100 925 331
85 101 401 313
86 92 191 348
86 93 521 48
86 94 668 31
86 95 295 243
86 96 152 63
86 97 6 216
86 98 178 28
86 99 841 117
86 100 745 250
86 101 291 348
87 92 155 103
87 93 159 22
87 94 753 131
87 95 165 302
87 96 272 304
87 97 797 14
87 98 858 143
87 99 113 265
87 100 778 331
87 101 529 314
88 92 337 306
88 93 389 42
88 94 284 165
88 95 28 110
88 96 174 91
88 97 920 291
88 98 111 286
88 99 868 18
88 100 856 117
88 101 726 295
89 92 484 74
89 93 430 218
89 94 216 263
89 95 59 110
89 96 766 179
89 97 921 68
89 98 588 271
89 99 791 245
89 100 980 106
89 101 9 113
90 92 181 317
90 93 639 191
90 94 653 204
90 95 797 235
90 96 196 255
90 97 640 188
90 98 274 312
90 99 311 193
90 100 106 8
90 101 315 340
91 92 666 155
91 93 946 80
91 94 27 266
91 95 41 22
91 96 117 41
91 97 229 66
91 98 533 168
91 99 674 230
91 100 349 352
91 101 889 183
92 102 958 211
92 103 148 163
92 104 90 239
92 105 944 345
92 106 629 350
92 107 458 214
92 108 533 317
92 109 976 1
92 110 884 255
92 111 30 214
93 102 547 351
93 103 452 286
93 104 219 102
93 105 676 1
93 106 713 39
93 107 78 126
93 108 84 45
93 109 701 95
93 110 60 133
93 111 384 251
94 102 831 343
94 103 704 175
94 104 736 167
94 105 732 164
94 106 432 86
94 107 830 314
94 108 596 237
94 109 445 313
94 110 4 216
94 111 650 140
95 102 941 229
95 103 825 10
95 104 155 70
95 105 883 89
95 106 172 321
95 107 440 51
95 108 712 187
95 109 947 13
95 110 788 31
95 111 535 69
96 102 978 263
96 103 49 229
96 104 976 72
96 105 574 70
96 106 490 349
96 107 303 316
96 108 475 261
96 109 270 57
96 110 722 199
96 111 238 138
97 102 446 93
97 103 203 243
97 104 798 17
97 105 483 58
97 106 246 50
97 107 639 138
97 108 251 237
97 109 284 65
97 110 353 338
97 111 353 202
98 102 127 90
98 103 715 200
98 104 870 76
98 105 127 153
98 106 655 114
98 107 826 156
98 108 908 23
98 109 335 246
98 110 140 263
98 111 484 131
99 102 196 15
99 103 829 202
99 104 86 133
99 105 575 43
99 106 936 51
99 107 448 251
99 108 342 276
99 109 73 274
99 110 400 98
99 111 968 109
100 102 497 165
100 103 578 352
100 104 336 284
100 105 534 231
100 106 227 82
100 107 589 11
100 108 38 269
100 109 343 256
100 110 684 255
100 111 271 268
101 102 491 172
101 103 288 278
101 104 859 237
101 105 889 32
101 106 687 188
101 107 367 203
101 108 461 16
101 109 138 92
101 110 911 346
101 111 264 91
102 112 845 70
102 113 814 97
102 114 368 135
102 115 870 161
102 116 770 19
102 117 775 108
102 118 821 211
102 119 934 311
102 120 140 28
102 121 413 276
103 112 104 10
103 113 317 264
103 114 367 49
103 115 591 25
103 116 389 288
103 117 240 353
103 118 447 193
103 119 331 40
103 120 975 289
103 121 386 51
104 112 592 111
104 113 929 28
104 114 127 210
104 115 19 320
104 116 878 221
104 117 521 2
104 118 900 1
104 119 822 34
104 120 687 105
104 121 841 252
105 112 391 189
105 113 679 243
105 114 781 25
105 115 127 265
105 116 840 273
105 117 973 79
105 118 825 35
105 119 791 51
105 120 590 248
105 121 794 145
106 112 726 35
106 113 413 247
106 114 733 2
106 115 264 208
106 116 281 289
106 117 244 273
106 118 810 15
106 119 216 200
106 120 855 176
106 121 691 11
107 112 784 204
107 113 599 334
107 114 102 211
107 115 297 105
107 116 567 339
107 117 142 241
107 118 888 218
107 119 433 170
107 120 230 241
107 121 836 349
108 112 429 294
108 113 24 149
108 114 978 9
108 115 757 314
108 116 7 229
108 117 240 324
108 118 571 56
108 119 621 143
108 120 710 24
108 121 60 185
109 112 715 244
109 113 156 223
109 114 603 333
109 115 394 221
109 116 18 127
109 117 552 76
109 118 262 308
109 119 412 82
109 120 872 2
109 121 466 136
110 112 272 247
110 113 270 352
110 114 347 156
110 115 762 238
110 116 690 128
110 117 776 92
110 118 389 122
110 119 565 248
110 120 310 128
110 121 220 115
111 112 758 306
111 113 214 130
111 114 145 68
111 115 488 123
111 116 548 173
111 117 35 30
111 118 510 209
111 119 950 261
111 120 499 124
111 121 684 66
112 122 452 330
112 123 215 261
112 124 801 345
112 125 464 248
112 126 308 76
112 127 673 301
112 128 176 290
112 129 662 289
112 130 149 40
112 131 923 347
113 122 636 269
113 123 509 355
113 124 225 75
113 125 1000 170
113 126 822 267
113 127 352 34
113 128 630 197
113 129 571 288
113 130 713 250
113 131 267 58
114 122 78 103
114 123 918 171
114 124 80 136
114 125 472 158
114 126 462 87
114 127 634 134
114 128 99 236
114 129 267 202
114 130 137 185
114 131 693 73
115 122 58 57
115 123 915 194
115 124 816 185
115 125 266 239
115 126 615 256
115 127 347 142
115 128 810 101
115 129 57 304
115 130 539 114
115 131 726 308
116 122 105 145
116 123 710 340
116 124 74 221
116 125 999 151
116 126 740 160
116 127 386 74
116 128 805 42
116 129 254 178
116 130 578 97
116 131 226 152
117 122 470 259
117 123 206 131
117 124 29 297
117 125 354 347
117 126 363 312
117 127 226 159
117 128 410 5
117 129 636 314
117 130 687 232
117 131 499 149
118 122 928 38
118 123 901 258
118 124 155 144
118 125 355 54
118 126 223 137
118 127 962 95
118 128 65 154
118 129 543 268
118 130 204 245
118 131 5 91
119 122 344 113
119 123 826 186
119 124 241 174
119 125 609 352
119 126 383 155
119 127 332 77
119 128 514 236
119 129 771 260
119 130 853 179
119 131 841 188
120 122 899 220
120 123 729 250
120 124 485 308
120 125 590 301
120 126 749 284
120 127 523 269
120 128 366 17
120 129 145 110
120 130 840 139
120 131 592 48
121 122 522 355
121 123 761 299
121 124 688 119
121 125 675 2
121 126 71 212
121 127 792 204
121 128 534 203
121 129 48 53
121 130 577 261
121 131 752 176
122 132 958 333
122 133 860 146
122 134 162 319
122 135 95 135
122 136 650 304
122 137 791 64
122 138 578 294
122 139 577 354
122 140 204 228
122 141 579 297
123 132 754 215
123 133 386 231
123 134 908 109
123 135 704 323
123 136 71 133
123 137 951 273
123 138 500 234
123 139 428 142
123 140 167 153
123 141 143 151
124 132 800 326
124 133 255 286
124 134 990 52
124 135 937 276
124 136 828 40
124 137 815 265
124 138 108 353
124 139 879 153
124 140 283 26
124 141 86 185
125 132 837 113
125 133 32 71
125 134 142 340
125 135 232 81
125 136 118 209
125 137 972 186
125 138 507 176
125 139 644 346
125 140 117 345
125 141 610 159
126 132 671 72
126 133 240 27
126 134 872 218
126 135 668 88
126 136 362 1
126 137 433 339
126 138 441 29
126 139 271 318
126 140 299 77
126 141 78 317
127 132 546 213
127 133 122 27
127 134 988 138
127 135 809 217
127 136 124 69
127 137 317 353
127 138 801 269
127 139 666 347
127 140 789 203
127 141 721 53
128 132 790 295
128 133 203 160
128 134 79 176
128 135 995 274
128 136 563 163
128 137 629 343
128 138 657 17
128 139 65 53
128 140 666 85
128 141 12 48
129 132 518 55
129 133 900 59
129 134 935 177
129 135 457 137
129 136 847 60
129 137 680 197
129 138 533 163
129 139 777 86
129 140 992 313
129 141 766 311
130 132 958 8
130 133 780 280
130 134 288 275
130 135 236 74
130 136 512 304
130 137 920 350
130 138 462 121
130 139 710 202
130 140 908 79
130 141 322 86
131 132 406 64
131 133 719 14
131 134 165 317
131 135 65 306
131 136 265 328
131 137 130 207
131 138 648 77
131 139 46 45
131 140 697 137
131 141 19 239
132 142 871 58
132 143 413 168
132 144 446 80
132 145 333 291
132 146 307 72
132 147 981 160
132 148 771 23
132 149 451 3
132 150 808 280
132 151 833 243
133 142 63 210
133 143 501 6
133 144 945 77
133 145 920 111
133 146 906 287
133 147 307 101
133 148 432 163
133 149 166 296
133 150 909 63
133 151 913 248
134 142 58 162
134 143 852 328
134 144 476 211
134 145 192 186
134 146 243 170
134 147 540 300
134 148 976 284
134 149 171 339
134 150 938 269
134 151 71 2
135 142 288 310
135 143 481 60
135 144 827 83
135 145 727 84
135 146 165 157
135 147 61 228
135 148 731 232
135 149 126 18
135 150 396 33
135 151 782 165
136 142 942 227
136 143 618 204
136 144 181 244
136 145 934 194
136 146 940 1
136 147 521 209
136 148 728 185
136 149 940 348
136 150 86 166
136 151 810 38
137 142 551 169
137 143 204 120
137 144 731 45
137 145 321 120
137 146 484 143
137 147 923 46
137 148 827 46
137 149 197 108
137 150 674 193
137 151 165 141
138 142 297 201
138 143 525 134
138 144 390 152
138 145 869 39
138 146 649 95
138 147 993 101
138 148 207 59
138 149 717 302
138 150 214 320
138 151 134 299
139 142 293 341
139 143 133 320
139 144 855 14
139 145 785 220
139 146 777 126
139 147 826 48
139 148 128 88
139 149 228 344
139 150 750 117
139 151 167 334
140 142 174 175
140 143 486 349
140 144 116 274
140 145 904 184
140 146 466 40
140 147 726 54
140 148 329 78
140 149 92 170
140 150 424 201
140 151 908 245
141 142 17 115
141 143 86 248
141 144 807 318
141 145 377 34
141 146 864 57
141 147 468 264
141 148 13 290
141 149 962 310
141 150 298 272
141 151 390 38
142 152 233 219
143 152 814 266
144 152 227 331
145 152 176 297
146 152 66 1
147 152 313 268
148 152 42 31
149 152 203 266
150 152 602 244
151 152 601 144
