152 1420 1 152 7 355
1 2 491 298
1 3 883 41
1 4 33 218
1 5 804 258
1 6 848 337
1 7 430 146
1 8 131 131
1 9 300 64
1 10 173 120
1 11 90 124
2 12 645 332
2 13 230 12
2 14 757 248
2 15 258 312
2 16 752 224
2 17 273 153
2 18 120 10
2 19 531 91
2 20 962 170
2 21 386 158
3 12 143 60
3 13 28 42
3 14 342 243
3 15 852 237
3 16 318 319
3 17 874 203
3 18 545 70
3 19 374 164
3 20 66 89
3 21 419 187
4 12 535 210
4 13 317 71
4 14 384 303
4 15 283 113
4 16 18 256
4 17 731 144
4 18 500 334
4 19 40 202
4 20 723 353
4 21 181 341
5 12 930 135
5 13 428 198
5 14 755 42
5 15 63 245
5 16 833 351
5 17 205 42
5 18 982 318
5 19 598 237
5 20 447 262
5 21 2 169
6 12 739 24
6 13 982 121
6 14 491 326
6 15 397 21
6 16 320 215
6 17 767 64
6 18 445 139
6 19 778 213
6 20 617 215
6 21 124 204
7 12 861 103
7 13 448 49
7 14 602 39
7 15 742 186
7 16 482 81
7 17 71 320
7 18 303 229
7 19 450 49
7 20 298 156
7 21 142 114
8 12 254 115
8 13 660 181
8 14 969 141
8 15 620 82
8 16 108 347
8 17 612 285
8 18 928 143
8 19 717 246
8 20 299 274
8 21 233 355
9 12 419 226
9 13 696 222
9 14 145 320
9 15 366 211
9 16 102 132
9 17 846 237
9 18 415 312
9 19 666 221
9 20 900 3
9 21 577 342
10 12 405 289
10 13 649 3
10 14 228 206
10 15 367 68
10 16 473 106
10 17 712 320
10 18 769 266
10 19 420 205
10 20 650 157
10 21 630 113
11 12 836 112
11 13 694 180
11 14 342 62
11 15 218 101
11 16 924 153
11 17 685 106
11 18 924 333
11 19 326 22
11 20 111 51
11 21 695 349
12 22 467 144
12 23 15 31
12 24 167 89
12 25 495 177
12 26 100 193
12 27 929 67
12 28 721 295
12 29 419 319
12 30 241 121
12 31 214 80
13 22 356 92
13 23 556 18
13 24 255 115
13 25 109 236
13 26 429 78
13 27 235 329
13 28 798 53
13 29 47 20
13 30 639 53
13 31 65 330
14 22 283 95
14 23 981 296
14 24 574 3
14 25 794 51
14 26 318 235
14 27 802 312
14 28 382 8
14 29 81 248
14 30 233 327
14 31 98 150
15 22 771 138
15 23 774 65
15 24 916 140
15 25 632 77
15 26 223 176
15 27 463 261
15 28 102 51
15 29 612 230
15 30 568 229
15 31 635 203
16 22 30 198
16 23 946 324
16 24 672 262
16 25 245 224
16 26 52 222
16 27 31 341
16 28 891 317
16 29 608 134
16 30 551 93
16 31 945 27
17 22 132 20
17 23 796 181
17 24 290 118
17 25 295 57
17 26 836 316
17 27 106 323
17 28 318 195
17 29 21 208
17 30 572 347
17 31 759 269
18 22 446 180
18 23 89 252
18 24 758 337
18 25 324 328
18 26 937 160
18 27 974 338
18 28 224 280
18 29 339 67
18 30 814 296
18 31 333 243
19 22 682 195
19 23 164 351
19 24 35 80
19 25 31 151
19 26 61 33
19 27 59 163
19 28 295 230
19 29 608 325
19 30 209 114
19 31 179 240
20 22 982 157
20 23 290 287
20 24 316 20
20 25 982 320
20 26 524 302
20 27 267 296
20 28 672 122
20 29 104 315
20 30 706 196
20 31 906 338
21 22 797 100
21 23 958 75
21 24 310 210
21 25 194 127
21 26 476 336
21 27 673 100
21 28 619 28
21 29 870 35
21 30 499 49
21 31 76 312
22 32 456 327
22 33 732 220
22 34 856 187
22 35 69 173
22 36 903 65
22 37 294 322
22 38 574 197
22 39 190 18
22 40 961 165
22 41 40 301
23 32 773 35
23 33 557 110
23 34 149 124
23 35 966 196
23 36 400 291
23 37 558 3
23 38 212 290
23 39 389 298
23 40 549 240
23 41 768 238
24 32 659 133
24 33 189 339
24 34 830 318
24 35 902 323
24 36 203 36
24 37 965 258
24 38 55 45
24 39 822 8
24 40 796 145
24 41 820 349
25 32 733 135
25 33 877 322
25 34 820 291
25 35 261 178
25 36 72 142
25 37 245 258
25 38 562 126
25 39 549 37
25 40 828 43
25 41 422 12
26 32 842 216
26 33 760 216
26 34 500 269
26 35 47 78
26 36 798 160
26 37 431 245
26 38 107 201
26 39 932 253
26 40 17 159
26 41 202 277
27 32 451 209
27 33 204 15
27 34 927 230
27 35 218 30
27 36 850 93
27 37 863 247
27 38 327 103
27 39 153 225
27 40 892 327
27 41 540 198
28 32 673 265
28 33 202 173
28 34 946 295
28 35 493 116
28 36 903 261
28 37 65 80
28 38 254 51
28 39 607 349
28 40 196 145
28 41 771 281
29 32 411 216
29 33 234 146
29 34 964 121
29 35 734 202
29 36 552 39
29 37 319 323
29 38 584 334
29 39 250 51
29 40 257 277
29 41 660 40
30 32 520 144
30 33 167 131
30 34 6 177
30 35 713 137
30 36 636 203
30 37 5 43
30 38 258 150
30 39 763 177
30 40 351 109
30 41 781 127
31 32 808 295
31 33 391 59
31 34 418 264
31 35 580 191
31 36 690 45
31 37 103 71
31 38 126 164
31 39 521 231
31 40 139 116
31 41 83 15
32 42 920 249
32 43 573 157
32 44 500 332
32 45 806 220
32 46 204 81
32 47 838 122
32 48 463 247
32 49 642 206
32 50 542 264
32 51 69 166
33 42 118 326
33 43 533 247
33 44 855 194
33 45 868 57
33 46 1000 207
33 47 381 247
33 48 699 272
33 49 955 340
33 50 296 108
33 51 528 97
34 42 347 116
34 43 138 259
34 44 965 135
34 45 938 49
34 46 801 284
34 47 160 12
34 48 371 130
34 49 369 257
34 50 18 285
34 51 602 192
35 42 783 14
35 43 770 293
35 44 614 337
35 45 750 274
35 46 386 33
35 47 978 164
35 48 120 306
35 49 647 286
35 50 461 87
35 51 707 176
36 42 817 227
36 43 1 261
36 44 789 229
36 45 914 272
36 46 140 186
36 47 490 136
36 48 694 242
36 49 984 36
36 50 159 232
36 51 936 148
37 42 487 116
37 43 415 345
37 44 808 241
37 45 735 311
37 46 758 148
37 47 346 259
37 48 732 236
37 49 657 222
37 50 846 274
37 51 557 351
38 42 372 133
38 43 533 239
38 44 284 89
38 45 804 137
38 46 304 237
38 47 120 103
38 48 516 163
38 49 544 217
38 50 914 26
38 51 906 239
39 42 87 83
39 43 512 69
39 44 242 226
39 45 727 233
39 46 60 230
39 47 755 98
39 48 375 6
39 49 52 96
39 50 326 1
39 51 388 59
40 42 71 213
40 43 463 312
40 44 919 58
40 45 38 297
40 46 619 322
40 47 859 119
40 48 609 282
40 49 644 221
40 50 540 55
40 51 193 222
41 42 201 29
41 43 413 266
41 44 643 320
41 45 940 41
41 46 349 333
41 47 346 343
41 48 855 108
41 49 756 44
41 50 201 262
41 51 764 290
42 52 489 251
42 53 647 255
42 54 491 116
42 55 559 204
42 56 881 178
42 57 764 148
42 58 877 173
42 59 640 341
42 60 619 100
42 61 683 266
43 52 882 161
43 53 410 77
43 54 176 160
43 55 606 130
43 56 925 64
43 57 61 61
43 58 18 87
43 59 115 290
43 60 857 48
43 61 403 235
44 52 145 352
44 53 270 252
44 54 967 312
44 55 916 144
44 56 158 181
44 57 529 89
44 58 57 342
44 59 74 294
44 60 747 1
44 61 479 295
45 52 598 98
45 53 675 282
45 54 36 128
45 55 796 145
45 56 54 125
45 57 269 290
45 58 791 55
45 59 125 298
45 60 611 334
45 61 842 30
46 52 23 210
46 53 597 88
46 54 299 33
46 55 245 200
46 56 295 194
46 57 99 191
46 58 977 46
46 59 838 329
46 60 184 251
46 61 739 259
47 52 280 76
47 53 680 284
47 54 284 200
47 55 207 6
47 56 940 322
47 57 846 285
47 58 539 232
47 59 847 298
47 60 532 275
47 61 287 73
48 52 739 168
48 53 947 59
48 54 772 155
48 55 377 77
48 56 567 330
48 57 74 327
48 58 86 54
48 59 21 94
48 60 323 62
48 61 804 272
49 52 721 283
49 53 407 329
49 54 43 334
49 55 189 88
49 56 958 315
49 57 651 134
49 58 777 38
49 59 627 147
49 60 512 62
49 61 233 116
50 52 389 284
50 53 202 111
50 54 204 280
50 55 626 145
50 56 914 26
50 57 536 263
50 58 895 296
50 59 479 15
50 60 704 149
50 61 892 353
51 52 898 56
51 53 268 17
51 54 910 79
51 55 894 298
51 56 679 40
51 57 110 301
51 58 621 4
51 59 20 115
51 60 524 349
51 61 940 145
52 62 364 253
52 63 381 102
52 64 898 50
52 65 510 318
52 66 837 176
52 67 774 311
52 68 429 221
52 69 498 257
52 70 415 14
52 71 55 307
53 62 916 274
53 63 793 21
53 64 421 334
53 65 325 351
53 66 248 58
53 67 432 92
53 68 200 163
53 69 469 132
53 70 999 278
53 71 906 293
54 62 601 94
54 63 767 104
54 64 987 182
54 65 99 57
54 66 658 215
54 67 637 306
54 68 473 345
54 69 972 315
54 70 279 61
54 71 288 140
55 62 985 264
55 63 52 247
55 64 742 152
55 65 264 196
55 66 213 63
55 67 981 169
55 68 59 38
55 69 605 284
55 70 988 318
55 71 232 161
56 62 231 18
56 63 247 178
56 64 731 50
56 65 427 157
56 66 916 269
56 67 64 89
56 68 68 175
56 69 484 348
56 70 376 327
56 71 870 89
57 62 966 196
57 63 648 201
57 64 655 10
57 65 844 101
57 66 436 199
57 67 149 159
57 68 828 201
57 69 398 223
57 70 71 160
57 71 993 25
58 62 659 180
58 63 777 342
58 64 248 252
58 65 43 194
58 66 943 211
58 67 913 26
58 68 272 46
58 69 487 202
58 70 310 307
58 71 372 292
59 62 146 13
59 63 31 191
59 64 561 321
59 65 682 118
59 66 727 16
59 67 455 34
59 68 457 290
59 69 705 66
59 70 899 24
59 71 322 254
60 62 235 285
60 63 142 285
60 64 552 43
60 65 673 171
60 66 392 18
60 67 135 254
60 68 368 20
60 69 752 205
60 70 817 177
60 71 125 164
61 62 521 291
61 63 100 116
61 64 931 83
61 65 520 270
61 66 205 92
61 67 616 185
61 68 107 189
61 69 342 168
61 70 653 289
61 71 902 79
62 72 669 138
62 73 378 157
62 74 890 112
62 75 776 40
62 76 377 312
62 77 337 25
62 78 192 330
62 79 597 301
62 80 540 310
62 81 508 40
63 72 146 120
63 73 855 273
63 74 109 133
63 75 882 215
63 76 640 309
63 77 227 202
63 78 153 323
63 79 192 28
63 80 147 47
63 81 418 115
64 72 423 255
64 73 646 138
64 74 514 337
64 75 728 86
64 76 884 132
64 77 66 151
64 78 655 51
64 79 167 262
64 80 627 49
64 81 94 190
65 72 606 316
65 73 122 333
65 74 908 208
65 75 372 40
65 76 188 141
65 77 329 281
65 78 911 260
65 79 309 255
65 80 173 24
65 81 133 19
66 72 417 156
66 73 747 56
66 74 565 225
66 75 283 265
66 76 657 165
66 77 337 46
66 78 212 24
66 79 145 337
66 80 432 159
66 81 801 342
67 72 211 322
67 73 330 18
67 74 712 252
67 75 695 120
67 76 628 190
67 77 169 51
67 78 756 317
67 79 82 44
67 80 235 85
67 81 393 116
68 72 316 172
68 73 896 141
68 74 925 251
68 75 29 214
68 76 6 302
68 77 296 7
68 78 196 264
68 79 85 188
68 80 198 4
68 81 681 12
69 72 918 187
69 73 684 233
69 74 998 291
69 75 327 31
69 76 869 110
69 77 589 297
69 78 345 327
69 79 517 63
69 80 650 5
69 81 670 31
70 72 454 165
70 73 34 232
70 74 901 67
70 75 761 162
70 76 733 249
70 77 214 287
70 78 231 43
70 79 505 93
70 80 381 63
70 81 112 202
71 72 533 50
71 73 102 309
71 74 544 338
71 75 288 256
71 76 97 174
71 77 371 85
71 78 111 22
71 79 25 44
71 80 694 217
71 81 549 158
72 82 933 200
72 83 833 113
72 84 327 95
72 85 834 78
72 86 378 329
72 87 963 131
72 88 131 102
72 89 109 353
72 90 75 161
72 91 920 115
73 82 994 278
73 83 814 141
73 84 739 175
73 85 207 328
73 86 489 218
73 87 794 24
73 88 870 127
73 89 487 64
73 90 804 275
73 91 677 50
74 82 694 42
74 83 541 237
74 84 550 134
74 85 442 54
74 86 528 45
74 87 581 103
74 88 471 88
74 89 928 185
74 90 147 10
74 91 683 147
75 82 596 256
75 83 912 90
75 84 835 258
75 85 698 28
75 86 656 322
75 87 524 175
75 88 61 106
75 89 728 113
75 90 505 31
75 91 923 234
76 82 357 14
76 83 258 304
76 84 117 36
76 85 964 334
76 86 340 288
76 87 850 38
76 88 275 202
76 89 465 20
76 90 197 10
76 91 181 60
77 82 526 155
77 83 904 220
77 84 29 121
77 85 547 240
77 86 898 235
77 87 600 319
77 88 626 54
77 89 52 106
77 90 353 288
77 91 53 205
78 82 420 90
78 83 544 211
78 84 277 243
78 85 104 163
78 86 145 327
78 87 686 228
78 88 630 110
78 89 816 34
78 90 623 321
78 91 825 58
79 82 225 70
79 83 771 343
79 84 230 135
79 85 737 329
79 86 25 346
79 87 226 142
79 88 956 129
79 89 807 42
79 90 270 323
79 91 644 18
80 82 243 302
80 83 175 340
80 84 153 196
80 85 841 225
80 86 228 133
80 87 905 31
80 88 92 323
80 89 446 20
80 90 930 313
80 91 101 294
81 82 16 52
81 83 999 221
81 84 995 255
81 85 673 328
81 86 813 212
81 87 506 57
81 88 257 164
81 89 163 152
81 90 44 124
81 91 593 51
82 92 982 150
82 93 425 303
82 94 62 25
82 95 520 323
82 96 628 18
82 97 119 51
82 98 232 183
82 99 259 244
82 100 317 58
82 101 610 32
83 92 641 253
83 93 181 268
83 94 375 298
83 95 190 133
83 96 268 326
83 97 847 267
83 98 209 293
83 99 225 55
83 100 62 289
83 101 409 3
84 92 255 303
84 93 584 84
84 94 757 15
84 95 634 329
84 96 445 155
84 97 843 235
84 98 908 329
84 99 248 294
84 100 514 216
84 101 300 212
85 92 256 153
85 93 638 17
85 94 695 152
85 95 46 13
85 96 661 263
85 97 730 348
85 98 942 193
85 99 306 192
85 100 453 343
85 101 806 286
86 92 834 278
86 93 368 309
86 94 83 215
86 95 640 177
86 96 821 315
86 97 625 75
86 98 177 306
86 99 183 139
86 100 348 311
86 101 384 120
87 92 778 9
87 93 846 153
87 94 695 277
87 95 642 64
87 96 407 301
87 97 967 306
87 98 474 134
87 99 472 346
87 100 881 340
87 101 671 316
88 92 968 259
88 93 240 232
88 94 830 86
88 95 415 200
88 96 87 276
88 97 197 5
88 98 367 342
88 99 76 140
88 100 86 287
88 101 233 107
89 92 836 14
89 93 597 28
89 94 547 202
89 95 863 336
89 96 801 130
89 97 796 223
89 98 179 311
89 99 474 149
89 100 652 161
89 101 543 351
90 92 291 123
90 93 737 304
90 94 136 160
90 95 893 242
90 96 351 15
90 97 797 20
90 98 637 287
90 99 940 284
90 100 823 112
90 101 271 318
91 92 78 277
91 93 437 126
91 94 129 57
91 95 225 46
91 96 29 338
91 97 78 99
91 98 652 127
91 99 480 271
91 100 281 205
91 101 300 338
92 102 299 328
92 103 933 151
92 104 36 18
92 105 942 263
92 106 235 291
92 107 498 251
92 108 121 120
92 109 311 247
92 110 796 320
92 111 960 319
93 102 801 181
93 103 781 237
93 104 371 274
93 105 665 88
93 106 861 192
93 107 562 278
93 108 910 274
93 109 411 281
93 110 172 119
93 111 969 276
94 102 225 242
94 103 379 102
94 104 674 106
94 105 262 209
94 106 373 328
94 107 891 17
94 108 86 162
94 109 921 348
94 110 657 338
94 111 52 80
95 102 794 109
95 103 827 42
95 104 922 118
95 105 468 237
95 106 496 219
95 107 563 89
95 108 461 180
95 109 118 22
95 110 545 115
95 111 28 68
96 102 408 27
96 103 940 325
96 104 616 124
96 105 723 181
96 106 934 119
96 107 175 141
96 108 397 26
96 109 905 324
96 110 824 9
96 111 343 258
97 102 351 12
97 103 582 53
97 104 396 95
97 105 1000 27
97 106 595 296
97 107 470 301
97 108 568 270
97 109 477 99
97 110 15 249
97 111 785 10
98 102 652 33
98 103 516 139
98 104 24 56
98 105 124 232
98 106 525 267
98 107 360 68
98 108 544 191
98 109 1 75
98 110 25 170
98 111 752 157
99 102 144 194
99 103 963 209
99 104 3 104
99 105 124 113
99 106 913 277
99 107 140 273
99 108 756 125
99 109 638 7
99 110 994 186
99 111 199 183
100 102 225 95
100 103 730 136
100 104 403 12
100 105 783 297
100 106 668 203
100 107 76 267
100 108 621 90
100 109 646 284
100 110 397 7
100 111 472 283
101 102 582 292
101 103 181 165
101 104 338 332
101 105 62 243
101 106 450 122
101 107 902 119
101 108 229 351
101 109 108 35
101 110 894 207
101 111 180 237
102 112 671 219
102 113 56 170
102 114 607 327
102 115 164 319
102 116 667 118
102 117 62 23
102 118 926 133
102 119 973 207
102 120 931 141
102 121 915 348
103 112 646 111
103 113 975 285
103 114 439 245
103 115 904 77
103 116 581 13
103 117 221 47
103 118 764 45
103 119 363 2
103 120 395 43
103 121 778 110
104 112 217 183
104 113 294 74
104 114 156 211
104 115 928 15
104 116 136 214
104 117 677 311
104 118 309 92
104 119 315 284
104 120 360 132
104 121 402 118
105 112 942 143
105 113 34 248
105 114 832 173
105 115 422 127
105 116 583 298
105 117 12 121
105 118 88 339
105 119 893 128
105 120 865 112
105 121 367 6
106 112 204 203
106 113 458 10
106 114 784 60
106 115 350 126
106 116 335 55
106 117 321 320
106 118 300 179
106 119 286 182
106 120 193 290
106 121 106 44
107 112 140 237
107 113 454 44
107 114 549 339
107 115 293 265
107 116 466 95
107 117 646 289
107 118 799 229
107 119 359 168
107 120 843 111
107 121 331 349
108 112 951 180
108 113 561 286
108 114 293 112
108 115 749 313
108 116 163 274
108 117 686 75
108 118 859 195
108 119 895 96
108 120 761 192
108 121 875 40
109 112 507 314
109 113 800 126
109 114 287 294
109 115 426 171
109 116 564 50
109 117 173 278
109 118 214 87
109 119 727 97
109 120 772 170
109 121 940 158
110 112 904 104
110 113 490 327
110 114 755 226
110 115 730 124
110 116 121 268
110 117 102 172
110 118 217 194
110 119 269 81
110 120 89 333
110 121 299 109
111 112 441 175
111 113 45 208
111 114 550 20
111 115 160 350
111 116 961 197
111 117 426 290
111 118 392 85
111 119 138 327
111 120 131 147
111 121 716 149
112 122 845 200
112 123 847 325
112 124 281 171
112 125 594 183
112 126 643 123
112 127 943 286
112 128 952 289
112 129 861 88
112 130 186 188
112 131 57 261
113 122 618 48
113 123 634 39
113 124 801 266
113 125 501 338
113 126 632 350
113 127 927 154
113 128 168 16
113 129 615 22
113 130 516 176
113 131 528 256
114 122 399 92
114 123 351 322
114 124 9 38
114 125 681 139
114 126 721 249
114 127 17 312
114 128 816 332
114 129 197 110
114 130 685 10
114 131 632 79
115 122 140 300
115 123 616 24
115 124 932 123
115 125 914 175
115 126 240 27
115 127 330 98
115 128 86 279
115 129 339 8
115 130 930 335
115 131 560 20
116 122 576 39
116 123 156 246
116 124 445 286
116 125 501 104
116 126 525 205
116 127 835 266
116 128 171 19
116 129 725 135
116 130 531 126
116 131 213 328
117 122 1000 237
117 123 865 90
117 124 35 39
117 125 495 162
117 126 585 142
117 127 763 141
117 128 687 7
117 129 277 183
117 130 431 237
117 131 890 296
118 122 926 261
118 123 173 340
118 124 490 57
118 125 187 228
118 126 465 337
118 127 97 325
118 128 11 285
118 129 701 88
118 130 350 289
118 131 323 252
119 122 655 27
119 123 834 297
119 124 964 268
119 125 586 102
119 126 408 342
119 127 577 40
119 128 216 119
119 129 106 62
119 130 964 232
119 131 804 41
120 122 403 6
120 123 635 188
120 124 847 284
120 125 293 8
120 126 747 177
120 127 684 345
120 128 333 156
120 129 915 105
120 130 915 204
120 131 562 176
121 122 122 2
121 123 696 156
121 124 663 4
121 125 411 207
121 126 421 195
121 127 603 63
121 128 827 168
121 129 155 155
121 130 168 181
121 131 128 14
122 132 814 81
122 133 643 31
122 134 875 228
122 135 306 137
122 136 480 23
122 137 414 11
122 138 925 262
122 139 997 68
122 140 587 342
122 141 168 76
123 132 618 42
123 133 601 47
123 134 944 2
123 135 693 202
123 136 545 270
123 137 449 138
123 138 242 354
123 139 335 275
123 140 909 65
123 141 747 76
124 132 261 131
124 133 398 219
124 134 579 307
124 135 656 336
124 136 937 326
124 137 976 347
124 138 615 270
124 139 176 351
124 140 643 340
124 141 456 212
125 132 776 290
125 133 59 88
125 134 768 195
125 135 399 43
125 136 339 144
125 137 477 320
125 138 317 251
125 139 482 132
125 140 53 193
125 141 351 132
126 132 24 219
126 133 504 299
126 134 401 250
126 135 902 92
126 136 882 205
126 137 599 213
126 138 905 227
126 139 136 139
126 140 55 137
126 141 717 265
127 132 176 281
127 133 894 47
127 134 744 214
127 135 699 1
127 136 223 65
127 137 486 7
127 138 454 100
127 139 199 344
127 140 593 348
127 141 484 230
128 132 145 160
128 133 998 325
128 134 604 237
128 135 757 299
128 136 275 323
128 137 402 32
128 138 392 297
128 139 368 332
128 140 720 136
128 141 789 240
129 132 99 125
129 133 474 273
129 134 270 301
129 135 134 328
129 136 532 205
129 137 568 319
129 138 59 301
129 139 496 4
129 140 687 37
129 141 839 132
130 132 408 34
130 133 4 322
130 134 54 223
130 135 777 320
130 136 6 67
130 137 529 145
130 138 284 255
130 139 331 243
130 140 6 16
130 141 807 131
131 132 669 96
131 133 845 91
131 134 177 241
131 135 852 320
131 136 293 225
131 137 428 68
131 138 131 164
131 139 388 185
131 140 884 168
131 141 665 47
132 142 716 164
132 143 844 67
132 144 352 107
132 145 867 223
132 146 947 57
132 147 340 328
132 148 939 250
132 149 695 7
132 150 752 99
132 151 565 350
133 142 71 248
133 143 721 238
133 144 804 158
133 145 341 31
133 146 601 225
133 147 277 58
133 148 859 352
133 149 906 62
133 150 897 137
133 151 276 351
134 142 543 13
134 143 535 197
134 144 36 113
134 145 296 289
134 146 983 55
134 147 748 85
134 148 88 207
134 149 616 192
134 150 654 226
134 151 88 39
135 142 36 35
135 143 825 109
135 144 54 330
135 145 796 234
135 146 436 41
135 147 488 207
135 148 870 218
135 149 836 36
135 150 699 339
135 151 19 169
136 142 849 128
136 143 327 329
136 144 909 13
136 145 30 144
136 146 373 355
136 147 288 15
136 148 779 163
136 149 852 141
136 150 974 291
136 151 655 40
137 142 544 4
137 143 91 336
137 144 346 168
137 145 715 313
137 146 110 236
137 147 923 145
137 148 225 251
137 149 664 145
137 150 217 307
137 151 40 308
138 142 966 184
138 143 975 66
138 144 220 233
138 145 145 224
138 146 402 349
138 147 799 49
138 148 161 227
138 149 178 277
138 150 310 286
138 151 567 341
139 142 760 178
139 143 710 52
139 144 684 139
139 145 791 5
139 146 295 313
139 147 468 159
139 148 914 296
139 149 451 321
139 150 544 69
139 151 250 19
140 142 608 155
140 143 24 30
140 144 151 286
140 145 77 95
140 146 213 263
140 147 42 191
140 148 257 128
140 149 421 277
140 150 560 174
140 151 346 108
141 142 74 353
141 143 496 315
141 144 198 256
141 145 931 27
141 146 170 75
141 147 554 1
141 148 387 200
141 149 889 97
141 150 444 281
141 151 299 267
142 152 129 339
143 152 191 59
144 152 702 207
145 152 39 126
146 152 397 125
147 152 584 220
148 152 569 291
149 152 810 314
150 152 670 169
151 152 829 91
