152 1420 1 152 7 355
1 2 136 233
1 3 588 348
1 4 987 72
1 5 904 232
1 6 456 72
1 7 186 287
1 8 640 335
1 9 104 192
1 10 721 78
1 11 208 324
2 12 804 343
2 13 385 277
2 14 352 171
2 15 570 339
2 16 303 259
2 17 705 352
2 18 629 290
2 19 294 118
2 20 756 61
2 21 827 283
3 12 904 344
3 13 959 289
3 14 390 315
3 15 335 155
3 16 551 124
3 17 489 44
3 18 334 191
3 19 517 309
3 20 239 156
3 21 940 50
4 12 757 74
4 13 376 83
4 14 121 215
4 15 46 3
4 16 952 304
4 17 524 334
4 18 892 93
4 19 848 52
4 20 7 67
4 21 882 76
5 12 165 304
5 13 407 21
5 14 10 2
5 15 827 295
5 16 641 17
5 17 900 280
5 18 687 258
5 19 520 348
5 20 57 152
5 21 36 219
6 12 725 55
6 13 447 48
6 14 883 300
6 15 413 4
6 16 224 55
6 17 327 195
6 18 519 15
6 19 767 175
6 20 910 34
6 21 646 173
7 12 315 344
7 13 394 57
7 14 571 84
7 15 894 265
7 16 404 148
7 17 919 21
7 18 119 156
7 19 366 108
7 20 435 330
7 21 388 95
8 12 542 312
8 13 921 241
8 14 469 96
8 15 376 201
8 16 86 135
8 17 558 63
8 18 197 148
8 19 699 340
8 20 768 351
8 21 485 344
9 12 518 317
9 13 840 122
9 14 879 225
9 15 440 41
9 16 710 257
9 17 927 317
9 18 951 77
9 19 404 203
9 20 872 216
9 21 976 36
10 12 148 83
10 13 470 154
10 14 5 8
10 15 219 82
10 16 775 261
10 17 622 193
10 18 968 201
10 19 247 176
10 20 639 188
10 21 277 340
11 12 262 117
11 13 806 276
11 14 635 299
11 15 852 302
11 16 929 21
11 17 225 223
11 18 28 304
11 19 291 126
11 20 529 292
11 21 406 234
12 22 17 328
12 23 310 237
12 24 229 201
12 25 200 219
12 26 809 41
12 27 836 111
12 28 504 18
12 29 174 228
12 30 257 161
12 31 596 304
13 22 641 279
13 23 285 262
13 24 962 29
13 25 283 325
13 26 30 334
13 27 286 296
13 28 302 91
13 29 871 345
13 30 95 138
13 31 545 178
14 22 248 107
14 23 296 288
14 24 461 102
14 25 749 311
14 26 94 320
14 27 630 37
14 28 307 313
14 29 319 31
14 30 998 163
14 31 665 243
15 22 998 301
15 23 451 348
15 24 558 71
15 25 214 258
15 26 461 273
15 27 780 342
15 28 251 27
15 29 319 42
15 30 810 315
15 31 276 247
16 22 252 286
16 23 739 223
16 24 56 20
16 25 243 107
16 26 848 198
16 27 400 90
16 28 19 166
16 29 692 115
16 30 319 142
16 31 72 21
17 22 355 94
17 23 867 130
17 24 977 44
17 25 244 10
17 26 829 204
17 27 491 226
17 28 874 13
17 29 659 164
17 30 274 81
17 31 162 61
18 22 426 288
18 23 285 94
18 24 773 263
18 25 410 185
18 26 935 243
18 27 203 306
18 28 850 147
18 29 968 272
18 30 202 66
18 31 982 75
19 22 379 91
19 23 746 228
19 24 95 247
19 25 941 266
19 26 952 192
19 27 224 244
19 28 484 205
19 29 583 32
19 30 709 21
19 31 692 95
20 22 837 226
20 23 823 314
20 24 886 19
20 25 889 259
20 26 787 119
20 27 171 74
20 28 527 310
20 29 518 303
20 30 124 161
20 31 306 199
21 22 592 28
21 23 984 108
21 24 286 347
21 25 49 247
21 26 264 176
21 27 193 314
21 28 458 189
21 29 787 105
21 30 532 23
21 31 53 323
22 32 244 332
22 33 397 240
22 34 751 275
22 35 895 112
22 36 846 62
22 37 502 4
22 38 524 296
22 39 448 58
22 40 70 301
22 41 272 43
23 32 497 148
23 33 366 342
23 34 10 134
23 35 646 236
23 36 90 75
23 37 742 173
23 38 316 218
23 39 921 261
23 40 287 342
23 41 538 298
24 32 92 293
24 33 539 236
24 34 121 31
24 35 129 189
24 36 919 156
24 37 282 8
24 38 141 28
24 39 763 47
24 40 191 131
24 41 759 284
25 32 912 124
25 33 732 74
25 34 75 237
25 35 707 240
25 36 192 209
25 37 642 316
25 38 879 140
25 39 995 215
25 40 248 252
25 41 772 162
26 32 978 9
26 33 574 152
26 34 314 185
26 35 226 166
26 36 550 161
26 37 832 164
26 38 862 111
26 39 15 55
26 40 344 329
26 41 973 72
27 32 198 175
27 33 1000 118
27 34 622 248
27 35 120 35
27 36 809 106
27 37 229 303
27 38 783 14
27 39 398 268
27 40 30 106
27 41 404 179
28 32 14 333
28 33 422 228
28 34 170 204
28 35 549 8
28 36 504 48
28 37 910 31
28 38 451 191
28 39 618 113
28 40 673 305
28 41 649 218
29 32 737 28
29 33 629 182
29 34 256 129
29 35 236 127
29 36 209 26
29 37 381 345
29 38 358 352
29 39 380 1
29 40 638 1
29 41 516 302
30 32 727 3
30 33 825 148
30 34 386 314
30 35 611 326
30 36 486 222
30 37 326 297
30 38 711 199
30 39 301 187
30 40 854 88
30 41 273 45
31 32 167 219
31 33 493 291
31 34 433 159
31 35 919 335
31 36 784 251
31 37 388 159
31 38 544 246
31 39 313 67
31 40 731 328
31 41 589 159
32 42 452 118
32 43 713 311
32 44 947 4
32 45 944 106
32 46 701 11
32 47 260 29
32 48 932 52
32 49 618 325
32 50 755 354
32 51 202 277
33 42 916 34
33 43 533 313
33 44 600 271
33 45 785 47
33 46 756 105
33 47 555 5
33 48 846 159
33 49 478 71
33 50 13 288
33 51 71 96
34 42 487 189
34 43 341 341
34 44 363 271
34 45 459 141
34 46 175 202
34 47 247 86
34 48 122 53
34 49 224 91
34 50 763 71
34 51 851 132
35 42 308 107
35 43 433 321
35 44 611 237
35 45 821 87
35 46 491 95
35 47 147 265
35 48 864 104
35 49 598 77
35 50 881 136
35 51 145 244
36 42 381 104
36 43 394 104
36 44 171 278
36 45 198 244
36 46 397 165
36 47 633 19
36 48 281 129
36 49 842 316
36 50 164 65
36 51 750 220
37 42 802 217
37 43 458 157
37 44 833 231
37 45 681 33
37 46 41 185
37 47 80 293
37 48 656 227
37 49 124 105
37 50 998 335
37 51 944 27
38 42 658 28
38 43 899 259
38 44 173 149
38 45 413 238
38 46 984 294
38 47 104 39
38 48 210 110
38 49 135 318
38 50 236 255
38 51 882 3
39 42 135 66
39 43 221 3
39 44 366 285
39 45 917 32
39 46 617 103
39 47 793 273
39 48 742 256
39 49 151 62
39 50 907 307
39 51 856 36
40 42 279 150
40 43 529 329
40 44 323 127
40 45 513 144
40 46 347 106
40 47 583 282
40 48 933 219
40 49 102 148
40 50 558 32
40 51 630 191
41 42 516 111
41 43 567 287
41 44 661 319
41 45 929 179
41 46 750 33
41 47 605 297
41 48 237 346
41 49 204 4
41 50 975 183
41 51 476 267
42 52 710 10
42 53 574 217
42 54 558 58
42 55 517 256
42 56 646 188
42 57 518 78
42 58 674 68
42 59 588 59
42 60 978 294
42 61 580 265
43 52 254 261
43 53 725 333
43 54 948 195
43 55 96 131
43 56 352 7
43 57 477 159
43 58 865 220
43 59 422 139
43 60 30 251
43 61 82 46
44 52 115 298
44 53 848 288
44 54 837 2
44 55 485 306
44 56 354 354
44 57 234 218
44 58 355 186
44 59 899 302
44 60 90 97
44 61 841 268
45 52 155 151
45 53 73 109
45 54 209 47
45 55 289 94
45 56 303 38
45 57 648 99
45 58 823 8
45 59 208 173
45 60 641 257
45 61 556 261
46 52 280 241
46 53 410 133
46 54 801 240
46 55 292 128
46 56 805 324
46 57 251 341
46 58 519 19
46 59 339 218
46 60 260 108
46 61 862 337
47 52 980 312
47 53 753 281
47 54 300 66
47 55 562 317
47 56 374 277
47 57 722 330
47 58 741 69
47 59 931 140
47 60 675 349
47 61 752 340
48 52 675 340
48 53 137 226
48 54 826 89
48 55 219 355
48 56 207 337
48 57 486 244
48 58 994 283
48 59 425 29
48 60 826 77
48 61 741 66
49 52 238 84
49 53 722 5
49 54 146 287
49 55 659 18
49 56 355 113
49 57 594 190
49 58 825 204
49 59 73 342
49 60 945 291
49 61 539 156
50 52 47 205
50 53 359 250
50 54 805 130
50 55 693 63
50 56 274 110
50 57 569 181
50 58 46 164
50 59 531 295
50 60 638 298
50 61 507 175
51 52 256 286
51 53 750 105
51 54 722 341
51 55 796 190
51 56 273 220
51 57 107 317
51 58 356 211
51 59 852 323
51 60 598 219
51 61 880 347
52 62 385 61
52 63 608 54
52 64 925 294
52 65 209 231
52 66 86 1
52 67 64 202
52 68 917 95
52 69 494 250
52 70 682 161
52 71 637 14
53 62 911 331
53 63 980 126
53 64 117 54
53 65 2 12
53 66 389 277
53 67 755 343
53 68 287 201
53 69 152 258
53 70 537 47
53 71 732 352
54 62 713 249
54 63 625 335
54 64 685 67
54 65 781 190
54 66 214 209
54 67 649 77
54 68 38 143
54 69 34 3
54 70 924 1
54 71 928 59
55 62 920 262
55 63 595 293
55 64 635 192
55 65 865 157
55 66 163 267
55 67 72 342
55 68 475 340
55 69 21 353
55 70 495 205
55 71 726 102
56 62 977 333
56 63 309 62
56 64 518 192
56 65 81 305
56 66 734 69
56 67 5 73
56 68 635 151
56 69 96 100
56 70 304 90
56 71 28 55
57 62 603 300
57 63 162 45
57 64 491 201
57 65 465 88
57 66 323 4
57 67 756 80
57 68 468 85
57 69 91 184
57 70 50 286
57 71 619 258
58 62 823 315
58 63 37 181
58 64 775 192
58 65 223 70
58 66 917 225
58 67 544 111
58 68 307 303
58 69 854 101
58 70 962 233
58 71 499 55
59 62 136 325
59 63 254 121
59 64 109 258
59 65 191 343
59 66 19 117
59 67 99 85
59 68 144 76
59 69 92 178
59 70 84 314
59 71 217 241
60 62 271 315
60 63 263 283
60 64 733 256
60 65 824 179
60 66 575 119
60 67 972 317
60 68 187 103
60 69 69 237
60 70 645 275
60 71 60 227
61 62 573 208
61 63 577 16
61 64 689 95
61 65 674 188
61 66 426 302
61 67 172 214
61 68 388 347
61 69 329 40
61 70 760 108
61 71 101 215
62 72 688 208
62 73 250 216
62 74 282 33
62 75 912 253
62 76 446 78
62 77 682 102
62 78 693 198
62 79 26 89
62 80 219 174
62 81 56 321
63 72 203 329
63 73 629 181
63 74 320 250
63 75 107 286
63 76 112 352
63 77 274 8
63 78 776 62
63 79 718 249
63 80 445 334
63 81 913 104
64 72 435 124
64 73 388 122
64 74 212 325
64 75 1 264
64 76 755 188
64 77 32 41
64 78 642 175
64 79 589 4
64 80 960 49
64 81 80 139
65 72 238 266
65 73 43 120
65 74 921 232
65 75 786 225
65 76 758 294
65 77 996 234
65 78 158 65
65 79 560 314
65 80 223 259
65 81 646 339
66 72 383 90
66 73 210 47
66 74 664 302
66 75 745 212
66 76 614 286
66 77 903 63
66 78 664 179
66 79 664 69
66 80 604 319
66 81 434 226
67 72 585 176
67 73 644 102
67 74 573 49
67 75 26 39
67 76 12 140
67 77 795 114
67 78 816 296
67 79 92 51
67 80 864 298
67 81 328 66
68 72 886 310
68 73 512 129
68 74 600 221
68 75 382 54
68 76 408 103
68 77 961 15
68 78 422 346
68 79 937 278
68 80 369 151
68 81 715 350
69 72 101 293
69 73 57 65
69 74 511 127
69 75 289 124
69 76 963 86
69 77 564 351
69 78 914 148
69 79 825 336
69 80 529 86
69 81 907 304
70 72 529 104
70 73 69 85
70 74 393 329
70 75 43 268
70 76 361 114
70 77 200 325
70 78 930 214
70 79 683 70
70 80 706 166
70 81 411 246
71 72 825 71
71 73 99 222
71 74 197 289
71 75 828 248
71 76 863 105
71 77 893 309
71 78 58 46
71 79 343 150
71 80 274 306
71 81 996 165
72 82 637 121
72 83 789 27
72 84 517 69
72 85 141 73
72 86 373 148
72 87 533 221
72 88 197 248
72 89 586 330
72 90 799 14
72 91 387 104
73 82 556 126
73 83 748 63
73 84 730 134
73 85 385 190
73 86 769 317
73 87 908 209
73 88 394 106
73 89 642 52
73 90 643 226
73 91 369 75
74 82 557 68
74 83 190 208
74 84 522 38
74 85 935 117
74 86 634 274
74 87 283 92
74 88 841 62
74 89 31 236
74 90 603 229
74 91 614 320
75 82 94 148
75 83 134 144
75 84 276 347
75 85 936 40
75 86 832 290
75 87 157 54
75 88 209 290
75 89 563 293
75 90 84 268
75 91 139 253
76 82 542 156
76 83 451 208
76 84 909 188
76 85 81 107
76 86 110 11
76 87 544 32
76 88 498 134
76 89 237 340
76 90 406 124
76 91 391 184
77 82 764 335
77 83 473 273
77 84 894 75
77 85 62 55
77 86 510 20
77 87 582 196
77 88 833 141
77 89 303 12
77 90 397 72
77 91 242 180
78 82 437 171
78 83 706 261
78 84 2 98
78 85 542 28
78 86 99 164
78 87 362 110
78 88 852 135
78 89 720 69
78 90 835 197
78 91 738 64
79 82 778 345
79 83 931 17
79 84 673 310
79 85 305 183
79 86 692 89
79 87 519 242
79 88 980 177
79 89 32 223
79 90 933 65
79 91 579 238
80 82 327 306
80 83 830 192
80 84 581 228
80 85 601 14
80 86 153 192
80 87 583 85
80 88 744 160
80 89 524 140
80 90 497 152
80 91 290 185
81 82 623 63
81 83 898 231
81 84 670 287
81 85 991 122
81 86 558 80
81 87 206 310
81 88 29 135
81 89 933 186
81 90 514 132
81 91 178 332
82 92 582 343
82 93 535 192
82 94 708 43
82 95 937 268
82 96 127 125
82 97 595 243
82 98 417 268
82 99 691 173
82 100 759 169
82 101 609 327
83 92 244 80
83 93 93 253
83 94 180 23
83 95 865 151
83 96 79 103
83 97 129 20
83 98 783 246
83 99 234 226
83 100 612 11
83 101 953 292
84 92 400 129
84 93 501 266
84 94 185 156
84 95 156 97
84 96 339 203
84 97 712 322
84 98 17 309
84 99 693 327
84 100 127 81
84 101 836 164
85 92 728 34
85 93 21 65
85 94 65 214
85 95 895 351
85 96 272 327
85 97 167 77
85 98 425 106
85 99 19 328
85 100 674 275
85 101 623 320
86 92 789 144
86 93 963 240
86 94 846 159
86 95 532 137
86 96 497 13
86 97 782 322
86 98 699 323
86 99 599 75
86 100 90 302
86 101 894 112
87 92 844 63
87 93 578 310
87 94 245 251
87 95 792 162
87 96 145 127
87 97 367 190
87 98 509 193
87 99 508 347
87 100 548 153
87 101 528 257
88 92 945 112
88 93 95 187
88 94 336 246
88 95 870 309
88 96 857 142
88 97 886 75
88 98 602 209
88 99 508 44
88 100 588 216
88 101 649 146
89 92 935 69
89 93 554 353
89 94 221 170
89 95 553 162
89 96 29 48
89 97 347 212
89 98 954 53
89 99 40 59
89 100 933 105
89 101 930 162
90 92 334 197
90 93 590 55
90 94 728 326
90 95 275 256
90 96 415 258
90 97 830 215
90 98 349 214
90 99 18 211
90 100 776 342
90 101 409 43
91 92 623 269
91 93 817 129
91 94 25 230
91 95 18 211
91 96 521 91
91 97 400 203
91 98 977 302
91 99 739 29
91 100 177 38
91 101 158 221
92 102 468 130
92 103 970 220
92 104 153 33
92 105 723 22
92 106 405 243
92 107 772 216
92 108 869 319
92 109 659 123
92 110 42 143
92 111 692 178
93 102 550 10
93 103 473 230
93 104 244 27
93 105 57 338
93 106 475 174
93 107 800 202
93 108 686 292
93 109 253 355
93 110 984 319
93 111 610 231
94 102 609 146
94 103 708 198
94 104 434 196
94 105 802 289
94 106 379 176
94 107 686 264
94 108 7 87
94 109 563 189
94 110 674 338
94 111 97 158
95 102 69 32
95 103 659 87
95 104 283 83
95 105 259 285
95 106 235 50
95 107 655 68
95 108 46 28
95 109 822 219
95 110 824 247
95 111 257 150
96 102 548 137
96 103 712 201
96 104 259 30
96 105 291 156
96 106 276 336
96 107 115 300
96 108 846 263
96 109 821 41
96 110 487 170
96 111 913 140
97 102 357 228
97 103 624 19
97 104 814 70
97 105 101 209
97 106 931 244
97 107 613 125
97 108 238 82
97 109 914 279
97 110 725 304
97 111 53 7
98 102 368 172
98 103 869 355
98 104 716 250
98 105 89 59
98 106 489 271
98 107 244 234
98 108 270 267
98 109 855 343
98 110 304 16
98 111 808 230
99 102 58 76
99 103 206 266
99 104 512 113
99 105 921 222
99 106 225 67
99 107 749 308
99 108 716 49
99 109 691 106
99 110 353 80
99 111 558 274
100 102 633 112
100 103 363 355
100 104 69 251
100 105 615 175
100 106 11 78
100 107 899 251
100 108 766 102
100 109 781 220
100 110 991 352
100 111 958 224
101 102 3 274
101 103 329 199
101 104 132 260
101 105 447 120
101 106 750 236
101 107 437 110
101 108 780 346
101 109 92 318
101 110 848 229
101 111 439 7
102 112 514 198
102 113 454 107
102 114 428 232
102 115 532 249
102 116 499 351
102 117 750 51
102 118 58 122
102 119 402 331
102 120 577 140
102 121 838 234
103 112 795 134
103 113 743 92
103 114 633 189
103 115 977 288
103 116 879 192
103 117 790 240
103 118 890 18
103 119 235 303
103 120 743 45
103 121 660 126
104 112 786 169
104 113 806 168
104 114 261 299
104 115 246 195
104 116 501 29
104 117 495 145
104 118 729 96
104 119 201 135
104 120 568 132
104 121 807 241
105 112 313 56
105 113 649 193
105 114 690 296
105 115 165 342
105 116 490 346
105 117 332 81
105 118 902 216
105 119 154 7
105 120 988 63
105 121 541 196
106 112 887 84
106 113 762 77
106 114 427 15
106 115 10 144
106 116 59 279
106 117 662 321
106 118 7 97
106 119 887 289
106 120 35 3
106 121 314 313
107 112 356 177
107 113 763 151
107 114 938 6
107 115 985 325
107 116 692 151
107 117 461 262
107 118 991 125
107 119 355 220
107 120 290 168
107 121 561 107
108 112 84 191
108 113 507 300
108 114 274 344
108 115 716 226
108 116 965 344
108 117 363 171
108 118 617 286
108 119 661 307
108 120 514 193
108 121 620 214
109 112 325 45
109 113 236 51
109 114 624 230
109 115 723 283
109 116 369 276
109 117 653 239
109 118 274 147
109 119 784 119
109 120 842 328
109 121 137 297
110 112 95 99
110 113 947 39
110 114 524 224
110 115 635 317
110 116 266 312
110 117 856 146
110 118 176 240
110 119 188 156
110 120 294 304
110 121 857 69
111 112 34 349
111 113 818 40
111 114 238 43
111 115 990 159
111 116 150 348
111 117 21 271
111 118 781 149
111 119 32 137
111 120 936 137
111 121 549 138
112 122 853 191
112 123 422 39
112 124 101 189
112 125 203 347
112 126 415 342
112 127 748 203
112 128 642 140
112 129 325 163
112 130 698 260
112 131 919 121
113 122 57 294
113 123 56 39
113 124 656 267
113 125 802 340
113 126 94 149
113 127 624 353
113 128 803 351
113 129 304 293
113 130 548 88
113 131 286 331
114 122 512 121
114 123 257 346
114 124 194 320
114 125 804 88
114 126 222 218
114 127 433 276
114 128 186 39
114 129 39 217
114 130 769 156
114 131 900 326
115 122 234 232
115 123 894 355
115 124 831 181
115 125 2 2
115 126 891 159
115 127 533 270
115 128 728 180
115 129 576 208
115 130 533 162
115 131 921 184
116 122 213 235
116 123 424 31
116 124 764 188
116 125 331 299
116 126 863 7
116 127 705 269
116 128 339 80
116 129 551 283
116 130 268 258
116 131 488 318
117 122 34 157
117 123 268 299
117 124 123 95
117 125 383 331
117 126 940 193
117 127 651 69
117 128 723 44
117 129 665 207
117 130 52 51
117 131 537 62
118 122 979 300
118 123 544 53
118 124 311 115
118 125 948 249
118 126 98 278
118 127 370 33
118 128 72 192
118 129 145 340
118 130 598 117
118 131 850 288
119 122 106 70
119 123 99 322
119 124 776 22
119 125 289 204
119 126 846 17
119 127 748 16
119 128 162 308
119 129 12 354
119 130 434 307
119 131 576 84
120 122 757 157
120 123 164 346
120 124 760 95
120 125 413 170
120 126 113 320
120 127 380 72
120 128 203 138
120 129 616 35
120 130 8 138
120 131 534 76
121 122 594 342
121 123 373 96
121 124 606 25
121 125 312 354
121 126 702 208
121 127 231 73
121 128 753 151
121 129 431 208
121 130 188 185
121 131 302 18
122 132 974 41
122 133 970 279
122 134 726 187
122 135 23 96
122 136 299 249
122 137 22 253
122 138 524 310
122 139 791 192
122 140 893 348
122 141 659 311
123 132 994 46
123 133 148 190
123 134 269 237
123 135 428 168
123 136 634 100
123 137 110 196
123 138 548 90
123 139 743 319
123 140 791 107
123 141 95 22
124 132 250 339
124 133 964 324
124 134 78 237
124 135 719 165
124 136 642 30
124 137 580 315
124 138 53 53
124 139 701 338
124 140 283 179
124 141 984 42
125 132 95 302
125 133 634 255
125 134 793 353
125 135 638 160
125 136 664 342
125 137 524 201
125 138 202 216
125 139 988 131
125 140 968 57
125 141 117 314
126 132 486 306
126 133 513 3
126 134 586 292
126 135 636 324
126 136 467 26
126 137 812 220
126 138 122 120
126 139 526 16
126 140 695 67
126 141 965 171
127 132 507 207
127 133 745 195
127 134 572 166
127 135 106 282
127 136 355 147
127 137 998 226
127 138 557 91
127 139 807 197
127 140 662 334
127 141 973 126
128 132 45 299
128 133 883 62
128 134 162 52
128 135 897 232
128 136 854 212
128 137 17 212
128 138 940 234
128 139 811 32
128 140 227 88
128 141 12 69
129 132 596 84
129 133 86 19
129 134 337 63
129 135 240 333
129 136 945 131
129 137 1000 25
129 138 4 8
129 139 627 264
129 140 363 136
129 141 702 48
130 132 468 127
130 133 221 4
130 134 985 336
130 135 807 284
130 136 107 93
130 137 87 81
130 138 963 288
130 139 628 263
130 140 632 78
130 141 184 156
131 132 135 226
131 133 477 21
131 134 237 280
131 135 673 240
131 136 527 243
131 137 565 5
131 138 496 231
131 139 459 146
131 140 213 125
131 141 871 65
132 142 67 13
132 143 336 175
132 144 961 143
132 145 256 349
132 146 966 257
132 147 36 163
132 148 374 10
132 149 635 269
132 150 636 108
132 151 632 10
133 142 41 285
133 143 829 143
133 144 839 300
133 145 556 344
133 146 513 313
133 147 580 276
133 148 489 219
133 149 822 293
133 150 532 318
133 151 964 309
134 142 653 57
134 143 365 132
134 144 323 33
134 145 266 62
134 146 626 34
134 147 83 87
134 148 525 232
134 149 438 55
134 150 828 273
134 151 455 163
135 142 234 339
135 143 199 338
135 144 737 251
135 145 702 188
135 146 23 191
135 147 836 129
135 148 567 203
135 149 545 304
135 150 102 230
135 151 762 253
136 142 629 316
136 143 13 281
136 144 322 184
136 145 944 166
136 146 632 107
136 147 568 78
136 148 669 215
136 149 612 186
136 150 965 66
136 151 252 29
137 142 869 97
137 143 469 112
137 144 601 97
137 145 247 248
137 146 666 134
137 147 704 2
137 148 242 259
137 149 229 183
137 150 772 76
137 151 717 272
138 142 776 283
138 143 734 12
138 144 152 323
138 145 479 49
138 146 928 150
138 147 834 331
138 148 639 27
138 149 704 116
138 150 850 150
138 151 27 337
139 142 464 80
139 143 834 116
139 144 261 274
139 145 203 306
139 146 378 150
139 147 892 336
139 148 582 224
139 149 110 42
139 150 872 166
139 151 717 139
140 142 844 16
140 143 388 319
140 144 148 52
140 145 597 231
140 146 785 209
140 147 961 208
140 148 673 347
140 149 876 7
140 150 717 196
140 151 816 115
141 142 493 6
141 143 502 150
141 144 257 92
141 145 881 17
141 146 75 156
141 147 515 81
141 148 400 29
141 149 646 156
141 150 270 244
141 151 411 306
142 152 979 151
143 152 487 67
144 152 912 74
145 152 124 230
146 152 293 74
147 152 231 320
148 152 409 273
149 152 671 123
150 152 522 20
151 152 942 56
