152 1420 1 152 7 355
1 2 75 258
1 3 202 24
1 4 377 201
1 5 571 122
1 6 504 220
1 7 164 234
1 8 732 324
1 9 342 128
1 10 623 38
1 11 474 33
2 12 30 108
2 13 580 340
2 14 660 185
2 15 845 292
2 16 239 143
2 17 712 14
2 18 381 334
2 19 557 112
2 20 429 59
2 21 235 336
3 12 210 125
3 13 541 328
3 14 367 25
3 15 536 300
3 16 885 162
3 17 18 24
3 18 218 66
3 19 301 29
3 20 198 245
3 21 461 180
4 12 231 199
4 13 602 138
4 14 327 256
4 15 782 222
4 16 675 98
4 17 693 339
4 18 435 316
4 19 520 295
4 20 188 254
4 21 37 15
5 12 326 137
5 13 568 137
5 14 417 320
5 15 196 276
5 16 814 253
5 17 19 104
5 18 847 316
5 19 669 263
5 20 387 36
5 21 103 217
6 12 118 137
6 13 919 197
6 14 119 104
6 15 201 254
6 16 284 283
6 17 919 55
6 18 199 315
6 19 87 215
6 20 907 355
6 21 409 112
7 12 107 97
7 13 327 169
7 14 690 100
7 15 150 170
7 16 476 329
7 17 563 299
7 18 135 156
7 19 911 268
7 20 560 76
7 21 444 173
8 12 554 130
8 13 410 293
8 14 917 212
8 15 935 149
8 16 738 54
8 17 747 22
8 18 927 316
8 19 386 47
8 20 988 294
8 21 461 84
9 12 924 102
9 13 395 129
9 14 343 21
9 15 184 18
9 16 710 267
9 17 134 12
9 18 551 115
9 19 895 92
9 20 289 345
9 21 558 36
10 12 73 95
10 13 928 18
10 14 401 61
10 15 553 238
10 16 408 276
10 17 424 160
10 18 11 177
10 19 978 173
10 20 414 255
10 21 798 28
11 12 721 84
11 13 427 283
11 14 868 240
11 15 168 255
11 16 895 119
11 17 708 342
11 18 985 291
11 19 262 83
11 20 96 155
11 21 540 301
12 22 926 320
12 23 480 140
12 24 590 100
12 25 213 311
12 26 833 270
12 27 995 163
12 28 828 153
12 29 972 85
12 30 898 16
12 31 629 125
13 22 596 78
13 23 773 277
13 24 960 342
13 25 878 264
13 26 566 332
13 27 798 260
13 28 955 240
13 29 791 289
13 30 242 186
13 31 38 111
14 22 479 230
14 23 738 326
14 24 363 9
14 25 84 87
14 26 929 22
14 27 593 251
14 28 226 111
14 29 82 313
14 30 509 260
14 31 34 112
15 22 412 244
15 23 587 42
15 24 856 22
15 25 600 64
15 26 455 212
15 27 270 23
15 28 989 340
15 29 210 274
15 30 103 218
15 31 939 343
16 22 906 327
16 23 754 77
16 24 430 201
16 25 48 215
16 26 667 157
16 27 825 3
16 28 754 192
16 29 832 77
16 30 281 308
16 31 826 24
17 22 88 219
17 23 674 168
17 24 880 129
17 25 178 280
17 26 688 352
17 27 963 10
17 28 992 74
17 29 169 353
17 30 223 125
17 31 995 38
18 22 441 98
18 23 292 309
18 24 539 190
18 25 246 342
18 26 975 255
18 27 272 70
18 28 75 246
18 29 984 4
18 30 684 20
18 31 802 237
19 22 25 329
19 23 742 64
19 24 833 352
19 25 907 181
19 26 823 112
19 27 624 93
19 28 373 352
19 29 178 45
19 30 830 84
19 31 911 328
20 22 986 320
20 23 98 171
20 24 238 269
20 25 328 228
20 26 541 198
20 27 44 117
20 28 845 187
20 29 757 85
20 30 30 65
20 31 769 91
21 22 195 145
21 23 862 264
21 24 611 226
21 25 29 353
21 26 451 121
21 27 557 111
21 28 31 8
21 29 356 59
21 30 721 173
21 31 344 205
22 32 349 105
22 33 443 159
22 34 629 343
22 35 801 75
22 36 244 70
22 37 199 128
22 38 323 148
22 39 715 301
22 40 307 240
22 41 751 252
23 32 11 147
23 33 856 330
23 34 239 303
23 35 635 235
23 36 238 134
23 37 249 349
23 38 395 317
23 39 125 179
23 40 655 177
23 41 546 353
24 32 638 153
24 33 801 236
24 34 474 14
24 35 255 354
24 36 848 151
24 37 214 26
24 38 514 327
24 39 464 85
24 40 889 131
24 41 316 124
25 32 220 105
25 33 376 247
25 34 14 216
25 35 462 183
25 36 513 262
25 37 686 156
25 38 83 180
25 39 431 294
25 40 882 6
25 41 387 262
26 32 209 45
26 33 374 311
26 34 266 98
26 35 248 306
26 36 595 228
26 37 634 333
26 38 733 229
26 39 474 326
26 40 391 134
26 41 239 89
27 32 320 191
27 33 412 234
27 34 724 68
27 35 964 92
27 36 281 125
27 37 961 99
27 38 717 268
27 39 75 140
27 40 369 107
27 41 154 135
28 32 754 168
28 33 879 30
28 34 306 187
28 35 852 244
28 36 91 148
28 37 745 50
28 38 430 335
28 39 595 100
28 40 59 75
28 41 462 161
29 32 246 133
29 33 954 8
29 34 388 196
29 35 259 185
29 36 814 236
29 37 930 103
29 38 111 282
29 39 861 201
29 40 15 348
29 41 408 45
30 32 846 331
30 33 865 26
30 34 892 251
30 35 192 326
30 36 10 109
30 37 723 262
30 38 825 276
30 39 403 6
30 40 19 289
30 41 559 245
31 32 95 162
31 33 594 305
31 34 40 194
31 35 572 303
31 36 566 71
31 37 449 265
31 38 691 268
31 39 487 32
31 40 740 230
31 41 316 173
32 42 611 122
32 43 950 71
32 44 685 239
32 45 221 224
32 46 465 71
32 47 267 341
32 48 555 37
32 49 933 93
32 50 254 189
32 51 666 95
33 42 252 285
33 43 545 166
33 44 422 126
33 45 595 224
33 46 798 103
33 47 492 235
33 48 744 116
33 49 763 50
33 50 903 117
33 51 957 204
34 42 210 275
34 43 605 347
34 44 4 125
34 45 418 199
34 46 339 170
34 47 931 181
34 48 915 246
34 49 81 61
34 50 484 322
34 51 48 154
35 42 836 107
35 43 758 146
35 44 847 308
35 45 473 118
35 46 87 170
35 47 9 153
35 48 365 219
35 49 925 179
35 50 856 151
35 51 415 344
36 42 152 279
36 43 935 93
36 44 354 129
36 45 992 128
36 46 187 171
36 47 229 91
36 48 921 234
36 49 751 175
36 50 510 228
36 51 158 327
37 42 2 244
37 43 460 85
37 44 438 31
37 45 34 193
37 46 685 51
37 47 187 119
37 48 958 165
37 49 610 84
37 50 404 6
37 51 207 73
38 42 854 133
38 43 927 63
38 44 348 155
38 45 736 170
38 46 352 89
38 47 142 342
38 48 216 295
38 49 359 155
38 50 612 116
38 51 734 219
39 42 820 280
39 43 897 228
39 44 491 195
39 45 176 131
39 46 779 70
39 47 604 54
39 48 236 292
39 49 702 338
39 50 493 156
39 51 751 132
40 42 979 35
40 43 399 241
40 44 8 310
40 45 272 83
40 46 130 159
40 47 3 37
40 48 290 178
40 49 538 232
40 50 369 68
40 51 338 144
41 42 864 6
41 43 977 274
41 44 147 74
41 45 47 291
41 46 597 338
41 47 655 174
41 48 63 78
41 49 128 210
41 50 436 136
41 51 432 130
42 52 368 339
42 53 966 171
42 54 914 79
42 55 820 60
42 56 961 281
42 57 34 188
42 58 631 323
42 59 414 141
42 60 799 347
42 61 915 242
43 52 773 342
43 53 724 170
43 54 537 317
43 55 119 87
43 56 490 97
43 57 2 253
43 58 842 111
43 59 930 322
43 60 219 128
43 61 424 202
44 52 720 117
44 53 82 126
44 54 481 107
44 55 583 281
44 56 394 251
44 57 110 354
44 58 593 1
44 59 320 80
44 60 372 9
44 61 722 272
45 52 254 38
45 53 70 201
45 54 208 104
45 55 355 123
45 56 617 3
45 57 184 219
45 58 575 311
45 59 808 106
45 60 420 130
45 61 926 262
46 52 830 287
46 53 225 147
46 54 235 351
46 55 956 292
46 56 278 23
46 57 139 334
46 58 571 245
46 59 966 307
46 60 939 42
46 61 143 114
47 52 536 80
47 53 736 245
47 54 951 175
47 55 364 254
47 56 354 193
47 57 886 282
47 58 628 348
47 59 546 350
47 60 631 203
47 61 671 230
48 52 755 233
48 53 981 285
48 54 976 301
48 55 833 143
48 56 347 124
48 57 94 285
48 58 774 257
48 59 636 317
48 60 218 286
48 61 759 245
49 52 324 44
49 53 871 68
49 54 735 136
49 55 46 142
49 56 636 311
49 57 972 24
49 58 550 233
49 59 374 245
49 60 200 107
49 61 256 212
50 52 372 41
50 53 224 64
50 54 467 37
50 55 358 130
50 56 294 75
50 57 101 296
50 58 660 53
50 59 936 50
50 60 403 140
50 61 487 279
51 52 420 92
51 53 126 52
51 54 898 48
51 55 889 54
51 56 290 84
51 57 123 344
51 58 966 86
51 59 266 122
51 60 655 35
51 61 908 199
52 62 679 71
52 63 684 292
52 64 360 262
52 65 755 299
52 66 167 334
52 67 796 338
52 68 766 227
52 69 285 207
52 70 514 68
52 71 582 81
53 62 125 125
53 63 437 282
53 64 342 89
53 65 755 274
53 66 555 21
53 67 869 244
53 68 586 268
53 69 311 327
53 70 994 128
53 71 842 324
54 62 532 293
54 63 511 301
54 64 319 153
54 65 964 95
54 66 758 183
54 67 742 113
54 68 322 73
54 69 495 166
54 70 379 290
54 71 797 40
55 62 657 41
55 63 348 153
55 64 877 284
55 65 50 339
55 66 164 70
55 67 976 46
55 68 819 93
55 69 102 89
55 70 927 246
55 71 541 263
56 62 939 28
56 63 197 128
56 64 348 309
56 65 876 183
56 66 101 43
56 67 39 32
56 68 298 181
56 69 922 311
56 70 839 342
56 71 563 181
57 62 925 253
57 63 820 147
57 64 38 113
57 65 563 183
57 66 963 55
57 67 453 347
57 68 552 205
57 69 907 318
57 70 682 176
57 71 325 49
58 62 434 337
58 63 916 311
58 64 521 346
58 65 166 48
58 66 994 328
58 67 126 219
58 68 954 97
58 69 958 195
58 70 715 53
58 71 133 83
59 62 339 322
59 63 307 32
59 64 204 288
59 65 275 24
59 66 594 97
59 67 7 135
59 68 374 48
59 69 336 298
59 70 792 279
59 71 861 351
60 62 313 71
60 63 112 144
60 64 605 292
60 65 753 224
60 66 407 51
60 67 86 19
60 68 665 232
60 69 197 269
60 70 166 96
60 71 890 296
61 62 443 150
61 63 861 85
61 64 234 285
61 65 976 329
61 66 632 215
61 67 997 154
61 68 666 299
61 69 77 302
61 70 651 64
61 71 679 273
62 72 62 159
62 73 638 260
62 74 413 80
62 75 503 146
62 76 939 27
62 77 642 224
62 78 721 220
62 79 869 30
62 80 380 286
62 81 495 290
63 72 13 232
63 73 384 101
63 74 57 270
63 75 74 275
63 76 103 140
63 77 635 280
63 78 524 112
63 79 639 23
63 80 10 12
63 81 249 267
64 72 611 57
64 73 859 267
64 74 428 293
64 75 840 302
64 76 877 353
64 77 153 265
64 78 12 291
64 79 794 316
64 80 1000 124
64 81 313 249
65 72 99 327
65 73 422 248
65 74 32 113
65 75 279 53
65 76 717 149
65 77 706 74
65 78 807 286
65 79 339 164
65 80 412 16
65 81 662 42
66 72 293 160
66 73 124 152
66 74 768 43
66 75 896 150
66 76 39 5
66 77 912 90
66 78 875 84
66 79 467 13
66 80 14 336
66 81 100 132
67 72 417 55
67 73 396 192
67 74 511 38
67 75 856 110
67 76 581 105
67 77 813 224
67 78 666 318
67 79 924 220
67 80 176 325
67 81 49 16
68 72 746 188
68 73 823 175
68 74 646 66
68 75 669 317
68 76 52 143
68 77 159 172
68 78 689 352
68 79 741 68
68 80 334 186
68 81 480 170
69 72 458 43
69 73 418 212
69 74 784 337
69 75 161 168
69 76 938 303
69 77 194 268
69 78 647 229
69 79 196 44
69 80 880 162
69 81 956 255
70 72 149 90
70 73 51 71
70 74 469 96
70 75 394 248
70 76 705 298
70 77 392 199
70 78 389 64
70 79 989 118
70 80 659 125
70 81 477 264
71 72 280 339
71 73 940 135
71 74 621 212
71 75 765 206
71 76 678 108
71 77 265 323
71 78 305 322
71 79 126 184
71 80 916 281
71 81 883 308
72 82 463 83
72 83 465 141
72 84 505 39
72 85 708 12
72 86 455 89
72 87 510 174
72 88 736 84
72 89 558 41
72 90 489 79
72 91 499 355
73 82 790 57
73 83 58 329
73 84 825 224
73 85 373 192
73 86 310 99
73 87 957 161
73 88 374 174
73 89 848 223
73 90 289 175
73 91 344 124
74 82 86 331
74 83 837 41
74 84 557 285
74 85 858 325
74 86 784 345
74 87 396 217
74 88 303 276
74 89 118 79
74 90 657 204
74 91 795 257
75 82 487 225
75 83 992 54
75 84 928 235
75 85 64 283
75 86 399 151
75 87 831 263
75 88 817 122
75 89 140 149
75 90 294 295
75 91 109 268
76 82 433 140
76 83 501 58
76 84 741 122
76 85 135 190
76 86 432 119
76 87 988 102
76 88 590 18
76 89 647 349
76 90 43 88
76 91 332 319
77 82 398 222
77 83 108 179
77 84 232 41
77 85 988 222
77 86 531 209
77 87 286 94
77 88 916 111
77 89 119 184
77 90 527 22
77 91 42 292
78 82 598 144
78 83 232 96
78 84 802 329
78 85 81 317
78 86 857 103
78 87 503 229
78 88 659 188
78 89 999 112
78 90 449 60
78 91 14 179
79 82 738 318
79 83 141 144
79 84 501 69
79 85 998 331
79 86 514 341
79 87 852 125
79 88 296 48
79 89 731 142
79 90 234 237
79 91 334 120
80 82 513 317
80 83 383 77
80 84 338 198
80 85 721 229
80 86 188 60
80 87 495 58
80 88 501 324
80 89 811 186
80 90 27 289
80 91 782 277
81 82 621 170
81 83 675 147
81 84 160 35
81 85 116 204
81 86 396 244
81 87 995 112
81 88 613 305
81 89 442 102
81 90 679 56
81 91 82 272
82 92 338 48
82 93 368 138
82 94 520 243
82 95 642 323
82 96 298 328
82 97 53 268
82 98 191 91
82 99 373 227
82 100 866 39
82 101 718 77
83 92 987 148
83 93 423 43
83 94 82 138
83 95 915 6
83 96 992 158
83 97 96 303
83 98 996 239
83 99 376 41
83 100 704 153
83 101 127 60
84 92 841 108
84 93 272 253
84 94 189 228
84 95 291 236
84 96 438 296
84 97 33 93
84 98 232 348
84 99 149 220
84 100 829 7
84 101 703 121
85 92 898 342
85 93 634 248
85 94 175 347
85 95 688 298
85 96 347 144
85 97 466 204
85 98 465 278
85 99 348 109
85 100 701 338
85 101 24 101
86 92 657 2
86 93 62 128
86 94 802 41
86 95 410 298
86 96 422 52
86 97 409 336
86 98 495 319
86 99 445 323
86 100 616 123
86 101 770 140
87 92 172 300
87 93 688 120
87 94 903 108
87 95 941 281
87 96 911 318
87 97 537 96
87 98 251 23
87 99 929 3
87 100 76 59
87 101 203 111
88 92 484 215
88 93 912 2
88 94 796 6
88 95 271 80
88 96 853 341
88 97 878 292
88 98 592 153
88 99 142 266
88 100 402 67
88 101 532 167
89 92 531 62
89 93 353 84
89 94 308 266
89 95 552 171
89 96 514 77
89 97 361 152
89 98 127 55
89 99 536 218
89 100 753 310
89 101 750 157
90 92 435 330
90 93 141 4
90 94 810 123
90 95 783 169
90 96 909 215
90 97 122 194
90 98 358 199
90 99 600 277
90 100 609 186
90 101 19 131
91 92 67 242
91 93 213 152
91 94 153 166
91 95 423 9
91 96 848 33
91 97 688 176
91 98 233 351
91 99 918 26
91 100 438 230
91 101 887 105
92 102 371 133
92 103 72 19
92 104 560 54
92 105 934 274
92 106 867 10
92 107 790 181
92 108 130 193
92 109 325 69
92 110 966 44
92 111 761 206
93 102 880 27
93 103 323 257
93 104 72 110
93 105 389 13
93 106 799 281
93 107 698 158
93 108 272 226
93 109 691 117
93 110 705 69
93 111 667 277
94 102 445 260
94 103 918 188
94 104 384 311
94 105 740 115
94 106 517 184
94 107 244 128
94 108 231 290
94 109 231 239
94 110 658 2
94 111 448 250
95 102 705 266
95 103 228 65
95 104 489 257
95 105 365 107
95 106 626 222
95 107 408 263
95 108 680 122
95 109 717 330
95 110 129 343
95 111 783 118
96 102 272 251
96 103 61 225
96 104 250 254
96 105 27 215
96 106 960 118
96 107 290 216
96 108 903 131
96 109 993 2
96 110 994 158
96 111 107 317
97 102 592 178
97 103 954 123
97 104 742 198
97 105 762 60
97 106 43 165
97 107 748 63
97 108 539 25
97 109 371 3
97 110 765 109
97 111 59 30
98 102 15 150
98 103 88 140
98 104 314 213
98 105 369 345
98 106 476 214
98 107 190 282
98 108 762 211
98 109 127 176
98 110 840 20
98 111 123 204
99 102 56 7
99 103 715 215
99 104 691 173
99 105 119 121
99 106 83 97
99 107 86 145
99 108 912 91
99 109 116 165
99 110 198 140
99 111 183 236
100 102 853 184
100 103 15 161
100 104 777 110
100 105 409 221
100 106 721 315
100 107 598 148
100 108 987 288
100 109 517 154
100 110 74 261
100 111 389 212
101 102 476 349
101 103 426 335
101 104 53 223
101 105 74 294
101 106 684 123
101 107 965 347
101 108 553 172
101 109 41 115
101 110 219 353
101 111 485 241
102 112 86 54
102 113 523 32
102 114 626 200
102 115 619 135
102 116 717 306
102 117 775 290
102 118 420 155
102 119 131 36
102 120 243 21
102 121 12 151
103 112 62 154
103 113 269 207
103 114 851 258
103 115 811 241
103 116 759 8
103 117 337 105
103 118 60 90
103 119 799 27
103 120 985 325
103 121 31 289
104 112 221 21
104 113 723 233
104 114 487 172
104 115 575 86
104 116 392 180
104 117 944 21
104 118 235 210
104 119 489 158
104 120 679 335
104 121 670 146
105 112 976 306
105 113 209 188
105 114 247 244
105 115 599 92
105 116 101 86
105 117 136 116
105 118 349 345
105 119 28 275
105 120 195 68
105 121 758 75
106 112 622 184
106 113 226 336
106 114 715 1
106 115 551 9
106 116 1000 322
106 117 259 267
106 118 703 339
106 119 969 274
106 120 442 287
106 121 752 128
107 112 268 212
107 113 981 238
107 114 170 237
107 115 765 232
107 116 139 284
107 117 581 2
107 118 63 340
107 119 340 107
107 120 454 176
107 121 87 166
108 112 577 25
108 113 69 169
108 114 740 253
108 115 249 36
108 116 207 156
108 117 171 8
108 118 297 346
108 119 890 294
108 120 444 152
108 121 362 308
109 112 877 319
109 113 82 118
109 114 447 101
109 115 262 2
109 116 280 152
109 117 794 44
109 118 571 315
109 119 804 163
109 120 968 297
109 121 914 273
110 112 144 158
110 113 402 213
110 114 338 240
110 115 449 234
110 116 188 94
110 117 399 125
110 118 32 314
110 119 147 242
110 120 356 7
110 121 61 104
111 112 954 79
111 113 559 185
111 114 287 347
111 115 991 137
111 116 70 107
111 117 217 110
111 118 441 270
111 119 988 343
111 120 704 308
111 121 331 52
112 122 609 143
112 123 267 279
112 124 403 17
112 125 825 72
112 126 777 263
112 127 574 183
112 128 77 261
112 129 123 115
112 130 866 17
112 131 738 66
113 122 445 108
113 123 886 71
113 124 128 143
113 125 306 112
113 126 574 179
113 127 697 320
113 128 335 351
113 129 841 193
113 130 459 289
113 131 982 211
114 122 913 16
114 123 739 7
114 124 267 290
114 125 15 285
114 126 859 20
114 127 488 314
114 128 707 162
114 129 733 296
114 130 506 122
114 131 861 100
115 122 207 352
115 123 369 246
115 124 896 170
115 125 127 94
115 126 467 214
115 127 632 14
115 128 306 240
115 129 981 17
115 130 330 298
115 131 764 84
116 122 132 340
116 123 936 199
116 124 197 99
116 125 149 334
116 126 281 317
116 127 532 32
116 128 753 130
116 129 749 220
116 130 171 218
116 131 27 81
117 122 243 143
117 123 831 121
117 124 906 234
117 125 907 60
117 126 591 83
117 127 357 5
117 128 281 53
117 129 235 170
117 130 435 167
117 131 423 86
118 122 9 204
118 123 486 236
118 124 414 231
118 125 412 309
118 126 812 3
118 127 838 109
118 128 220 347
118 129 367 70
118 130 443 66
118 131 985 131
119 122 462 187
119 123 898 49
119 124 277 229
119 125 536 216
119 126 664 62
119 127 884 244
119 128 859 330
119 129 193 75
119 130 139 84
119 131 747 19
120 122 565 13
120 123 850 45
120 124 78 77
120 125 780 291
120 126 861 339
120 127 762 172
120 128 126 277
120 129 383 174
120 130 640 315
120 131 436 4
121 122 408 240
121 123 734 280
121 124 131 99
121 125 29 149
121 126 957 158
121 127 687 299
121 128 728 8
121 129 442 171
121 130 813 348
121 131 653 4
122 132 871 194
122 133 58 132
122 134 916 270
122 135 754 13
122 136 66 50
122 137 103 146
122 138 742 301
122 139 656 115
122 140 579 277
122 141 615 70
123 132 669 73
123 133 182 100
123 134 852 218
123 135 302 112
123 136 28 208
123 137 917 325
123 138 984 320
123 139 566 309
123 140 107 103
123 141 302 196
124 132 667 166
124 133 172 37
124 134 494 55
124 135 864 164
124 136 553 269
124 137 901 163
124 138 435 339
124 139 20 133
124 140 903 39
124 141 935 49
125 132 613 77
125 133 596 59
125 134 512 14
125 135 124 349
125 136 216 338
125 137 671 248
125 138 899 92
125 139 741 194
125 140 797 148
125 141 376 53
126 132 211 41
126 133 485 296
126 134 185 156
126 135 146 197
126 136 730 264
126 137 226 178
126 138 676 348
126 139 16 41
126 140 319 292
126 141 579 197
127 132 581 35
127 133 842 204
127 134 816 236
127 135 339 23
127 136 600 279
127 137 8 51
127 138 414 354
127 139 701 307
127 140 630 201
127 141 893 349
128 132 330 147
128 133 616 321
128 134 770 138
128 135 82 44
128 136 139 48
128 137 487 262
128 138 784 49
128 139 843 284
128 140 954 117
128 141 17 333
129 132 942 323
129 133 226 89
129 134 972 183
129 135 650 138
129 136 678 93
129 137 449 98
129 138 324 278
129 139 598 121
129 140 297 160
129 141 449 111
130 132 287 174
130 133 573 77
130 134 218 59
130 135 646 172
130 136 304 216
130 137 528 77
130 138 143 46
130 139 16 80
130 140 152 76
130 141 128 57
131 132 712 217
131 133 142 9
131 134 199 270
131 135 236 159
131 136 377 209
131 137 805 234
131 138 296 313
131 139 693 330
131 140 971 276
131 141 552 197
132 142 944 270
132 143 219 20
132 144 729 115
132 145 707 197
132 146 315 291
132 147 863 130
132 148 952 114
132 149 983 135
132 150 654 3
132 151 382 87
133 142 589 179
133 143 143 207
133 144 913 89
133 145 335 93
133 146 378 344
133 147 570 199
133 148 642 258
133 149 793 341
133 150 580 86
133 151 488 84
134 142 973 28
134 143 827 152
134 144 653 141
134 145 677 22
134 146 264 208
134 147 808 333
134 148 979 63
134 149 60 199
134 150 800 251
134 151 540 277
135 142 819 175
135 143 625 4
135 144 227 275
135 145 843 124
135 146 133 46
135 147 558 297
135 148 275 249
135 149 283 344
135 150 523 18
135 151 733 277
136 142 202 14
136 143 54 194
136 144 258 309
136 145 91 98
136 146 642 323
136 147 769 336
136 148 806 11
136 149 610 107
136 150 798 105
136 151 489 14
137 142 965 57
137 143 309 59
137 144 34 212
137 145 446 250
137 146 54 190
137 147 788 194
137 148 436 97
137 149 867 57
137 150 149 45
137 151 895 96
138 142 257 168
138 143 612 100
138 144 932 130
138 145 141 170
138 146 619 51
138 147 453 8
138 148 253 296
138 149 971 345
138 150 597 34
138 151 448 133
139 142 576 36
139 143 98 79
139 144 821 316
139 145 766 348
139 146 594 51
139 147 883 298
139 148 469 64
139 149 641 264
139 150 445 225
139 151 937 262
140 142 72 311
140 143 446 119
140 144 507 25
140 145 665 314
140 146 635 61
140 147 165 346
140 148 800 55
140 149 891 262
140 150 734 85
140 151 989 39
141 142 197 256
141 143 522 347
141 144 24 67
141 145 688 268
141 146 794 88
141 147 631 173
141 148 148 10
141 149 416 343
141 150 990 32
141 151 439 100
142 152 680 40
143 152 843 165
144 152 153 155
145 152 184 305
146 152 296 117
147 152 262 207
148 152 27 202
149 152 990 251
150 152 274 345
151 152 857 259
