152 1420 1 152 7 355
1 2 925 310
1 3 511 153
1 4 931 274
1 5 73 52
1 6 825 277
1 7 107 315
1 8 124 276
1 9 441 334
1 10 457 141
1 11 536 67
2 12 758 2
2 13 717 76
2 14 771 179
2 15 921 7
2 16 666 187
2 17 371 289
2 18 555 180
2 19 232 345
2 20 759 354
2 21 709 278
3 12 713 15
3 13 668 268
3 14 277 346
3 15 310 302
3 16 827 103
3 17 321 180
3 18 188 237
3 19 65 206
3 20 555 174
3 21 561 327
4 12 148 255
4 13 743 61
4 14 624 178
4 15 869 142
4 16 730 126
4 17 647 320
4 18 930 124
4 19 146 56
4 20 441 177
4 21 938 132
5 12 464 274
5 13 256 201
5 14 481 224
5 15 969 329
5 16 167 42
5 17 856 63
5 18 980 287
5 19 109 134
5 20 238 254
5 21 989 325
6 12 738 243
6 13 715 40
6 14 36 313
6 15 150 122
6 16 960 245
6 17 449 235
6 18 633 60
6 19 586 88
6 20 986 14
6 21 127 3
7 12 428 243
7 13 352 15
7 14 125 150
7 15 101 89
7 16 361 50
7 17 616 73
7 18 829 350
7 19 734 81
7 20 154 351
7 21 783 90
8 12 154 182
8 13 881 256
8 14 262 176
8 15 768 104
8 16 108 340
8 17 257 304
8 18 749 195
8 19 184 193
8 20 747 312
8 21 17 64
9 12 156 308
9 13 804 284
9 14 1 285
9 15 241 45
9 16 984 242
9 17 331 281
9 18 277 152
9 19 681 141
9 20 453 113
9 21 806 172
10 12 576 237
10 13 821 296
10 14 517 148
10 15 845 134
10 16 569 204
10 17 30 20
10 18 688 62
10 19 785 332
10 20 251 226
10 21 870 279
11 12 192 163
11 13 738 134
11 14 209 148
11 15 606 311
11 16 679 134
11 17 691 66
11 18 230 97
11 19 491 58
11 20 775 78
11 21 859 52
12 22 82 294
12 23 345 285
12 24 33 231
12 25 336 183
12 26 863 220
12 27 380 70
12 28 705 299
12 29 309 6
12 30 87 263
12 31 237 236
13 22 567 141
13 23 598 231
13 24 426 158
13 25 812 150
13 26 427 193
13 27 391 259
13 28 739 277
13 29 506 296
13 30 78 233
13 31 202 338
14 22 290 118
14 23 560 340
14 24 704 189
14 25 586 302
14 26 288 168
14 27 84 235
14 28 100 37
14 29 587 87
14 30 43 155
14 31 32 273
15 22 994 49
15 23 982 5
15 24 979 183
15 25 912 280
15 26 32 289
15 27 603 268
15 28 250 82
15 29 814 73
15 30 84 296
15 31 150 111
16 22 156 339
16 23 879 200
16 24 763 351
16 25 558 65
16 26 683 178
16 27 463 188
16 28 695 35
16 29 332 230
16 30 175 162
16 31 714 103
17 22 653 302
17 23 191 325
17 24 873 90
17 25 747 325
17 26 77 59
17 27 741 220
17 28 449 40
17 29 500 186
17 30 937 26
17 31 572 336
18 22 20 157
18 23 366 249
18 24 86 152
18 25 911 38
18 26 859 249
18 27 161 116
18 28 198 119
18 29 215 147
18 30 452 27
18 31 295 160
19 22 342 297
19 23 124 28
19 24 134 221
19 25 853 169
19 26 749 11
19 27 218 180
19 28 511 129
19 29 161 254
19 30 411 207
19 31 974 79
20 22 807 113
20 23 779 89
20 24 468 210
20 25 52 68
20 26 571 35
20 27 465 231
20 28 672 224
20 29 437 62
20 30 276 109
20 31 926 101
21 22 755 248
21 23 457 175
21 24 690 5
21 25 378 348
21 26 709 304
21 27 559 298
21 28 88 181
21 29 923 355
21 30 45 312
21 31 429 264
22 32 951 274
22 33 870 103
22 34 366 300
22 35 169 120
22 36 164 106
22 37 508 125
22 38 256 183
22 39 589 155
22 40 967 114
22 41 322 117
23 32 387 345
23 33 277 136
23 34 59 16
23 35 448 134
23 36 769 140
23 37 904 9
23 38 491 2
23 39 943 197
23 40 921 62
23 41 700 159
24 32 251 274
24 33 363 247
24 34 529 307
24 35 555 308
24 36 885 33
24 37 228 92
24 38 926 227
24 39 747 344
24 40 832 282
24 41 14 107
25 32 326 218
25 33 976 230
25 34 65 138
25 35 247 202
25 36 580 70
25 37 694 145
25 38 421 293
25 39 826 327
25 40 536 141
25 41 608 45
26 32 185 352
26 33 965 280
26 34 308 223
26 35 494 196
26 36 601 56
26 37 208 305
26 38 651 39
26 39 932 129
26 40 660 267
26 41 154 324
27 32 353 121
27 33 97 26
27 34 353 102
27 35 690 56
27 36 302 60
27 37 929 354
27 38 773 52
27 39 564 107
27 40 339 319
27 41 289 19
28 32 838 101
28 33 294 92
28 34 34 131
28 35 498 323
28 36 241 22
28 37 829 70
28 38 796 20
28 39 363 292
28 40 207 251
28 41 506 335
29 32 772 241
29 33 70 290
29 34 206 65
29 35 819 87
29 36 468 288
29 37 369 131
29 38 525 211
29 39 599 40
29 40 912 130
29 41 304 320
30 32 536 293
30 33 915 166
30 34 203 197
30 35 936 3
30 36 909 132
30 37 126 332
30 38 388 59
30 39 751 43
30 40 524 38
30 41 579 165
31 32 875 257
31 33 94 98
31 34 156 316
31 35 280 326
31 36 894 214
31 37 942 315
31 38 886 191
31 39 637 269
31 40 867 46
31 41 517 18
32 42 884 254
32 43 172 260
32 44 129 333
32 45 888 130
32 46 769 302
32 47 352 238
32 48 189 59
32 49 21 87
32 50 131 331
32 51 826 60
33 42 156 6
33 43 876 247
33 44 980 132
33 45 499 339
33 46 783 27
33 47 518 118
33 48 445 93
33 49 90 146
33 50 321 11
33 51 61 135
34 42 515 183
34 43 957 260
34 44 953 81
34 45 802 107
34 46 640 151
34 47 368 259
34 48 911 313
34 49 430 295
34 50 456 224
34 51 796 41
35 42 352 330
35 43 438 284
35 44 639 143
35 45 626 121
35 46 932 150
35 47 759 203
35 48 839 140
35 49 152 116
35 50 546 149
35 51 419 83
36 42 669 132
36 43 820 314
36 44 19 202
36 45 486 132
36 46 611 11
36 47 967 46
36 48 854 254
36 49 643 61
36 50 477 86
36 51 95 147
37 42 772 218
37 43 190 217
37 44 923 305
37 45 642 50
37 46 61 250
37 47 375 189
37 48 425 127
37 49 916 143
37 50 32 329
37 51 144 255
38 42 546 222
38 43 583 235
38 44 151 49
38 45 548 51
38 46 537 211
38 47 901 159
38 48 243 10
38 49 442 123
38 50 279 66
38 51 718 336
39 42 369 203
39 43 303 262
39 44 997 231
39 45 503 246
39 46 620 39
39 47 259 305
39 48 536 293
39 49 229 138
39 50 629 118
39 51 331 15
40 42 499 65
40 43 842 226
40 44 171 82
40 45 228 202
40 46 64 192
40 47 572 255
40 48 510 81
40 49 617 1
40 50 419 173
40 51 139 238
41 42 917 102
41 43 655 225
41 44 344 327
41 45 536 186
41 46 723 318
41 47 220 108
41 48 407 300
41 49 69 310
41 50 175 251
41 51 504 279
42 52 721 140
42 53 26 224
42 54 395 140
42 55 527 47
42 56 184 70
42 57 338 128
42 58 644 194
42 59 562 292
42 60 681 153
42 61 994 284
43 52 673 317
43 53 459 270
43 54 59 44
43 55 535 266
43 56 866 190
43 57 13 290
43 58 534 142
43 59 762 125
43 60 305 244
43 61 96 222
44 52 284 164
44 53 709 342
44 54 541 19
44 55 767 234
44 56 776 157
44 57 341 303
44 58 712 137
44 59 705 251
44 60 50 286
44 61 221 70
45 52 193 305
45 53 654 205
45 54 591 112
45 55 255 107
45 56 259 81
45 57 184 285
45 58 409 187
45 59 120 115
45 60 822 135
45 61 157 69
46 52 677 269
46 53 960 14
46 54 856 260
46 55 770 150
46 56 905 295
46 57 908 284
46 58 189 98
46 59 930 22
46 60 325 71
46 61 918 76
47 52 396 137
47 53 323 131
47 54 11 136
47 55 377 44
47 56 147 76
47 57 401 224
47 58 998 48
47 59 181 115
47 60 285 240
47 61 404 334
48 52 651 349
48 53 731 69
48 54 593 253
48 55 8 257
48 56 689 140
48 57 426 68
48 58 352 281
48 59 399 86
48 60 407 211
48 61 238 345
49 52 193 5
49 53 34 120
49 54 588 286
49 55 574 139
49 56 54 142
49 57 960 319
49 58 9 313
49 59 853 280
49 60 997 331
49 61 339 177
50 52 206 282
50 53 147 77
50 54 975 68
50 55 573 66
50 56 884 151
50 57 552 124
50 58 982 137
50 59 262 169
50 60 576 121
50 61 948 232
51 52 527 202
51 53 395 24
51 54 752 267
51 55 87 169
51 56 239 209
51 57 433 329
51 58 361 299
51 59 530 146
51 60 501 195
51 61 453 172
52 62 796 40
52 63 861 268
52 64 825 7
52 65 247 333
52 66 449 222
52 67 728 188
52 68 588 292
52 69 363 258
52 70 439 306
52 71 258 353
53 62 314 189
53 63 316 248
53 64 872 77
53 65 342 99
53 66 67 195
53 67 841 159
53 68 256 95
53 69 199 228
53 70 698 69
53 71 223 120
54 62 327 251
54 63 111 171
54 64 524 281
54 65 422 205
54 66 647 337
54 67 208 305
54 68 899 349
54 69 640 166
54 70 503 259
54 71 120 67
55 62 837 26
55 63 321 69
55 64 577 95
55 65 21 155
55 66 212 70
55 67 593 241
55 68 197 276
55 69 970 310
55 70 137 112
55 71 757 86
56 62 94 245
56 63 727 76
56 64 160 261
56 65 377 204
56 66 463 208
56 67 283 264
56 68 331 45
56 69 217 168
56 70 374 281
56 71 217 141
57 62 550 345
57 63 491 230
57 64 431 275
57 65 502 10
57 66 127 107
57 67 877 161
57 68 734 100
57 69 53 173
57 70 682 314
57 71 629 220
58 62 606 190
58 63 831 104
58 64 700 61
58 65 620 86
58 66 792 47
58 67 284 40
58 68 907 259
58 69 160 91
58 70 969 180
58 71 985 35
59 62 171 236
59 63 956 113
59 64 8 174
59 65 353 228
59 66 131 256
59 67 225 114
59 68 929 336
59 69 541 98
59 70 817 185
59 71 306 229
60 62 941 334
60 63 785 103
60 64 226 343
60 65 41 151
60 66 116 101
60 67 959 338
60 68 43 128
60 69 840 54
60 70 410 172
60 71 733 209
61 62 422 162
61 63 766 332
61 64 738 315
61 65 940 291
61 66 75 59
61 67 724 332
61 68 673 230
61 69 959 285
61 70 549 310
61 71 706 305
62 72 471 298
62 73 19 16
62 74 494 220
62 75 966 120
62 76 107 6
62 77 171 117
62 78 269 349
62 79 334 343
62 80 192 52
62 81 441 288
63 72 122 176
63 73 794 98
63 74 781 239
63 75 205 195
63 76 682 242
63 77 35 289
63 78 761 249
63 79 504 213
63 80 495 124
63 81 575 194
64 72 179 268
64 73 457 322
64 74 761 251
64 75 600 231
64 76 275 127
64 77 657 41
64 78 882 167
64 79 259 25
64 80 304 208
64 81 369 323
65 72 889 348
65 73 831 102
65 74 950 4
65 75 146 154
65 76 921 346
65 77 270 190
65 78 458 301
65 79 427 338
65 80 432 94
65 81 761 163
66 72 536 78
66 73 350 198
66 74 363 334
66 75 611 230
66 76 671 254
66 77 311 28
66 78 163 187
66 79 226 318
66 80 544 305
66 81 390 184
67 72 965 263
67 73 755 27
67 74 372 200
67 75 822 47
67 76 223 180
67 77 346 301
67 78 966 178
67 79 819 342
67 80 171 235
67 81 186 26
68 72 112 306
68 73 614 185
68 74 648 231
68 75 894 113
68 76 190 176
68 77 977 47
68 78 72 295
68 79 547 242
68 80 47 233
68 81 515 306
69 72 468 82
69 73 302 93
69 74 483 337
69 75 305 115
69 76 697 96
69 77 177 135
69 78 45 229
69 79 426 256
69 80 365 178
69 81 12 51
70 72 832 116
70 73 194 62
70 74 145 123
70 75 569 42
70 76 590 286
70 77 134 235
70 78 924 157
70 79 140 72
70 80 327 305
70 81 634 161
71 72 499 190
71 73 138 342
71 74 730 27
71 75 745 37
71 76 952 149
71 77 804 193
71 78 998 223
71 79 579 275
71 80 13 39
71 81 351 223
72 82 363 121
72 83 212 169
72 84 958 231
72 85 646 45
72 86 214 177
72 87 775 322
72 88 798 6
72 89 520 339
72 90 151 50
72 91 653 317
73 82 544 102
73 83 330 313
73 84 689 284
73 85 162 86
73 86 139 117
73 87 937 262
73 88 947 270
73 89 734 147
73 90 610 186
73 91 296 218
74 82 770 236
74 83 457 69
74 84 801 61
74 85 734 207
74 86 107 269
74 87 533 209
74 88 878 15
74 89 101 338
74 90 546 353
74 91 235 152
75 82 163 139
75 83 150 25
75 84 910 19
75 85 764 210
75 86 843 152
75 87 987 74
75 88 910 46
75 89 931 203
75 90 934 247
75 91 530 4
76 82 888 172
76 83 656 27
76 84 150 145
76 85 383 116
76 86 104 190
76 87 304 197
76 88 192 135
76 89 237 48
76 90 538 237
76 91 889 189
77 82 255 239
77 83 262 123
77 84 371 81
77 85 884 327
77 86 5 63
77 87 683 125
77 88 745 55
77 89 123 82
77 90 374 232
77 91 451 349
78 82 202 168
78 83 677 289
78 84 33 122
78 85 355 327
78 86 127 300
78 87 221 17
78 88 499 286
78 89 635 129
78 90 765 8
78 91 53 256
79 82 125 25
79 83 199 197
79 84 673 150
79 85 364 29
79 86 297 251
79 87 128 158
79 88 37 350
79 89 467 309
79 90 4 58
79 91 577 99
80 82 881 64
80 83 677 286
80 84 998 266
80 85 103 21
80 86 610 138
80 87 899 274
80 88 606 93
80 89 154 40
80 90 898 128
80 91 903 336
81 82 97 115
81 83 751 67
81 84 660 230
81 85 584 353
81 86 296 156
81 87 134 133
81 88 226 55
81 89 588 352
81 90 714 18
81 91 302 23
82 92 738 322
82 93 847 93
82 94 771 332
82 95 754 221
82 96 71 95
82 97 477 170
82 98 183 77
82 99 1 71
82 100 814 210
82 101 631 208
83 92 898 197
83 93 991 318
83 94 772 142
83 95 735 285
83 96 734 189
83 97 866 53
83 98 164 23
83 99 476 97
83 100 414 172
83 101 220 238
84 92 244 355
84 93 464 235
84 94 35 101
84 95 350 88
84 96 665 1
84 97 171 138
84 98 40 244
84 99 410 134
84 100 624 280
84 101 399 215
85 92 242 260
85 93 176 335
85 94 511 109
85 95 296 310
85 96 911 314
85 97 529 304
85 98 354 21
85 99 253 318
85 100 172 186
85 101 515 14
86 92 38 188
86 93 333 312
86 94 892 225
86 95 693 176
86 96 117 51
86 97 507 274
86 98 177 344
86 99 716 347
86 100 784 299
86 101 946 218
87 92 708 155
87 93 981 190
87 94 868 250
87 95 402 136
87 96 48 235
87 97 123 159
87 98 164 260
87 99 799 115
87 100 437 61
87 101 597 322
88 92 648 268
88 93 925 35
88 94 172 84
88 95 552 335
88 96 532 33
88 97 996 295
88 98 249 122
88 99 834 10
88 100 167 59
88 101 648 316
89 92 169 241
89 93 979 310
89 94 579 272
89 95 883 45
89 96 85 108
89 97 784 29
89 98 511 18
89 99 598 26
89 100 30 54
89 101 311 333
90 92 356 217
90 93 955 125
90 94 686 150
90 95 868 153
90 96 519 84
90 97 353 67
90 98 280 303
90 99 303 171
90 100 164 125
90 101 936 101
91 92 535 94
91 93 60 351
91 94 649 96
91 95 439 352
91 96 900 312
91 97 14 242
91 98 841 3
91 99 612 163
91 100 563 247
91 101 926 353
92 102 592 345
92 103 225 15
92 104 758 61
92 105 51 48
92 106 624 75
92 107 103 56
92 108 740 2
92 109 390 40
92 110 192 324
92 111 804 196
93 102 208 63
93 103 3 64
93 104 183 213
93 105 730 169
93 106 395 90
93 107 625 137
93 108 119 193
93 109 941 8
93 110 45 262
93 111 248 124
94 102 466 102
94 103 9 131
94 104 264 217
94 105 417 221
94 106 559 42
94 107 438 9
94 108 225 148
94 109 674 265
94 110 679 59
94 111 461 141
95 102 724 276
95 103 830 283
95 104 597 79
95 105 677 263
95 106 287 214
95 107 319 335
95 108 769 334
95 109 767 98
95 110 376 201
95 111 288 82
96 102 944 16
96 103 622 217
96 104 643 13
96 105 91 253
96 106 241 60
96 107 989 73
96 108 56 292
96 109 737 23
96 110 580 179
96 111 704 127
97 102 926 295
97 103 594 4
97 104 884 121
97 105 550 296
97 106 609 54
97 107 931 180
97 108 423 263
97 109 647 323
97 110 181 204
97 111 964 349
98 102 260 99
98 103 263 335
98 104 464 141
98 105 208 112
98 106 11 134
98 107 843 181
98 108 376 247
98 109 657 159
98 110 297 106
98 111 885 312
99 102 528 305
99 103 985 219
99 104 254 348
99 105 117 219
99 106 842 274
99 107 175 266
99 108 847 236
99 109 135 95
99 110 180 76
99 111 398 292
100 102 334 175
100 103 326 255
100 104 610 14
100 105 238 308
100 106 968 48
100 107 266 134
100 108 234 165
100 109 261 154
100 110 679 156
100 111 351 44
101 102 413 53
101 103 951 130
101 104 59 311
101 105 934 82
101 106 256 115
101 107 950 293
101 108 222 201
101 109 552 5
101 110 333 145
101 111 803 102
102 112 55 5
102 113 477 72
102 114 511 140
102 115 815 134
102 116 544 7
102 117 107 341
102 118 372 345
102 119 112 274
102 120 929 260
102 121 357 300
103 112 238 50
103 113 605 113
103 114 229 215
103 115 264 281
103 116 755 73
103 117 756 46
103 118 928 236
103 119 873 151
103 120 142 311
103 121 723 265
104 112 76 294
104 113 431 232
104 114 909 189
104 115 608 60
104 116 905 165
104 117 168 131
104 118 590 2
104 119 237 201
104 120 547 294
104 121 844 250
105 112 41 7
105 113 940 37
105 114 4 43
105 115 765 95
105 116 350 102
105 117 567 84
105 118 855 317
105 119 429 57
105 120 366 244
105 121 61 161
106 112 709 131
106 113 569 310
106 114 434 170
106 115 524 70
106 116 755 259
106 117 539 74
106 118 485 28
106 119 477 39
106 120 934 207
106 121 898 38
107 112 856 278
107 113 290 351
107 114 824 349
107 115 594 96
107 116 200 214
107 117 250 36
107 118 846 349
107 119 201 38
107 120 942 166
107 121 165 253
108 112 462 281
108 113 16 110
108 114 570 236
108 115 490 202
108 116 115 1
108 117 532 301
108 118 853 68
108 119 862 195
108 120 544 31
108 121 574 246
109 112 818 49
109 113 662 349
109 114 851 337
109 115 292 111
109 116 345 108
109 117 879 332
109 118 168 46
109 119 222 34
109 120 334 258
109 121 795 200
110 112 364 125
110 113 194 40
110 114 979 136
110 115 911 162
110 116 952 203
110 117 408 132
110 118 211 77
110 119 956 290
110 120 596 303
110 121 501 159
111 112 612 16
111 113 191 342
111 114 162 286
111 115 71 198
111 116 970 226
111 117 873 71
111 118 474 201
111 119 93 256
111 120 411 199
111 121 480 34
112 122 492 31
112 123 795 117
112 124 224 336
112 125 909 42
112 126 353 281
112 127 424 247
112 128 320 281
112 129 585 110
112 130 617 177
112 131 668 285
113 122 357 70
113 123 673 196
113 124 996 1
113 125 84 235
113 126 913 118
113 127 724 94
113 128 986 259
113 129 373 230
113 130 748 243
113 131 629 73
114 122 433 202
114 123 452 235
114 124 577 259
114 125 330 325
114 126 944 101
114 127 142 278
114 128 437 3
114 129 84 73
114 130 752 11
114 131 341 340
115 122 158 44
115 123 383 152
115 124 125 299
115 125 289 293
115 126 926 25
115 127 179 343
115 128 80 173
115 129 796 142
115 130 500 293
115 131 928 47
116 122 836 154
116 123 352 120
116 124 168 258
116 125 780 17
116 126 775 229
116 127 522 221
116 128 240 318
116 129 987 172
116 130 67 40
116 131 61 211
117 122 602 311
117 123 897 195
117 124 440 271
117 125 693 332
117 126 249 101
117 127 184 257
117 128 597 103
117 129 149 167
117 130 388 3
117 131 271 273
118 122 664 42
118 123 474 36
118 124 352 95
118 125 548 212
118 126 783 184
118 127 208 254
118 128 361 235
118 129 60 5
118 130 832 262
118 131 86 143
119 122 402 202
119 123 183 33
119 124 624 281
119 125 27 132
119 126 861 215
119 127 297 101
119 128 717 239
119 129 993 125
119 130 354 285
119 131 170 313
120 122 690 159
120 123 617 101
120 124 734 267
120 125 165 100
120 126 293 248
120 127 308 211
120 128 607 164
120 129 235 208
120 130 979 330
120 131 237 269
121 122 369 14
121 123 512 176
121 124 783 98
121 125 911 352
121 126 738 153
121 127 180 19
121 128 519 227
121 129 154 74
121 130 582 161
121 131 741 67
122 132 374 1
122 133 440 33
122 134 308 238
122 135 93 251
122 136 898 134
122 137 239 250
122 138 577 125
122 139 378 157
122 140 905 149
122 141 934 288
123 132 91 251
123 133 147 28
123 134 663 252
123 135 445 191
123 136 691 45
123 137 942 133
123 138 840 206
123 139 640 256
123 140 311 88
123 141 66 196
124 132 816 337
124 133 272 10
124 134 225 72
124 135 260 72
124 136 102 40
124 137 651 3
124 138 470 351
124 139 724 313
124 140 929 3
124 141 683 18
125 132 969 49
125 133 613 1
125 134 555 50
125 135 326 248
125 136 895 220
125 137 697 163
125 138 575 305
125 139 175 7
125 140 643 37
125 141 286 315
126 132 410 219
126 133 757 286
126 134 269 42
126 135 829 328
126 136 164 275
126 137 39 290
126 138 851 89
126 139 918 125
126 140 823 218
126 141 693 239
127 132 770 179
127 133 937 285
127 134 427 1
127 135 80 4
127 136 759 106
127 137 984 175
127 138 459 2
127 139 714 280
127 140 127 91
127 141 620 130
128 132 888 321
128 133 689 312
128 134 644 24
128 135 853 70
128 136 398 128
128 137 519 301
128 138 308 103
128 139 181 124
128 140 571 21
128 141 185 89
129 132 705 2
129 133 21 316
129 134 43 187
129 135 59 103
129 136 395 165
129 137 863 163
129 138 209 58
129 139 438 307
129 140 302 165
129 141 829 24
130 132 110 4
130 133 448 296
130 134 76 299
130 135 958 314
130 136 226 60
130 137 273 76
130 138 299 89
130 139 470 79
130 140 767 275
130 141 685 167
131 132 88 5
131 133 641 100
131 134 420 194
131 135 558 157
131 136 838 296
131 137 712 293
131 138 471 16
131 139 82 147
131 140 223 298
131 141 953 239
132 142 29 8
132 143 29 200
132 144 714 111
132 145 464 73
132 146 356 34
132 147 141 274
132 148 263 78
132 149 482 230
132 150 667 107
132 151 129 159
133 142 639 279
133 143 686 31
133 144 361 245
133 145 145 242
133 146 491 2
133 147 835 86
133 148 601 344
133 149 40 51
133 150 311 82
133 151 778 6
134 142 998 332
134 143 482 22
134 144 761 250
134 145 447 256
134 146 565 67
134 147 14 9
134 148 639 213
134 149 970 276
134 150 697 184
134 151 526 285
135 142 730 196
135 143 95 321
135 144 451 23
135 145 644 85
135 146 582 236
135 147 223 14
135 148 98 286
135 149 786 70
135 150 5 248
135 151 994 304
136 142 418 59
136 143 119 142
136 144 123 209
136 145 42 326
136 146 608 258
136 147 699 307
136 148 953 142
136 149 189 1
136 150 37 319
136 151 649 11
137 142 122 181
137 143 1000 349
137 144 283 184
137 145 376 335
137 146 721 221
137 147 596 111
137 148 135 160
137 149 606 297
137 150 767 88
137 151 58 51
138 142 128 117
138 143 427 254
138 144 516 30
138 145 883 112
138 146 295 310
138 147 669 11
138 148 58 101
138 149 943 220
138 150 925 339
138 151 523 249
139 142 622 254
139 143 939 75
139 144 353 63
139 145 122 52
139 146 695 247
139 147 185 255
139 148 704 311
139 149 849 68
139 150 282 232
139 151 808 239
140 142 465 228
140 143 131 222
140 144 89 132
140 145 736 17
140 146 800 249
140 147 595 41
140 148 913 343
140 149 703 271
140 150 851 327
140 151 311 296
141 142 60 298
141 143 466 101
141 144 559 164
141 145 460 35
141 146 702 7
141 147 634 110
141 148 4 44
141 149 676 162
141 150 522 221
141 151 546 80
142 152 712 217
143 152 562 304
144 152 897 25
145 152 529 323
146 152 524 274
147 152 376 68
148 152 435 64
149 152 532 278
150 152 312 36
151 152 460 313
