152 1420 1 152 7 355
1 2 243 159
1 3 659 256
1 4 798 35
1 5 44 138
1 6 664 271
1 7 114 87
1 8 493 145
1 9 723 2
1 10 641 233
1 11 837 54
2 12 239 11
2 13 225 313
2 14 977 20
2 15 278 160
2 16 804 281
2 17 790 345
2 18 293 347
2 19 733 269
2 20 8 351
2 21 667 242
3 12 4 280
3 13 286 332
3 14 201 187
3 15 594 64
3 16 182 34
3 17 651 174
3 18 855 163
3 19 929 273
3 20 818 317
3 21 981 196
4 12 696 311
4 13 634 87
4 14 922 216
4 15 447 260
4 16 124 276
4 17 343 318
4 18 962 202
4 19 703 119
4 20 466 169
4 21 45 130
5 12 342 174
5 13 332 154
5 14 982 41
5 15 393 273
5 16 562 347
5 17 987 130
5 18 404 306
5 19 491 45
5 20 156 177
5 21 311 201
6 12 120 198
6 13 8 136
6 14 882 139
6 15 441 53
6 16 452 263
6 17 546 262
6 18 914 130
6 19 318 76
6 20 58 249
6 21 714 212
7 12 622 193
7 13 839 12
7 14 726 213
7 15 66 180
7 16 104 110
7 17 25 180
7 18 65 345
7 19 391 17
7 20 375 198
7 21 337 319
8 12 671 156
8 13 268 35
8 14 922 274
8 15 191 171
8 16 568 195
8 17 432 290
8 18 240 258
8 19 760 90
8 20 733 197
8 21 131 349
9 12 226 139
9 13 861 182
9 14 855 250
9 15 73 3
9 16 51 304
9 17 654 230
9 18 133 281
9 19 736 206
9 20 83 44
9 21 201 128
10 12 523 87
10 13 161 328
10 14 402 126
10 15 401 305
10 16 825 330
10 17 637 5
10 18 459 155
10 19 83 193
10 20 530 184
10 21 465 251
11 12 172 173
11 13 848 132
11 14 732 125
11 15 153 340
11 16 403 214
11 17 885 331
11 18 70 127
11 19 785 170
11 20 860 146
11 21 789 90
12 22 136 157
12 23 170 231
12 24 825 45
12 25 386 293
12 26 522 41
12 27 39 230
12 28 165 50
12 29 224 140
12 30 447 104
12 31 327 280
13 22 782 256
13 23 387 170
13 24 928 175
13 25 288 133
13 26 131 303
13 27 976 138
13 28 642 85
13 29 528 93
13 30 823 234
13 31 112 195
14 22 863 320
14 23 588 110
14 24 87 186
14 25 29 19
14 26 681 100
14 27 262 250
14 28 825 17
14 29 569 287
14 30 834 78
14 31 55 262
15 22 755 313
15 23 940 347
15 24 475 334
15 25 731 321
15 26 926 52
15 27 142 113
15 28 989 206
15 29 455 278
15 30 189 317
15 31 104 88
16 22 270 312
16 23 680 221
16 24 694 244
16 25 171 259
16 26 521 334
16 27 535 293
16 28 817 338
16 29 318 5
16 30 844 329
16 31 691 9
17 22 321 179
17 23 468 212
17 24 912 216
17 25 778 338
17 26 768 99
17 27 961 48
17 28 45 117
17 29 755 186
17 30 992 129
17 31 640 4
18 22 141 170
18 23 692 135
18 24 683 265
18 25 142 73
18 26 869 93
18 27 774 35
18 28 968 347
18 29 173 289
18 30 264 24
18 31 735 250
19 22 567 289
19 23 577 343
19 24 159 333
19 25 322 62
19 26 113 324
19 27 642 348
19 28 799 264
19 29 952 99
19 30 673 305
19 31 358 56
20 22 542 20
20 23 169 244
20 24 43 113
20 25 649 269
20 26 950 338
20 27 387 318
20 28 58 1
20 29 333 49
20 30 945 224
20 31 2 19
21 22 267 221
21 23 306 219
21 24 424 173
21 25 140 113
21 26 768 140
21 27 868 92
21 28 917 18
21 29 317 301
21 30 948 60
21 31 296 295
22 32 591 74
22 33 277 157
22 34 97 245
22 35 917 329
22 36 539 61
22 37 230 48
22 38 367 88
22 39 894 227
22 40 970 267
22 41 788 115
23 32 242 144
23 33 316 24
23 34 869 56
23 35 769 145
23 36 72 53
23 37 438 286
23 38 675 146
23 39 806 353
23 40 516 308
23 41 446 279
24 32 6 46
24 33 716 82
24 34 950 339
24 35 479 182
24 36 68 208
24 37 828 126
24 38 11 285
24 39 728 221
24 40 836 236
24 41 270 233
25 32 237 104
25 33 963 177
25 34 675 67
25 35 610 192
25 36 612 204
25 37 344 33
25 38 702 12
25 39 762 12
25 40 240 75
25 41 146 352
26 32 513 109
26 33 963 108
26 34 701 107
26 35 847 49
26 36 450 269
26 37 93 84
26 38 197 160
26 39 903 280
26 40 745 121
26 41 615 12
27 32 335 147
27 33 766 244
27 34 911 146
27 35 999 2
27 36 686 219
27 37 603 118
27 38 186 175
27 39 697 104
27 40 601 122
27 41 419 217
28 32 252 234
28 33 893 92
28 34 458 267
28 35 710 203
28 36 85 191
28 37 834 340
28 38 846 1
28 39 545 35
28 40 838 11
28 41 791 236
29 32 965 307
29 33 870 205
29 34 137 144
29 35 701 216
29 36 834 17
29 37 103 125
29 38 927 126
29 39 664 210
29 40 889 133
29 41 926 329
30 32 107 55
30 33 973 210
30 34 185 321
30 35 950 311
30 36 875 1
30 37 783 146
30 38 383 82
30 39 643 259
30 40 414 353
30 41 291 192
31 32 592 118
31 33 54 159
31 34 168 140
31 35 192 109
31 36 772 172
31 37 594 134
31 38 915 243
31 39 724 276
31 40 420 69
31 41 575 275
32 42 232 85
32 43 208 118
32 44 538 71
32 45 720 201
32 46 612 180
32 47 636 80
32 48 859 182
32 49 409 336
32 50 147 214
32 51 395 44
33 42 450 267
33 43 327 265
33 44 536 179
33 45 123 247
33 46 217 85
33 47 40 171
33 48 834 180
33 49 692 273
33 50 926 256
33 51 914 65
34 42 990 324
34 43 208 205
34 44 613 291
34 45 143 302
34 46 438 168
34 47 813 60
34 48 549 8
34 49 857 244
34 50 603 8
34 51 99 176
35 42 87 266
35 43 801 86
35 44 310 178
35 45 661 122
35 46 193 99
35 47 364 171
35 48 413 166
35 49 37 178
35 50 852 286
35 51 476 157
36 42 603 183
36 43 780 9
36 44 475 56
36 45 24 97
36 46 774 285
36 47 10 145
36 48 646 178
36 49 724 128
36 50 364 91
36 51 144 128
37 42 649 78
37 43 549 129
37 44 157 13
37 45 738 49
37 46 615 343
37 47 151 309
37 48 942 319
37 49 282 37
37 50 927 347
37 51 531 176
38 42 460 257
38 43 534 27
38 44 559 216
38 45 196 214
38 46 534 64
38 47 677 42
38 48 887 255
38 49 366 129
38 50 974 56
38 51 167 246
39 42 460 35
39 43 764 234
39 44 211 255
39 45 749 136
39 46 723 22
39 47 192 130
39 48 936 162
39 49 847 159
39 50 776 322
39 51 536 137
40 42 718 39
40 43 82 164
40 44 742 231
40 45 42 208
40 46 87 185
40 47 447 351
40 48 445 315
40 49 486 282
40 50 70 50
40 51 955 81
41 42 354 263
41 43 157 261
41 44 706 265
41 45 368 54
41 46 672 5
41 47 90 224
41 48 855 260
41 49 638 141
41 50 768 51
41 51 649 105
42 52 348 187
42 53 292 146
42 54 503 155
42 55 729 350
42 56 731 137
42 57 623 120
42 58 507 3
42 59 482 211
42 60 363 351
42 61 591 197
43 52 384 275
43 53 810 348
43 54 85 304
43 55 800 298
43 56 731 337
43 57 15 157
43 58 599 304
43 59 276 224
43 60 100 147
43 61 594 271
44 52 894 289
44 53 793 130
44 54 215 124
44 55 144 192
44 56 431 299
44 57 211 137
44 58 579 128
44 59 506 300
44 60 583 353
44 61 999 137
45 52 628 227
45 53 193 102
45 54 222 39
45 55 874 240
45 56 154 326
45 57 334 252
45 58 543 193
45 59 204 293
45 60 398 38
45 61 14 178
46 52 342 169
46 53 973 64
46 54 354 138
46 55 811 151
46 56 104 134
46 57 168 312
46 58 898 309
46 59 828 229
46 60 114 82
46 61 151 275
47 52 323 198
47 53 791 148
47 54 284 322
47 55 555 274
47 56 978 309
47 57 742 226
47 58 329 190
47 59 646 273
47 60 274 44
47 61 253 144
48 52 724 146
48 53 32 20
48 54 298 163
48 55 823 26
48 56 286 94
48 57 776 103
48 58 827 111
48 59 265 81
48 60 2 28
48 61 500 70
49 52 657 246
49 53 315 23
49 54 481 298
49 55 203 304
49 56 867 292
49 57 750 179
49 58 265 313
49 59 648 142
49 60 708 51
49 61 967 161
50 52 193 163
50 53 246 17
50 54 728 35
50 55 221 291
50 56 473 330
50 57 52 301
50 58 37 11
50 59 947 333
50 60 734 284
50 61 453 158
51 52 793 12
51 53 904 341
51 54 1000 191
51 55 578 34
51 56 620 160
51 57 92 232
51 58 561 281
51 59 717 210
51 60 726 257
51 61 933 176
52 62 499 61
52 63 170 45
52 64 871 208
52 65 566 102
52 66 860 262
52 67 443 85
52 68 641 265
52 69 555 207
52 70 422 259
52 71 438 300
53 62 296 7
53 63 810 351
53 64 824 196
53 65 796 351
53 66 692 317
53 67 403 26
53 68 659 344
53 69 395 272
53 70 872 15
53 71 793 1
54 62 964 294
54 63 424 70
54 64 703 309
54 65 45 10
54 66 123 79
54 67 386 160
54 68 905 101
54 69 726 161
54 70 819 298
54 71 108 186
55 62 693 21
55 63 972 103
55 64 735 154
55 65 878 10
55 66 217 206
55 67 344 307
55 68 418 236
55 69 533 142
55 70 84 125
55 71 341 207
56 62 367 261
56 63 805 354
56 64 106 105
56 65 263 252
56 66 52 50
56 67 251 298
56 68 374 206
56 69 130 216
56 70 273 221
56 71 758 141
57 62 916 293
57 63 675 197
57 64 440 233
57 65 633 7
57 66 560 259
57 67 150 160
57 68 149 64
57 69 112 12
57 70 609 96
57 71 869 67
58 62 66 72
58 63 315 293
58 64 604 240
58 65 582 352
58 66 648 47
58 67 296 296
58 68 30 16
58 69 161 23
58 70 865 282
58 71 695 184
59 62 158 5
59 63 334 311
59 64 470 299
59 65 207 276
59 66 754 60
59 67 427 73
59 68 669 173
59 69 985 233
59 70 224 21
59 71 80 132
60 62 92 58
60 63 680 293
60 64 38 116
60 65 598 271
60 66 804 95
60 67 495 17
60 68 658 226
60 69 695 267
60 70 317 48
60 71 709 268
61 62 623 144
61 63 2 17
61 64 191 292
61 65 760 123
61 66 804 109
61 67 535 136
61 68 866 301
61 69 813 175
61 70 66 345
61 71 426 317
62 72 32 22
62 73 434 33
62 74 364 308
62 75 869 349
62 76 832 328
62 77 974 353
62 78 184 346
62 79 44 54
62 80 730 83
62 81 873 176
63 72 90 37
63 73 487 243
63 74 177 122
63 75 865 266
63 76 152 17
63 77 598 341
63 78 26 158
63 79 384 82
63 80 425 238
63 81 874 211
64 72 290 303
64 73 360 39
64 74 889 11
64 75 51 59
64 76 211 294
64 77 622 330
64 78 66 292
64 79 682 46
64 80 373 224
64 81 940 276
65 72 672 91
65 73 381 80
65 74 819 10
65 75 670 260
65 76 65 229
65 77 347 99
65 78 967 220
65 79 596 17
65 80 44 142
65 81 952 201
66 72 846 61
66 73 848 298
66 74 518 313
66 75 409 308
66 76 414 253
66 77 828 226
66 78 194 225
66 79 654 315
66 80 364 148
66 81 923 284
67 72 742 165
67 73 305 176
67 74 682 289
67 75 550 207
67 76 868 85
67 77 99 248
67 78 408 342
67 79 417 250
67 80 19 84
67 81 977 225
68 72 304 314
68 73 993 50
68 74 179 150
68 75 252 32
68 76 464 108
68 77 808 214
68 78 384 173
68 79 528 32
68 80 614 20
68 81 744 92
69 72 456 139
69 73 58 61
69 74 465 49
69 75 826 328
69 76 362 338
69 77 696 296
69 78 648 107
69 79 590 32
69 80 419 320
69 81 498 39
70 72 189 253
70 73 831 113
70 74 693 57
70 75 967 159
70 76 204 270
70 77 374 66
70 78 392 243
70 79 928 297
70 80 661 339
70 81 247 108
71 72 977 169
71 73 164 210
71 74 313 312
71 75 999 246
71 76 433 141
71 77 202 156
71 78 424 194
71 79 996 148
71 80 641 109
71 81 784 19
72 82 800 81
72 83 75 194
72 84 232 206
72 85 145 89
72 86 452 142
72 87 932 87
72 88 271 31
72 89 650 345
72 90 10 43
72 91 384 142
73 82 330 177
73 83 760 208
73 84 247 216
73 85 779 237
73 86 249 191
73 87 307 205
73 88 351 122
73 89 606 233
73 90 260 161
73 91 939 76
74 82 751 194
74 83 471 71
74 84 313 57
74 85 734 352
74 86 806 117
74 87 753 337
74 88 527 203
74 89 714 293
74 90 633 342
74 91 374 246
75 82 872 278
75 83 186 9
75 84 502 244
75 85 174 12
75 86 166 224
75 87 52 298
75 88 879 306
75 89 975 91
75 90 510 168
75 91 197 103
76 82 624 333
76 83 659 48
76 84 422 254
76 85 918 124
76 86 343 240
76 87 166 181
76 88 709 1
76 89 363 147
76 90 726 80
76 91 170 261
77 82 461 129
77 83 245 33
77 84 421 287
77 85 224 93
77 86 328 343
77 87 919 274
77 88 427 11
77 89 937 327
77 90 918 23
77 91 508 280
78 82 563 328
78 83 837 8
78 84 315 91
78 85 785 304
78 86 724 27
78 87 262 47
78 88 67 77
78 89 975 325
78 90 219 311
78 91 212 219
79 82 421 275
79 83 809 9
79 84 850 16
79 85 943 17
79 86 491 95
79 87 504 315
79 88 560 95
79 89 251 272
79 90 222 6
79 91 762 54
80 82 683 252
80 83 261 246
80 84 478 314
80 85 772 355
80 86 73 25
80 87 408 77
80 88 1 243
80 89 171 20
80 90 664 4
80 91 477 10
81 82 318 228
81 83 212 12
81 84 693 23
81 85 750 247
81 86 113 116
81 87 966 284
81 88 926 241
81 89 42 275
81 90 455 348
81 91 740 158
82 92 371 149
82 93 764 137
82 94 402 208
82 95 169 295
82 96 431 172
82 97 499 125
82 98 313 278
82 99 736 89
82 100 609 49
82 101 873 340
83 92 65 311
83 93 256 232
83 94 215 183
83 95 452 12
83 96 847 205
83 97 408 263
83 98 535 166
83 99 803 48
83 100 506 162
83 101 938 191
84 92 293 220
84 93 73 78
84 94 64 188
84 95 81 169
84 96 665 191
84 97 220 352
84 98 336 22
84 99 421 142
84 100 583 167
84 101 903 136
85 92 29 118
85 93 478 186
85 94 475 66
85 95 918 172
85 96 740 30
85 97 404 266
85 98 955 314
85 99 79 127
85 100 22 284
85 101 235 309
86 92 42 25
86 93 361 353
86 94 180 6
86 95 348 59
86 96 849 162
86 97 820 252
86 98 764 283
86 99 715 326
86 100 393 299
86 101 720 321
87 92 913 220
87 93 727 151
87 94 714 199
87 95 481 47
87 96 398 218
87 97 207 261
87 98 126 256
87 99 892 190
87 100 789 267
87 101 722 217
88 92 749 55
88 93 644 179
88 94 926 255
88 95 661 133
88 96 22 233
88 97 102 278
88 98 528 136
88 99 286 235
88 100 497 191
88 101 365 129
89 92 28 325
89 93 393 302
89 94 183 102
89 95 555 73
89 96 876 145
89 97 488 37
89 98 349 26
89 99 623 175
89 100 817 115
89 101 259 297
90 92 135 204
90 93 478 173
90 94 767 81
90 95 956 80
90 96 484 200
90 97 649 308
90 98 222 287
90 99 767 19
90 100 733 93
90 101 297 176
91 92 921 157
91 93 534 208
91 94 491 61
91 95 770 141
91 96 902 241
91 97 96 33
91 98 765 293
91 99 974 308
91 100 742 220
91 101 504 206
92 102 119 213
92 103 270 282
92 104 457 309
92 105 305 147
92 106 341 335
92 107 455 100
92 108 200 260
92 109 560 78
92 110 407 315
92 111 394 224
93 102 900 20
93 103 774 332
93 104 276 6
93 105 119 106
93 106 19 218
93 107 720 116
93 108 827 136
93 109 637 173
93 110 592 255
93 111 862 354
94 102 334 172
94 103 88 2
94 104 762 188
94 105 958 32
94 106 623 339
94 107 376 88
94 108 450 136
94 109 158 26
94 110 897 337
94 111 75 223
95 102 795 210
95 103 198 257
95 104 813 76
95 105 717 75
95 106 68 216
95 107 573 280
95 108 85 80
95 109 906 262
95 110 932 147
95 111 67 296
96 102 885 130
96 103 571 195
96 104 898 264
96 105 327 79
96 106 450 115
96 107 897 237
96 108 388 164
96 109 974 103
96 110 692 127
96 111 73 6
97 102 513 97
97 103 634 305
97 104 787 53
97 105 25 56
97 106 311 116
97 107 851 244
97 108 160 102
97 109 607 209
97 110 715 38
97 111 927 156
98 102 324 316
98 103 475 268
98 104 990 316
98 105 465 238
98 106 265 59
98 107 357 147
98 108 441 130
98 109 332 32
98 110 623 284
98 111 815 65
99 102 456 20
99 103 730 258
99 104 123 195
99 105 469 47
99 106 454 148
99 107 845 339
99 108 750 135
99 109 88 245
99 110 715 184
99 111 977 39
100 102 258 223
100 103 202 347
100 104 705 72
100 105 996 116
100 106 667 165
100 107 625 87
100 108 925 233
100 109 985 199
100 110 726 182
100 111 854 242
101 102 735 207
101 103 634 346
101 104 534 8
101 105 249 341
101 106 124 297
101 107 595 323
101 108 951 131
101 109 397 202
101 110 27 182
101 111 210 34
102 112 367 92
102 113 721 29
102 114 706 210
102 115 234 84
102 116 469 71
102 117 546 102
102 118 1000 86
102 119 272 212
102 120 777 189
102 121 91 151
103 112 280 249
103 113 730 275
103 114 780 168
103 115 752 99
103 116 874 218
103 117 352 268
103 118 534 12
103 119 654 249
103 120 532 163
103 121 800 36
104 112 132 204
104 113 409 281
104 114 126 74
104 115 619 174
104 116 538 165
104 117 536 148
104 118 306 107
104 119 165 347
104 120 197 355
104 121 405 230
105 112 438 29
105 113 890 106
105 114 496 85
105 115 808 111
105 116 866 168
105 117 171 248
105 118 570 73
105 119 897 214
105 120 314 284
105 121 45 77
106 112 114 51
106 113 764 25
106 114 118 173
106 115 493 228
106 116 768 335
106 117 696 99
106 118 30 278
106 119 903 300
106 120 954 186
106 121 445 119
107 112 713 138
107 113 568 267
107 114 965 232
107 115 845 210
107 116 564 111
107 117 748 241
107 118 593 336
107 119 820 281
107 120 353 92
107 121 242 38
108 112 510 294
108 113 946 294
108 114 633 97
108 115 962 50
108 116 669 150
108 117 247 262
108 118 791 322
108 119 911 81
108 120 398 102
108 121 263 48
109 112 222 122
109 113 407 235
109 114 417 102
109 115 573 323
109 116 664 53
109 117 3 113
109 118 482 310
109 119 947 341
109 120 321 57
109 121 648 150
110 112 327 327
110 113 350 235
110 114 622 221
110 115 373 276
110 116 11 67
110 117 855 35
110 118 905 74
110 119 750 248
110 120 673 43
110 121 758 253
111 112 235 251
111 113 389 180
111 114 517 320
111 115 25 349
111 116 242 282
111 117 40 278
111 118 547 325
111 119 534 172
111 120 677 19
111 121 336 171
112 122 599 247
112 123 185 64
112 124 529 264
112 125 777 25
112 126 271 79
112 127 249 264
112 128 8 249
112 129 865 103
112 130 767 353
112 131 854 235
113 122 565 8
113 123 580 325
113 124 870 197
113 125 384 216
113 126 689 344
113 127 240 43
113 128 197 325
113 129 443 293
113 130 241 268
113 131 896 131
114 122 671 355
114 123 476 163
114 124 743 67
114 125 480 246
114 126 551 134
114 127 197 235
114 128 148 145
114 129 742 41
114 130 837 200
114 131 587 121
115 122 132 259
115 123 38 32
115 124 535 50
115 125 742 167
115 126 207 355
115 127 794 278
115 128 302 12
115 129 403 351
115 130 150 335
115 131 101 273
116 122 699 55
116 123 491 86
116 124 149 105
116 125 793 141
116 126 173 88
116 127 705 341
116 128 757 174
116 129 974 199
116 130 349 180
116 131 620 330
117 122 523 23
117 123 221 125
117 124 597 155
117 125 844 47
117 126 593 241
117 127 594 319
117 128 172 155
117 129 123 2
117 130 720 35
117 131 9 219
118 122 966 98
118 123 816 226
118 124 238 227
118 125 753 253
118 126 653 69
118 127 328 45
118 128 320 290
118 129 602 159
118 130 632 64
118 131 493 303
119 122 938 351
119 123 118 87
119 124 65 55
119 125 510 287
119 126 322 80
119 127 114 1
119 128 824 68
119 129 608 259
119 130 213 129
119 131 362 99
120 122 255 244
120 123 435 181
120 124 999 49
120 125 494 229
120 126 253 230
120 127 147 106
120 128 376 331
120 129 534 49
120 130 629 251
120 131 424 234
121 122 71 2
121 123 999 283
121 124 703 177
121 125 588 312
121 126 377 302
121 127 102 72
121 128 388 256
121 129 21 242
121 130 916 139
121 131 879 110
122 132 654 290
122 133 451 144
122 134 486 201
122 135 257 261
122 136 50 152
122 137 224 76
122 138 963 100
122 139 412 43
122 140 384 126
122 141 606 81
123 132 725 176
123 133 109 40
123 134 325 144
123 135 907 289
123 136 740 299
123 137 97 53
123 138 523 307
123 139 192 285
123 140 735 82
123 141 412 286
124 132 595 222
124 133 819 305
124 134 188 334
124 135 945 153
124 136 718 333
124 137 34 186
124 138 981 354
124 139 476 152
124 140 282 78
124 141 268 326
125 132 298 180
125 133 79 208
125 134 441 24
125 135 233 345
125 136 435 115
125 137 260 39
125 138 645 42
125 139 975 34
125 140 710 37
125 141 534 51
126 132 640 271
126 133 770 6
126 134 714 237
126 135 337 89
126 136 655 177
126 137 617 34
126 138 894 132
126 139 540 47
126 140 462 124
126 141 311 54
127 132 83 15
127 133 200 303
127 134 462 209
127 135 215 138
127 136 360 331
127 137 596 351
127 138 78 19
127 139 718 38
127 140 394 296
127 141 222 140
128 132 533 38
128 133 574 151
128 134 985 21
128 135 599 197
128 136 460 71
128 137 544 323
128 138 633 91
128 139 334 224
128 140 70 338
128 141 357 25
129 132 201 352
129 133 718 291
129 134 436 78
129 135 292 63
129 136 936 94
129 137 690 10
129 138 783 102
129 139 371 349
129 140 921 351
129 141 764 246
130 132 754 231
130 133 224 183
130 134 136 198
130 135 673 355
130 136 854 27
130 137 135 133
130 138 324 164
130 139 391 14
130 140 75 194
130 141 184 22
131 132 534 70
131 133 450 339
131 134 787 190
131 135 748 300
131 136 890 229
131 137 969 252
131 138 571 105
131 139 568 125
131 140 213 152
131 141 533 83
132 142 524 204
132 143 357 304
132 144 478 214
132 145 574 177
132 146 902 188
132 147 20 285
132 148 747 170
132 149 187 135
132 150 893 185
132 151 141 175
133 142 506 104
133 143 645 263
133 144 903 212
133 145 433 336
133 146 678 123
133 147 832 303
133 148 63 305
133 149 44 291
133 150 972 4
133 151 151 272
134 142 496 40
134 143 977 52
134 144 823 196
134 145 692 74
134 146 172 115
134 147 147 16
134 148 568 121
134 149 203 206
134 150 971 213
134 151 595 125
135 142 657 156
135 143 210 327
135 144 992 339
135 145 764 254
135 146 646 170
135 147 436 112
135 148 482 99
135 149 197 44
135 150 162 222
135 151 739 39
136 142 771 341
136 143 749 114
136 144 278 270
136 145 396 121
136 146 218 199
136 147 217 346
136 148 872 193
136 149 957 223
136 150 188 306
136 151 765 145
137 142 913 331
137 143 54 286
137 144 69 299
137 145 811 355
137 146 454 282
137 147 440 256
137 148 851 69
137 149 246 217
137 150 840 138
137 151 431 193
138 142 97 204
138 143 745 121
138 144 219 36
138 145 430 303
138 146 598 347
138 147 529 56
138 148 763 34
138 149 959 83
138 150 408 111
138 151 781 99
139 142 216 103
139 143 356 176
139 144 987 188
139 145 453 44
139 146 910 296
139 147 329 218
139 148 567 30
139 149 239 262
139 150 89 100
139 151 94 227
140 142 4 145
140 143 334 347
140 144 307 95
140 145 751 282
140 146 751 120
140 147 282 297
140 148 462 269
140 149 724 86
140 150 365 309
140 151 493 267
141 142 529 228
141 143 46 156
141 144 140 120
141 145 614 4
141 146 764 306
141 147 371 241
141 148 970 72
141 149 823 226
141 150 636 243
141 151 559 209
142 152 323 29
143 152 470 129
144 152 64 2
145 152 197 287
146 152 650 135
147 152 763 157
148 152 974 237
149 152 748 210
150 152 852 60
151 152 415 5
