152 1420 1 152 7 355
1 2 524 234
1 3 185 66
1 4 57 182
1 5 565 325
1 6 745 124
1 7 341 185
1 8 880 247
1 9 499 220
1 10 294 107
1 11 792 230
2 12 100 64
2 13 611 336
2 14 223 111
2 15 397 53
2 16 576 134
2 17 695 108
2 18 632 77
2 19 104 216
2 20 280 125
2 21 318 55
3 12 135 52
3 13 813 266
3 14 450 264
3 15 107 71
3 16 705 217
3 17 146 182
3 18 785 273
3 19 625 76
3 20 385 56
3 21 22 82
4 12 128 117
4 13 99 248
4 14 297 321
4 15 839 45
4 16 889 195
4 17 855 2
4 18 604 257
4 19 223 22
4 20 424 339
4 21 97 215
5 12 809 320
5 13 943 188
5 14 312 140
5 15 60 93
5 16 189 293
5 17 819 347
5 18 26 269
5 19 230 65
5 20 467 253
5 21 574 27
6 12 393 162
6 13 394 321
6 14 948 126
6 15 193 158
6 16 548 43
6 17 335 32
6 18 19 28
6 19 969 133
6 20 276 22
6 21 154 271
7 12 873 59
7 13 577 349
7 14 159 80
7 15 811 36
7 16 284 109
7 17 965 215
7 18 25 346
7 19 463 345
7 20 21 94
7 21 422 101
8 12 709 72
8 13 105 257
8 14 93 187
8 15 401 144
8 16 831 164
8 17 318 216
8 18 21 287
8 19 775 152
8 20 966 148
8 21 378 195
9 12 234 310
9 13 880 88
9 14 408 179
9 15 626 262
9 16 914 238
9 17 75 168
9 18 852 325
9 19 942 189
9 20 905 39
9 21 697 95
10 12 340 168
10 13 428 3
10 14 196 260
10 15 533 20
10 16 770 130
10 17 903 46
10 18 944 42
10 19 111 315
10 20 808 130
10 21 913 57
11 12 474 340
11 13 883 197
11 14 81 166
11 15 847 331
11 16 697 226
11 17 783 83
11 18 620 130
11 19 728 3
11 20 601 26
11 21 506 241
12 22 338 131
12 23 327 104
12 24 589 157
12 25 262 2
12 26 281 45
12 27 280 199
12 28 414 166
12 29 194 107
12 30 149 277
12 31 472 93
13 22 298 96
13 23 706 67
13 24 312 124
13 25 696 303
13 26 138 302
13 27 342 104
13 28 14 252
13 29 765 264
13 30 602 287
13 31 91 282
14 22 330 308
14 23 677 341
14 24 786 150
14 25 480 221
14 26 825 264
14 27 290 108
14 28 41 150
14 29 693 237
14 30 673 153
14 31 527 286
15 22 59 120
15 23 898 309
15 24 249 309
15 25 786 345
15 26 422 261
15 27 502 215
15 28 836 69
15 29 868 204
15 30 42 82
15 31 172 133
16 22 849 127
16 23 706 35
16 24 368 13
16 25 533 11
16 26 176 253
16 27 749 280
16 28 211 128
16 29 842 221
16 30 815 66
16 31 279 20
17 22 578 130
17 23 949 241
17 24 193 168
17 25 571 238
17 26 927 250
17 27 83 180
17 28 205 92
17 29 464 11
17 30 960 12
17 31 320 266
18 22 172 288
18 23 528 100
18 24 322 70
18 25 125 177
18 26 432 340
18 27 345 161
18 28 924 327
18 29 764 273
18 30 6 106
18 31 305 236
19 22 732 9
19 23 63 84
19 24 91 341
19 25 213 32
19 26 850 314
19 27 870 276
19 28 488 325
19 29 738 268
19 30 807 110
19 31 930 96
20 22 734 327
20 23 215 291
20 24 344 114
20 25 291 180
20 26 662 266
20 27 825 183
20 28 80 346
20 29 671 202
20 30 898 164
20 31 157 287
21 22 195 103
21 23 261 41
21 24 787 112
21 25 931 148
21 26 413 147
21 27 686 36
21 28 650 172
21 29 919 255
21 30 130 155
21 31 210 277
22 32 455 221
22 33 545 165
22 34 253 291
22 35 857 65
22 36 705 193
22 37 850 34
22 38 678 37
22 39 253 148
22 40 841 240
22 41 666 153
23 32 815 2
23 33 755 285
23 34 735 262
23 35 817 128
23 36 524 152
23 37 816 127
23 38 913 277
23 39 729 32
23 40 981 162
23 41 850 322
24 32 181 52
24 33 84 35
24 34 947 234
24 35 279 132
24 36 9 107
24 37 817 155
24 38 270 337
24 39 231 334
24 40 571 68
24 41 208 68
25 32 199 70
25 33 978 191
25 34 21 228
25 35 331 62
25 36 830 266
25 37 812 153
25 38 749 196
25 39 256 213
25 40 312 236
25 41 920 304
26 32 503 185
26 33 755 77
26 34 68 45
26 35 949 167
26 36 642 86
26 37 656 300
26 38 250 265
26 39 200 112
26 40 330 127
26 41 415 243
27 32 673 60
27 33 77 249
27 34 227 47
27 35 577 181
27 36 824 214
27 37 854 96
27 38 719 33
27 39 481 128
27 40 585 284
27 41 943 61
28 32 411 121
28 33 573 1
28 34 996 36
28 35 142 216
28 36 999 270
28 37 276 274
28 38 895 143
28 39 837 238
28 40 398 343
28 41 491 300
29 32 34 44
29 33 711 168
29 34 644 7
29 35 432 100
29 36 461 214
29 37 450 324
29 38 516 124
29 39 132 264
29 40 878 112
29 41 253 277
30 32 795 84
30 33 692 271
30 34 865 27
30 35 19 100
30 36 321 57
30 37 460 250
30 38 777 109
30 39 996 345
30 40 940 339
30 41 205 107
31 32 713 7
31 33 586 143
31 34 805 252
31 35 441 194
31 36 712 268
31 37 143 22
31 38 289 281
31 39 429 331
31 40 242 97
31 41 161 185
32 42 937 53
32 43 464 280
32 44 130 145
32 45 523 50
32 46 375 7
32 47 697 315
32 48 660 238
32 49 307 139
32 50 538 281
32 51 299 151
33 42 559 229
33 43 163 3
33 44 715 187
33 45 802 249
33 46 658 286
33 47 331 336
33 48 286 82
33 49 161 104
33 50 99 286
33 51 684 211
34 42 186 268
34 43 7 213
34 44 534 161
34 45 420 128
34 46 974 317
34 47 403 212
34 48 566 12
34 49 941 86
34 50 323 183
34 51 136 216
35 42 369 249
35 43 583 297
35 44 222 54
35 45 515 224
35 46 520 186
35 47 410 232
35 48 866 261
35 49 153 37
35 50 215 25
35 51 744 202
36 42 313 76
36 43 841 325
36 44 614 85
36 45 120 244
36 46 340 314
36 47 666 277
36 48 458 25
36 49 577 284
36 50 417 93
36 51 714 156
37 42 309 321
37 43 231 352
37 44 672 193
37 45 532 231
37 46 517 227
37 47 827 32
37 48 324 207
37 49 652 201
37 50 876 300
37 51 133 302
38 42 307 338
38 43 421 127
38 44 469 71
38 45 962 175
38 46 851 162
38 47 929 169
38 48 409 33
38 49 822 95
38 50 936 232
38 51 596 45
39 42 324 71
39 43 627 264
39 44 835 102
39 45 515 179
39 46 225 14
39 47 696 8
39 48 692 304
39 49 481 217
39 50 445 205
39 51 331 327
40 42 397 83
40 43 680 29
40 44 761 9
40 45 495 346
40 46 459 32
40 47 1000 101
40 48 173 3
40 49 229 28
40 50 975 187
40 51 755 246
41 42 828 354
41 43 154 302
41 44 378 347
41 45 221 268
41 46 213 73
41 47 448 306
41 48 883 91
41 49 617 101
41 50 402 2
41 51 579 146
42 52 376 275
42 53 641 161
42 54 817 175
42 55 454 126
42 56 318 304
42 57 926 188
42 58 685 169
42 59 43 63
42 60 725 170
42 61 160 262
43 52 586 208
43 53 876 73
43 54 757 264
43 55 326 279
43 56 450 197
43 57 255 241
43 58 912 327
43 59 470 254
43 60 190 282
43 61 306 111
44 52 818 255
44 53 416 54
44 54 119 270
44 55 592 312
44 56 821 114
44 57 780 134
44 58 727 338
44 59 227 210
44 60 419 133
44 61 931 89
45 52 565 247
45 53 892 106
45 54 885 269
45 55 962 280
45 56 445 248
45 57 878 323
45 58 180 228
45 59 15 147
45 60 554 222
45 61 225 50
46 52 169 128
46 53 11 243
46 54 963 241
46 55 915 265
46 56 514 214
46 57 268 252
46 58 297 14
46 59 615 240
46 60 254 313
46 61 163 105
47 52 137 26
47 53 458 244
47 54 928 106
47 55 454 4
47 56 352 308
47 57 928 344
47 58 806 121
47 59 969 270
47 60 250 110
47 61 183 227
48 52 465 7
48 53 150 179
48 54 451 98
48 55 303 313
48 56 138 160
48 57 403 214
48 58 658 214
48 59 828 90
48 60 28 81
48 61 979 108
49 52 210 163
49 53 127 135
49 54 777 100
49 55 779 123
49 56 32 157
49 57 940 179
49 58 645 82
49 59 750 18
49 60 53 150
49 61 333 68
50 52 956 185
50 53 713 205
50 54 897 222
50 55 819 34
50 56 17 239
50 57 972 65
50 58 468 31
50 59 207 69
50 60 87 78
50 61 179 36
51 52 251 18
51 53 492 315
51 54 575 108
51 55 459 232
51 56 304 257
51 57 815 163
51 58 512 261
51 59 94 252
51 60 436 135
51 61 796 315
52 62 832 236
52 63 182 75
52 64 760 96
52 65 639 152
52 66 859 291
52 67 725 72
52 68 340 198
52 69 579 35
52 70 908 15
52 71 99 73
53 62 931 189
53 63 605 225
53 64 873 172
53 65 714 86
53 66 131 15
53 67 320 109
53 68 487 210
53 69 710 229
53 70 419 207
53 71 870 146
54 62 137 52
54 63 996 220
54 64 428 326
54 65 398 83
54 66 569 251
54 67 148 265
54 68 236 181
54 69 785 337
54 70 35 40
54 71 663 128
55 62 776 113
55 63 504 11
55 64 834 27
55 65 796 207
55 66 896 353
55 67 319 241
55 68 218 336
55 69 209 44
55 70 921 87
55 71 890 170
56 62 867 42
56 63 155 348
56 64 959 265
56 65 571 258
56 66 783 99
56 67 810 102
56 68 831 85
56 69 473 85
56 70 539 99
56 71 683 43
57 62 207 156
57 63 301 128
57 64 832 336
57 65 196 15
57 66 662 176
57 67 624 2
57 68 293 109
57 69 25 119
57 70 104 146
57 71 328 3
58 62 948 354
58 63 531 92
58 64 727 152
58 65 933 107
58 66 624 289
58 67 485 210
58 68 616 240
58 69 688 195
58 70 39 352
58 71 807 218
59 62 18 303
59 63 527 122
59 64 969 119
59 65 463 330
59 66 858 99
59 67 324 285
59 68 525 158
59 69 9 222
59 70 568 259
59 71 592 141
60 62 491 155
60 63 768 152
60 64 973 80
60 65 336 158
60 66 837 283
60 67 690 339
60 68 979 236
60 69 369 122
60 70 761 287
60 71 432 271
61 62 321 130
61 63 924 69
61 64 626 11
61 65 505 333
61 66 282 264
61 67 388 1
61 68 547 33
61 69 258 81
61 70 349 35
61 71 496 212
62 72 551 100
62 73 206 3
62 74 477 294
62 75 631 161
62 76 203 252
62 77 603 306
62 78 507 10
62 79 500 248
62 80 763 10
62 81 714 121
63 72 368 111
63 73 856 21
63 74 301 17
63 75 284 138
63 76 343 241
63 77 771 333
63 78 743 82
63 79 654 120
63 80 466 204
63 81 249 16
64 72 336 110
64 73 744 339
64 74 379 255
64 75 68 40
64 76 572 142
64 77 285 116
64 78 894 282
64 79 832 76
64 80 443 255
64 81 411 325
65 72 99 194
65 73 891 114
65 74 958 288
65 75 821 333
65 76 81 214
65 77 37 86
65 78 712 174
65 79 516 210
65 80 216 217
65 81 790 13
66 72 767 262
66 73 902 56
66 74 259 230
66 75 890 138
66 76 410 285
66 77 975 172
66 78 163 203
66 79 538 316
66 80 842 197
66 81 548 148
67 72 761 276
67 73 168 194
67 74 963 30
67 75 872 253
67 76 165 304
67 77 288 343
67 78 245 314
67 79 42 179
67 80 91 32
67 81 539 246
68 72 604 79
68 73 823 182
68 74 479 137
68 75 825 74
68 76 766 53
68 77 861 47
68 78 321 64
68 79 437 22
68 80 323 180
68 81 637 222
69 72 922 34
69 73 466 89
69 74 920 32
69 75 527 244
69 76 103 197
69 77 906 136
69 78 487 148
69 79 998 140
69 80 236 219
69 81 698 233
70 72 396 71
70 73 989 103
70 74 293 107
70 75 803 24
70 76 137 323
70 77 736 96
70 78 571 189
70 79 89 210
70 80 663 245
70 81 720 106
71 72 704 166
71 73 938 207
71 74 895 12
71 75 189 210
71 76 7 285
71 77 973 158
71 78 477 81
71 79 162 257
71 80 955 269
71 81 989 18
72 82 323 287
72 83 537 86
72 84 57 88
72 85 411 83
72 86 375 103
72 87 404 37
72 88 682 160
72 89 435 151
72 90 746 216
72 91 172 204
73 82 570 104
73 83 941 42
73 84 57 210
73 85 184 290
73 86 653 208
73 87 254 311
73 88 430 181
73 89 843 247
73 90 758 206
73 91 591 56
74 82 995 37
74 83 10 159
74 84 735 167
74 85 422 218
74 86 851 234
74 87 920 265
74 88 878 249
74 89 721 173
74 90 52 173
74 91 955 198
75 82 770 202
75 83 628 263
75 84 87 67
75 85 948 155
75 86 533 80
75 87 814 182
75 88 5 43
75 89 524 195
75 90 498 88
75 91 699 139
76 82 315 347
76 83 874 72
76 84 949 329
76 85 349 111
76 86 179 4
76 87 21 276
76 88 416 199
76 89 829 186
76 90 202 353
76 91 613 292
77 82 176 21
77 83 315 138
77 84 692 157
77 85 490 105
77 86 446 292
77 87 315 296
77 88 459 156
77 89 131 266
77 90 992 95
77 91 840 318
78 82 871 122
78 83 3 169
78 84 944 207
78 85 229 347
78 86 83 246
78 87 94 346
78 88 544 272
78 89 318 349
78 90 718 275
78 91 706 211
79 82 432 269
79 83 131 223
79 84 95 289
79 85 192 17
79 86 295 348
79 87 21 58
79 88 238 249
79 89 72 253
79 90 468 87
79 91 122 202
80 82 492 130
80 83 875 92
80 84 136 276
80 85 86 267
80 86 673 45
80 87 288 103
80 88 732 186
80 89 960 226
80 90 698 252
80 91 929 204
81 82 306 109
81 83 330 8
81 84 647 239
81 85 476 9
81 86 965 11
81 87 363 42
81 88 875 200
81 89 731 295
81 90 368 256
81 91 186 344
82 92 787 111
82 93 759 117
82 94 481 193
82 95 651 60
82 96 329 87
82 97 856 103
82 98 901 301
82 99 360 232
82 100 160 346
82 101 591 326
83 92 510 137
83 93 856 149
83 94 783 89
83 95 667 79
83 96 448 317
83 97 447 296
83 98 90 207
83 99 758 203
83 100 787 57
83 101 411 216
84 92 202 183
84 93 163 1
84 94 578 214
84 95 545 198
84 96 667 182
84 97 253 355
84 98 95 207
84 99 156 281
84 100 892 63
84 101 708 138
85 92 332 34
85 93 567 196
85 94 127 30
85 95 531 132
85 96 777 70
85 97 336 199
85 98 524 261
85 99 146 303
85 100 777 16
85 101 693 229
86 92 460 138
86 93 812 74
86 94 373 302
86 95 283 332
86 96 802 338
86 97 335 92
86 98 665 156
86 99 581 35
86 100 350 301
86 101 510 84
87 92 566 48
87 93 639 215
87 94 657 142
87 95 796 270
87 96 814 316
87 97 395 302
87 98 353 162
87 99 60 201
87 100 790 286
87 101 871 138
88 92 568 315
88 93 680 172
88 94 49 237
88 95 89 17
88 96 415 2
88 97 168 74
88 98 131 145
88 99 174 276
88 100 771 52
88 101 257 229
89 92 354 342
89 93 164 70
89 94 911 280
89 95 423 56
89 96 809 153
89 97 924 320
89 98 282 344
89 99 182 136
89 100 773 125
89 101 514 316
90 92 131 160
90 93 425 68
90 94 904 317
90 95 548 101
90 96 599 216
90 97 14 135
90 98 807 205
90 99 176 178
90 100 781 122
90 101 38 75
91 92 900 194
91 93 225 324
91 94 138 110
91 95 827 145
91 96 661 169
91 97 647 32
91 98 425 122
91 99 491 344
91 100 844 320
91 101 700 329
92 102 923 286
92 103 869 344
92 104 619 252
92 105 875 322
92 106 265 120
92 107 686 261
92 108 221 254
92 109 575 118
92 110 268 335
92 111 725 1
93 102 301 241
93 103 603 187
93 104 797 291
93 105 452 278
93 106 704 195
93 107 456 24
93 108 825 105
93 109 368 13
93 110 440 9
93 111 798 220
94 102 369 195
94 103 724 43
94 104 984 293
94 105 224 67
94 106 174 46
94 107 919 45
94 108 172 213
94 109 195 3
94 110 25 274
94 111 49 321
95 102 875 74
95 103 81 274
95 104 416 86
95 105 339 246
95 106 722 32
95 107 90 137
95 108 467 312
95 109 628 132
95 110 958 174
95 111 895 329
96 102 510 255
96 103 224 114
96 104 47 161
96 105 788 285
96 106 819 199
96 107 557 157
96 108 689 54
96 109 170 223
96 110 108 22
96 111 659 195
97 102 822 143
97 103 72 162
97 104 998 83
97 105 498 52
97 106 998 116
97 107 436 106
97 108 144 231
97 109 989 239
97 110 113 225
97 111 948 310
98 102 502 236
98 103 823 6
98 104 261 251
98 105 845 280
98 106 674 172
98 107 826 95
98 108 9 323
98 109 15 104
98 110 519 290
98 111 273 4
99 102 790 258
99 103 188 62
99 104 58 144
99 105 868 318
99 106 68 341
99 107 214 50
99 108 600 166
99 109 56 341
99 110 34 1
99 111 949 33
100 102 447 67
100 103 29 224
100 104 482 186
100 105 561 244
100 106 574 321
100 107 521 329
100 108 661 309
100 109 502 172
100 110 240 124
100 111 692 59
101 102 442 193
101 103 232 57
101 104 443 260
101 105 602 235
101 106 390 155
101 107 567 125
101 108 601 222
101 109 248 318
101 110 146 189
101 111 271 163
102 112 770 238
102 113 384 206
102 114 974 199
102 115 339 152
102 116 430 47
102 117 125 15
102 118 9 315
102 119 101 219
102 120 948 43
102 121 921 122
103 112 138 268
103 113 286 232
103 114 552 289
103 115 325 65
103 116 204 180
103 117 738 177
103 118 199 352
103 119 494 307
103 120 793 199
103 121 624 253
104 112 441 227
104 113 679 189
104 114 340 262
104 115 436 176
104 116 429 252
104 117 753 269
104 118 435 260
104 119 295 106
104 120 914 183
104 121 888 114
105 112 932 54
105 113 474 239
105 114 200 337
105 115 89 192
105 116 836 29
105 117 249 108
105 118 684 232
105 119 771 240
105 120 866 118
105 121 601 198
106 112 327 49
106 113 127 196
106 114 720 41
106 115 83 161
106 116 463 34
106 117 347 180
106 118 378 62
106 119 146 319
106 120 506 93
106 121 196 58
107 112 635 177
107 113 205 281
107 114 236 132
107 115 249 40
107 116 517 111
107 117 161 82
107 118 824 197
107 119 981 241
107 120 919 205
107 121 853 233
108 112 307 177
108 113 310 4
108 114 370 179
108 115 665 264
108 116 858 85
108 117 289 84
108 118 583 320
108 119 452 210
108 120 152 49
108 121 558 78
109 112 229 18
109 113 913 155
109 114 830 308
109 115 698 21
109 116 379 67
109 117 391 334
109 118 934 303
109 119 828 136
109 120 7 83
109 121 100 179
110 112 968 281
110 113 424 152
110 114 68 246
110 115 79 184
110 116 979 254
110 117 574 328
110 118 509 254
110 119 882 70
110 120 355 3
110 121 676 225
111 112 170 306
111 113 686 32
111 114 945 162
111 115 695 194
111 116 190 232
111 117 113 65
111 118 707 288
111 119 406 276
111 120 530 79
111 121 819 193
112 122 840 262
112 123 560 196
112 124 64 252
112 125 717 236
112 126 818 246
112 127 439 21
112 128 979 187
112 129 750 328
112 130 480 82
112 131 13 289
113 122 118 61
113 123 311 173
113 124 58 249
113 125 542 15
113 126 518 311
113 127 41 257
113 128 645 275
113 129 705 243
113 130 355 158
113 131 464 255
114 122 433 196
114 123 485 341
114 124 485 345
114 125 929 139
114 126 507 308
114 127 317 252
114 128 767 55
114 129 773 135
114 130 912 249
114 131 334 291
115 122 812 290
115 123 891 295
115 124 550 105
115 125 546 336
115 126 589 196
115 127 19 285
115 128 115 272
115 129 561 78
115 130 303 307
115 131 844 16
116 122 393 301
116 123 244 76
116 124 144 246
116 125 557 268
116 126 645 345
116 127 295 116
116 128 346 254
116 129 723 157
116 130 324 72
116 131 416 32
117 122 345 304
117 123 628 143
117 124 756 316
117 125 88 354
117 126 379 159
117 127 385 149
117 128 178 179
117 129 797 269
117 130 824 107
117 131 917 281
118 122 888 159
118 123 88 252
118 124 64 138
118 125 87 229
118 126 235 327
118 127 815 307
118 128 146 208
118 129 705 278
118 130 283 231
118 131 80 217
119 122 374 314
119 123 355 304
119 124 402 240
119 125 227 147
119 126 759 171
119 127 669 17
119 128 712 102
119 129 681 274
119 130 619 331
119 131 770 335
120 122 82 314
120 123 683 330
120 124 181 228
120 125 352 17
120 126 117 345
120 127 9 187
120 128 49 240
120 129 396 287
120 130 979 136
120 131 642 202
121 122 244 242
121 123 506 245
121 124 256 181
121 125 69 296
121 126 115 60
121 127 8 340
121 128 987 321
121 129 346 302
121 130 911 284
121 131 241 214
122 132 575 319
122 133 619 310
122 134 54 71
122 135 575 178
122 136 599 176
122 137 212 348
122 138 445 33
122 139 754 180
122 140 651 166
122 141 505 6
123 132 457 124
123 133 736 143
123 134 875 19
123 135 79 279
123 136 801 187
123 137 687 308
123 138 671 218
123 139 76 79
123 140 211 167
123 141 731 121
124 132 843 167
124 133 523 118
124 134 140 57
124 135 968 253
124 136 704 248
124 137 951 74
124 138 360 286
124 139 35 12
124 140 865 284
124 141 173 311
125 132 290 36
125 133 841 242
125 134 825 54
125 135 517 321
125 136 540 216
125 137 563 315
125 138 660 134
125 139 950 243
125 140 824 164
125 141 147 100
126 132 893 60
126 133 562 344
126 134 851 141
126 135 13 348
126 136 953 259
126 137 302 105
126 138 817 123
126 139 586 199
126 140 405 311
126 141 791 351
127 132 225 47
127 133 629 139
127 134 684 27
127 135 757 227
127 136 650 280
127 137 947 331
127 138 530 258
127 139 766 14
127 140 981 276
127 141 636 259
128 132 156 184
128 133 848 79
128 134 722 243
128 135 773 189
128 136 385 91
128 137 622 319
128 138 133 331
128 139 232 246
128 140 78 37
128 141 575 33
129 132 985 353
129 133 987 205
129 134 334 232
129 135 542 222
129 136 999 192
129 137 228 69
129 138 281 68
129 139 635 247
129 140 13 350
129 141 358 1
130 132 346 339
130 133 411 100
130 134 905 319
130 135 897 37
130 136 723 227
130 137 131 304
130 138 417 258
130 139 878 116
130 140 590 242
130 141 950 118
131 132 373 300
131 133 96 322
131 134 114 104
131 135 985 201
131 136 745 275
131 137 876 168
131 138 836 286
131 139 897 143
131 140 837 354
131 141 244 188
132 142 844 269
132 143 737 113
132 144 856 277
132 145 518 6
132 146 187 302
132 147 304 308
132 148 946 1
132 149 840 63
132 150 741 59
132 151 144 316
133 142 560 350
133 143 292 351
133 144 791 249
133 145 111 318
133 146 416 111
133 147 519 14
133 148 236 231
133 149 375 122
133 150 90 77
133 151 444 177
134 142 335 167
134 143 304 136
134 144 542 127
134 145 853 336
134 146 202 314
134 147 807 51
134 148 99 66
134 149 194 20
134 150 246 17
134 151 34 181
135 142 186 44
135 143 648 335
135 144 883 132
135 145 214 203
135 146 793 140
135 147 905 279
135 148 376 9
135 149 5 122
135 150 292 18
135 151 43 301
136 142 719 197
136 143 30 14
136 144 662 330
136 145 433 334
136 146 704 3
136 147 158 265
136 148 256 186
136 149 584 103
136 150 921 48
136 151 104 53
137 142 386 25
137 143 356 199
137 144 399 113
137 145 864 103
137 146 293 239
137 147 119 127
137 148 743 291
137 149 727 182
137 150 495 250
137 151 681 68
138 142 435 342
138 143 402 97
138 144 691 17
138 145 548 250
138 146 320 153
138 147 556 265
138 148 423 146
138 149 997 76
138 150 729 349
138 151 913 2
139 142 584 12
139 143 19 225
139 144 848 92
139 145 635 179
139 146 299 292
139 147 949 265
139 148 350 30
139 149 546 142
139 150 435 328
139 151 750 140
140 142 306 210
140 143 362 248
140 144 637 270
140 145 519 249
140 146 314 88
140 147 593 115
140 148 239 217
140 149 91 300
140 150 839 249
140 151 358 156
141 142 192 223
141 143 872 207
141 144 543 212
141 145 448 262
141 146 7 139
141 147 890 53
141 148 172 102
141 149 348 137
141 150 694 240
141 151 831 240
142 152 803 78
143 152 742 174
144 152 496 158
145 152 427 310
146 152 482 277
147 152 952 251
148 152 513 180
149 152 326 40
150 152 659 262
151 152 121 57
