152 1420 1 152 7 355
1 2 307 26
1 3 18 42
1 4 626 353
1 5 875 179
1 6 623 93
1 7 81 237
1 8 591 61
1 9 483 92
1 10 975 329
1 11 97 172
2 12 302 291
2 13 348 295
2 14 328 256
2 15 125 46
2 16 495 232
2 17 615 114
2 18 445 332
2 19 575 149
2 20 304 93
2 21 731 72
3 12 896 29
3 13 160 128
3 14 746 209
3 15 81 188
3 16 771 227
3 17 780 148
3 18 916 99
3 19 203 26
3 20 981 70
3 21 128 89
4 12 26 82
4 13 460 60
4 14 827 27
4 15 182 15
4 16 648 296
4 17 197 184
4 18 50 293
4 19 96 20
4 20 964 295
4 21 317 116
5 12 107 43
5 13 984 90
5 14 527 29
5 15 251 260
5 16 995 317
5 17 49 11
5 18 115 329
5 19 312 246
5 20 477 115
5 21 485 12
6 12 544 181
6 13 239 277
6 14 717 329
6 15 231 279
6 16 129 57
6 17 929 169
6 18 465 230
6 19 259 321
6 20 770 57
6 21 779 176
7 12 71 305
7 13 700 185
7 14 208 28
7 15 149 83
7 16 998 285
7 17 533 298
7 18 344 205
7 19 890 254
7 20 67 13
7 21 439 186
8 12 627 117
8 13 179 17
8 14 247 341
8 15 530 256
8 16 402 216
8 17 340 201
8 18 663 248
8 19 313 42
8 20 331 23
8 21 890 139
9 12 547 352
9 13 810 188
9 14 905 2
9 15 824 234
9 16 532 291
9 17 129 46
9 18 940 180
9 19 526 296
9 20 551 267
9 21 655 88
10 12 250 29
10 13 681 354
10 14 969 51
10 15 425 125
10 16 472 180
10 17 957 217
10 18 659 279
10 19 147 283
10 20 794 30
10 21 334 320
11 12 584 259
11 13 103 254
11 14 50 155
11 15 675 240
11 16 312 84
11 17 829 13
11 18 826 79
11 19 189 227
11 20 11 340
11 21 170 311
12 22 675 271
12 23 359 228
12 24 281 265
12 25 251 20
12 26 607 55
12 27 713 53
12 28 456 201
12 29 82 118
12 30 30 174
12 31 313 255
13 22 526 9
13 23 134 240
13 24 853 72
13 25 765 7
13 26 484 262
13 27 460 303
13 28 837 63
13 29 845 301
13 30 537 59
13 31 824 247
14 22 637 123
14 23 691 25
14 24 712 193
14 25 679 327
14 26 32 14
14 27 303 84
14 28 831 162
14 29 584 191
14 30 960 254
14 31 589 319
15 22 176 247
15 23 664 32
15 24 596 206
15 25 201 18
15 26 36 338
15 27 408 185
15 28 982 133
15 29 365 80
15 30 65 148
15 31 883 55
16 22 641 232
16 23 1 235
16 24 577 28
16 25 232 178
16 26 425 253
16 27 463 256
16 28 776 312
16 29 492 269
16 30 337 344
16 31 253 276
17 22 658 171
17 23 976 139
17 24 22 1
17 25 801 237
17 26 171 205
17 27 429 280
17 28 442 222
17 29 237 6
17 30 821 320
17 31 588 204
18 22 950 60
18 23 42 337
18 24 1 5
18 25 776 111
18 26 983 186
18 27 828 167
18 28 722 176
18 29 961 37
18 30 991 199
18 31 42 23
19 22 898 145
19 23 942 73
19 24 682 343
19 25 490 35
19 26 391 181
19 27 915 101
19 28 347 221
19 29 757 127
19 30 377 192
19 31 547 266
20 22 870 300
20 23 572 144
20 24 761 253
20 25 538 135
20 26 199 309
20 27 667 300
20 28 986 73
20 29 510 56
20 30 705 328
20 31 577 341
21 22 371 118
21 23 211 66
21 24 981 80
21 25 655 94
21 26 601 23
21 27 763 312
21 28 524 308
21 29 584 220
21 30 739 69
21 31 273 164
22 32 145 169
22 33 555 151
22 34 221 236
22 35 980 7
22 36 515 26
22 37 744 293
22 38 86 149
22 39 245 308
22 40 289 311
22 41 739 157
23 32 130 178
23 33 42 154
23 34 994 170
23 35 295 224
23 36 651 60
23 37 994 309
23 38 296 297
23 39 645 78
23 40 41 153
23 41 363 277
24 32 378 211
24 33 507 69
24 34 289 23
24 35 556 255
24 36 801 66
24 37 739 63
24 38 344 30
24 39 105 82
24 40 584 159
24 41 404 351
25 32 193 178
25 33 235 23
25 34 506 12
25 35 322 17
25 36 339 163
25 37 791 167
25 38 597 173
25 39 196 190
25 40 59 158
25 41 500 111
26 32 366 6
26 33 652 111
26 34 104 22
26 35 457 86
26 36 119 203
26 37 581 329
26 38 271 23
26 39 348 223
26 40 954 26
26 41 842 143
27 32 677 70
27 33 573 52
27 34 806 183
27 35 580 218
27 36 329 21
27 37 876 59
27 38 646 133
27 39 119 69
27 40 344 158
27 41 999 10
28 32 21 249
28 33 951 270
28 34 976 224
28 35 296 191
28 36 540 26
28 37 324 225
28 38 45 101
28 39 550 244
28 40 843 160
28 41 393 204
29 32 32 344
29 33 149 248
29 34 17 247
29 35 566 100
29 36 152 117
29 37 504 42
29 38 181 135
29 39 549 320
29 40 670 284
29 41 936 62
30 32 162 306
30 33 46 233
30 34 437 37
30 35 410 185
30 36 59 226
30 37 74 14
30 38 722 211
30 39 131 202
30 40 830 42
30 41 922 90
31 32 521 289
31 33 465 104
31 34 205 32
31 35 446 83
31 36 633 79
31 37 287 215
31 38 374 312
31 39 197 136
31 40 175 109
31 41 735 219
32 42 635 199
32 43 550 134
32 44 67 11
32 45 984 234
32 46 196 253
32 47 471 112
32 48 45 23
32 49 968 225
32 50 521 254
32 51 872 65
33 42 474 272
33 43 206 30
33 44 398 329
33 45 216 333
33 46 985 103
33 47 654 353
33 48 984 90
33 49 79 284
33 50 118 212
33 51 409 47
34 42 186 114
34 43 516 310
34 44 391 182
34 45 26 156
34 46 603 77
34 47 669 326
34 48 814 17
34 49 264 13
34 50 459 74
34 51 485 321
35 42 375 222
35 43 277 227
35 44 271 210
35 45 190 279
35 46 350 355
35 47 708 318
35 48 370 166
35 49 685 130
35 50 556 349
35 51 218 305
36 42 877 51
36 43 625 209
36 44 277 102
36 45 340 318
36 46 490 106
36 47 207 328
36 48 686 226
36 49 872 122
36 50 989 218
36 51 493 227
37 42 421 257
37 43 565 146
37 44 563 11
37 45 594 25
37 46 505 110
37 47 362 243
37 48 893 100
37 49 548 106
37 50 376 78
37 51 883 168
38 42 179 347
38 43 167 52
38 44 421 299
38 45 29 176
38 46 394 64
38 47 770 153
38 48 405 168
38 49 159 129
38 50 89 253
38 51 754 8
39 42 19 37
39 43 419 241
39 44 122 282
39 45 521 189
39 46 73 212
39 47 941 90
39 48 539 33
39 49 41 280
39 50 14 165
39 51 879 177
40 42 397 50
40 43 961 40
40 44 778 90
40 45 422 140
40 46 134 30
40 47 254 128
40 48 458 166
40 49 877 322
40 50 698 179
40 51 911 214
41 42 655 28
41 43 205 243
41 44 168 24
41 45 634 197
41 46 127 285
41 47 289 222
41 48 422 335
41 49 150 292
41 50 771 203
41 51 397 18
42 52 644 335
42 53 541 174
42 54 948 282
42 55 484 317
42 56 618 156
42 57 500 20
42 58 879 264
42 59 302 345
42 60 707 101
42 61 725 8
43 52 503 311
43 53 365 294
43 54 18 32
43 55 642 124
43 56 590 268
43 57 847 168
43 58 636 95
43 59 198 150
43 60 471 296
43 61 497 107
44 52 425 234
44 53 282 25
44 54 701 308
44 55 406 6
44 56 655 136
44 57 477 138
44 58 269 176
44 59 378 30
44 60 578 48
44 61 960 330
45 52 749 29
45 53 91 41
45 54 423 305
45 55 986 110
45 56 607 199
45 57 54 98
45 58 722 153
45 59 694 346
45 60 548 185
45 61 584 98
46 52 546 270
46 53 899 66
46 54 611 207
46 55 281 98
46 56 659 347
46 57 116 117
46 58 421 355
46 59 857 269
46 60 308 287
46 61 188 280
47 52 483 160
47 53 917 341
47 54 182 1
47 55 964 237
47 56 159 45
47 57 561 215
47 58 712 195
47 59 762 251
47 60 447 270
47 61 432 42
48 52 877 253
48 53 317 140
48 54 657 190
48 55 792 230
48 56 389 88
48 57 780 185
48 58 377 283
48 59 89 60
48 60 677 245
48 61 949 41
49 52 972 99
49 53 992 155
49 54 513 75
49 55 5 167
49 56 341 263
49 57 568 70
49 58 521 259
49 59 52 324
49 60 982 49
49 61 802 66
50 52 615 344
50 53 360 210
50 54 719 73
50 55 345 292
50 56 817 73
50 57 586 346
50 58 586 317
50 59 439 246
50 60 192 75
50 61 341 236
51 52 460 279
51 53 313 344
51 54 546 46
51 55 758 145
51 56 799 3
51 57 276 319
51 58 398 70
51 59 618 52
51 60 309 83
51 61 230 15
52 62 702 34
52 63 166 195
52 64 497 78
52 65 267 21
52 66 643 294
52 67 456 350
52 68 169 77
52 69 435 117
52 70 371 336
52 71 403 13
53 62 328 224
53 63 873 326
53 64 79 337
53 65 659 300
53 66 142 75
53 67 998 214
53 68 905 273
53 69 896 163
53 70 704 20
53 71 820 347
54 62 317 134
54 63 422 238
54 64 207 109
54 65 765 336
54 66 625 11
54 67 753 97
54 68 129 164
54 69 597 173
54 70 138 122
54 71 931 148
55 62 189 204
55 63 812 292
55 64 945 170
55 65 453 305
55 66 947 179
55 67 767 36
55 68 911 330
55 69 664 274
55 70 402 124
55 71 43 242
56 62 205 192
56 63 960 40
56 64 212 297
56 65 188 222
56 66 696 249
56 67 449 193
56 68 697 203
56 69 14 316
56 70 851 129
56 71 623 239
57 62 2 342
57 63 284 74
57 64 712 86
57 65 492 66
57 66 640 201
57 67 46 90
57 68 502 161
57 69 937 204
57 70 503 245
57 71 785 170
58 62 141 212
58 63 541 293
58 64 735 222
58 65 888 128
58 66 743 130
58 67 115 105
58 68 48 100
58 69 116 329
58 70 191 196
58 71 67 193
59 62 763 217
59 63 867 80
59 64 48 299
59 65 797 123
59 66 211 321
59 67 694 73
59 68 956 284
59 69 41 240
59 70 703 141
59 71 371 44
60 62 440 90
60 63 355 236
60 64 644 92
60 65 665 122
60 66 648 141
60 67 707 181
60 68 747 113
60 69 612 300
60 70 476 227
60 71 968 153
61 62 846 69
61 63 322 260
61 64 927 171
61 65 403 334
61 66 98 119
61 67 610 342
61 68 216 252
61 69 164 180
61 70 446 40
61 71 16 87
62 72 257 317
62 73 341 311
62 74 488 313
62 75 901 168
62 76 492 313
62 77 921 197
62 78 205 345
62 79 129 33
62 80 127 106
62 81 39 67
63 72 366 215
63 73 694 273
63 74 568 51
63 75 76 73
63 76 1000 302
63 77 929 34
63 78 611 158
63 79 82 272
63 80 928 183
63 81 570 15
64 72 961 187
64 73 282 102
64 74 773 67
64 75 575 346
64 76 907 168
64 77 373 133
64 78 465 125
64 79 698 309
64 80 465 29
64 81 577 287
65 72 27 162
65 73 838 215
65 74 47 257
65 75 710 201
65 76 509 5
65 77 531 58
65 78 462 338
65 79 748 354
65 80 278 139
65 81 279 47
66 72 383 75
66 73 1000 208
66 74 191 206
66 75 315 182
66 76 833 270
66 77 343 355
66 78 812 317
66 79 361 211
66 80 695 39
66 81 111 253
67 72 19 93
67 73 381 79
67 74 694 110
67 75 558 163
67 76 341 60
67 77 709 95
67 78 946 86
67 79 157 259
67 80 317 281
67 81 494 282
68 72 585 103
68 73 56 89
68 74 758 151
68 75 236 349
68 76 711 44
68 77 531 18
68 78 80 93
68 79 737 253
68 80 725 305
68 81 47 143
69 72 470 340
69 73 372 345
69 74 31 66
69 75 301 81
69 76 539 70
69 77 591 149
69 78 379 105
69 79 246 5
69 80 328 10
69 81 891 78
70 72 814 294
70 73 870 261
70 74 974 328
70 75 69 170
70 76 57 282
70 77 488 233
70 78 982 283
70 79 377 236
70 80 670 260
70 81 234 326
71 72 9 272
71 73 737 213
71 74 629 259
71 75 276 72
71 76 559 95
71 77 220 287
71 78 144 135
71 79 20 12
71 80 570 282
71 81 977 309
72 82 621 98
72 83 517 180
72 84 923 64
72 85 573 229
72 86 650 304
72 87 97 291
72 88 194 195
72 89 935 335
72 90 622 352
72 91 626 34
73 82 771 152
73 83 614 327
73 84 335 295
73 85 270 112
73 86 63 205
73 87 776 272
73 88 371 162
73 89 590 12
73 90 549 73
73 91 329 226
74 82 374 177
74 83 896 139
74 84 838 278
74 85 332 174
74 86 714 279
74 87 922 234
74 88 236 353
74 89 863 178
74 90 928 228
74 91 741 35
75 82 425 194
75 83 112 41
75 84 253 319
75 85 917 343
75 86 86 237
75 87 235 28
75 88 690 98
75 89 230 119
75 90 497 96
75 91 42 18
76 82 19 51
76 83 327 290
76 84 118 187
76 85 184 355
76 86 905 130
76 87 722 23
76 88 276 129
76 89 990 350
76 90 284 274
76 91 916 191
77 82 912 336
77 83 863 146
77 84 11 340
77 85 628 334
77 86 312 277
77 87 189 230
77 88 632 141
77 89 763 238
77 90 905 11
77 91 127 251
78 82 393 93
78 83 550 320
78 84 579 16
78 85 40 249
78 86 493 216
78 87 5 322
78 88 652 266
78 89 826 9
78 90 65 243
78 91 796 35
79 82 458 20
79 83 812 25
79 84 41 43
79 85 227 157
79 86 545 234
79 87 589 64
79 88 738 210
79 89 968 72
79 90 890 107
79 91 983 307
80 82 434 55
80 83 295 221
80 84 597 205
80 85 616 192
80 86 2 231
80 87 56 185
80 88 208 188
80 89 252 200
80 90 309 78
80 91 818 247
81 82 497 149
81 83 228 33
81 84 348 301
81 85 221 205
81 86 327 191
81 87 886 70
81 88 331 184
81 89 336 220
81 90 13 164
81 91 400 76
82 92 594 203
82 93 495 297
82 94 325 15
82 95 69 166
82 96 54 271
82 97 814 112
82 98 871 74
82 99 817 126
82 100 527 285
82 101 222 210
83 92 936 210
83 93 379 66
83 94 253 94
83 95 655 178
83 96 577 206
83 97 420 109
83 98 669 1
83 99 935 62
83 100 701 337
83 101 287 322
84 92 433 32
84 93 257 251
84 94 822 98
84 95 143 344
84 96 470 291
84 97 890 246
84 98 486 323
84 99 378 211
84 100 205 281
84 101 407 123
85 92 148 46
85 93 439 139
85 94 795 207
85 95 114 322
85 96 78 222
85 97 101 138
85 98 351 355
85 99 320 58
85 100 174 303
85 101 544 338
86 92 817 270
86 93 484 42
86 94 192 317
86 95 267 189
86 96 872 45
86 97 530 243
86 98 622 129
86 99 306 232
86 100 697 55
86 101 251 109
87 92 138 348
87 93 886 311
87 94 992 81
87 95 396 344
87 96 925 329
87 97 149 71
87 98 136 306
87 99 102 162
87 100 521 220
87 101 382 247
88 92 759 326
88 93 229 208
88 94 615 232
88 95 639 182
88 96 590 220
88 97 667 264
88 98 268 298
88 99 108 296
88 100 795 313
88 101 603 341
89 92 525 259
89 93 766 124
89 94 941 48
89 95 379 111
89 96 68 311
89 97 979 268
89 98 6 325
89 99 174 31
89 100 886 83
89 101 80 270
90 92 7 94
90 93 52 36
90 94 310 43
90 95 63 191
90 96 953 145
90 97 302 72
90 98 575 58
90 99 676 105
90 100 602 254
90 101 603 25
91 92 864 24
91 93 683 226
91 94 376 230
91 95 960 350
91 96 473 243
91 97 601 344
91 98 63 292
91 99 244 195
91 100 547 130
91 101 241 296
92 102 962 37
92 103 176 27
92 104 196 214
92 105 873 278
92 106 857 25
92 107 663 174
92 108 471 239
92 109 676 177
92 110 722 14
92 111 499 206
93 102 602 135
93 103 870 150
93 104 639 277
93 105 794 331
93 106 885 76
93 107 316 201
93 108 322 329
93 109 719 252
93 110 99 158
93 111 843 112
94 102 636 94
94 103 372 176
94 104 463 228
94 105 75 174
94 106 905 30
94 107 975 89
94 108 818 35
94 109 649 145
94 110 506 121
94 111 234 37
95 102 132 127
95 103 30 210
95 104 372 33
95 105 413 126
95 106 702 287
95 107 820 327
95 108 646 233
95 109 53 23
95 110 76 226
95 111 654 37
96 102 134 282
96 103 587 144
96 104 86 249
96 105 558 336
96 106 976 243
96 107 570 203
96 108 451 211
96 109 494 225
96 110 905 11
96 111 486 244
97 102 398 193
97 103 672 246
97 104 650 153
97 105 179 103
97 106 248 253
97 107 938 319
97 108 872 54
97 109 570 94
97 110 367 189
97 111 222 156
98 102 134 260
98 103 333 108
98 104 908 120
98 105 551 169
98 106 175 24
98 107 449 195
98 108 360 284
98 109 784 104
98 110 900 10
98 111 556 171
99 102 470 334
99 103 988 107
99 104 113 313
99 105 289 121
99 106 15 38
99 107 744 148
99 108 876 173
99 109 504 1
99 110 14 243
99 111 55 352
100 102 30 207
100 103 783 7
100 104 587 176
100 105 484 103
100 106 982 286
100 107 515 348
100 108 168 78
100 109 333 90
100 110 815 158
100 111 527 251
101 102 840 280
101 103 219 180
101 104 852 135
101 105 75 197
101 106 214 323
101 107 852 29
101 108 131 153
101 109 625 23
101 110 86 318
101 111 966 167
102 112 735 63
102 113 430 216
102 114 876 161
102 115 962 348
102 116 227 234
102 117 579 277
102 118 552 338
102 119 152 156
102 120 683 309
102 121 587 24
103 112 119 317
103 113 209 318
103 114 854 48
103 115 183 60
103 116 526 258
103 117 728 332
103 118 507 353
103 119 971 222
103 120 284 215
103 121 405 147
104 112 60 6
104 113 755 117
104 114 191 242
104 115 888 124
104 116 793 282
104 117 437 98
104 118 274 340
104 119 48 297
104 120 243 21
104 121 353 346
105 112 552 135
105 113 746 213
105 114 957 102
105 115 971 301
105 116 533 128
105 117 98 292
105 118 981 185
105 119 649 208
105 120 534 136
105 121 296 193
106 112 739 208
106 113 855 176
106 114 80 75
106 115 246 169
106 116 326 61
106 117 888 115
106 118 756 233
106 119 54 241
106 120 703 44
106 121 794 342
107 112 817 128
107 113 983 16
107 114 395 220
107 115 275 111
107 116 127 275
107 117 698 73
107 118 404 187
107 119 878 53
107 120 296 243
107 121 736 88
108 112 875 138
108 113 862 165
108 114 185 106
108 115 283 229
108 116 837 46
108 117 827 291
108 118 221 319
108 119 679 193
108 120 482 104
108 121 559 151
109 112 335 196
109 113 279 134
109 114 893 89
109 115 667 166
109 116 860 92
109 117 134 3
109 118 294 232
109 119 265 114
109 120 261 194
109 121 126 220
110 112 978 169
110 113 188 87
110 114 37 100
110 115 253 160
110 116 374 240
110 117 123 175
110 118 107 149
110 119 594 98
110 120 209 97
110 121 624 187
111 112 710 308
111 113 338 221
111 114 46 324
111 115 764 229
111 116 742 67
111 117 14 174
111 118 719 313
111 119 702 227
111 120 531 339
111 121 890 66
112 122 192 83
112 123 783 263
112 124 520 155
112 125 797 199
112 126 712 217
112 127 613 123
112 128 874 321
112 129 793 243
112 130 608 175
112 131 451 197
113 122 583 248
113 123 594 114
113 124 840 114
113 125 533 163
113 126 946 142
113 127 144 33
113 128 21 174
113 129 954 185
113 130 379 277
113 131 76 271
114 122 921 145
114 123 33 296
114 124 986 182
114 125 540 247
114 126 203 242
114 127 252 155
114 128 78 151
114 129 315 63
114 130 399 62
114 131 563 334
115 122 1 350
115 123 184 271
115 124 83 225
115 125 929 70
115 126 763 214
115 127 943 303
115 128 363 272
115 129 668 120
115 130 658 86
115 131 1000 321
116 122 344 72
116 123 612 254
116 124 737 163
116 125 455 166
116 126 273 207
116 127 173 172
116 128 259 308
116 129 159 311
116 130 599 333
116 131 913 57
117 122 703 212
117 123 259 211
117 124 796 203
117 125 491 352
117 126 887 102
117 127 449 291
117 128 898 265
117 129 665 82
117 130 446 63
117 131 751 148
118 122 329 10
118 123 828 114
118 124 850 218
118 125 250 258
118 126 101 244
118 127 817 121
118 128 273 10
118 129 991 72
118 130 90 225
118 131 41 314
119 122 892 12
119 123 558 152
119 124 463 36
119 125 311 302
119 126 761 191
119 127 174 192
119 128 434 127
119 129 805 102
119 130 28 54
119 131 637 17
120 122 302 62
120 123 421 313
120 124 236 186
120 125 915 253
120 126 581 96
120 127 271 139
120 128 715 246
120 129 862 8
120 130 829 267
120 131 173 268
121 122 926 327
121 123 416 245
121 124 986 261
121 125 847 265
121 126 877 89
121 127 960 301
121 128 565 220
121 129 485 163
121 130 828 105
121 131 826 81
122 132 497 263
122 133 542 129
122 134 703 44
122 135 311 171
122 136 345 311
122 137 597 238
122 138 457 212
122 139 726 104
122 140 991 59
122 141 609 330
123 132 258 17
123 133 504 100
123 134 635 72
123 135 875 102
123 136 497 302
123 137 869 21
123 138 304 315
123 139 275 95
123 140 256 27
123 141 861 20
124 132 287 227
124 133 632 199
124 134 248 304
124 135 925 71
124 136 517 236
124 137 261 278
124 138 2 42
124 139 754 121
124 140 80 111
124 141 2 14
125 132 94 255
125 133 724 268
125 134 352 263
125 135 517 89
125 136 975 304
125 137 181 113
125 138 406 302
125 139 156 203
125 140 114 32
125 141 852 115
126 132 869 15
126 133 443 294
126 134 817 151
126 135 176 167
126 136 463 220
126 137 570 233
126 138 237 121
126 139 956 337
126 140 817 339
126 141 218 307
127 132 224 301
127 133 654 148
127 134 535 282
127 135 946 304
127 136 395 150
127 137 427 263
127 138 67 308
127 139 255 50
127 140 197 347
127 141 904 314
128 132 156 343
128 133 951 28
128 134 327 355
128 135 537 56
128 136 692 178
128 137 302 148
128 138 605 235
128 139 185 183
128 140 668 100
128 141 64 115
129 132 916 13
129 133 893 77
129 134 2 179
129 135 337 193
129 136 439 118
129 137 666 253
129 138 979 258
129 139 934 159
129 140 348 348
129 141 632 194
130 132 704 338
130 133 770 322
130 134 810 65
130 135 960 46
130 136 99 76
130 137 681 227
130 138 470 115
130 139 352 28
130 140 111 25
130 141 976 313
131 132 859 44
131 133 113 318
131 134 16 91
131 135 195 133
131 136 261 101
131 137 733 298
131 138 478 218
131 139 227 29
131 140 431 99
131 141 258 235
132 142 342 115
132 143 956 57
132 144 644 33
132 145 252 219
132 146 705 325
132 147 993 233
132 148 713 165
132 149 207 323
132 150 692 275
132 151 230 81
133 142 19 16
133 143 913 262
133 144 793 200
133 145 505 202
133 146 492 268
133 147 43 194
133 148 202 106
133 149 249 33
133 150 944 354
133 151 129 2
134 142 20 298
134 143 824 89
134 144 532 78
134 145 861 335
134 146 450 170
134 147 85 256
134 148 358 288
134 149 385 318
134 150 390 350
134 151 509 43
135 142 515 311
135 143 396 12
135 144 160 345
135 145 554 227
135 146 707 257
135 147 266 135
135 148 529 286
135 149 431 292
135 150 432 137
135 151 932 121
136 142 576 292
136 143 930 320
136 144 234 47
136 145 8 13
136 146 42 43
136 147 443 180
136 148 67 316
136 149 772 53
136 150 367 130
136 151 227 278
137 142 768 157
137 143 60 50
137 144 113 162
137 145 493 349
137 146 391 304
137 147 120 149
137 148 239 30
137 149 191 176
137 150 71 59
137 151 711 207
138 142 974 92
138 143 228 255
138 144 339 324
138 145 844 204
138 146 162 324
138 147 457 13
138 148 905 280
138 149 591 201
138 150 299 234
138 151 578 258
139 142 288 14
139 143 287 50
139 144 356 67
139 145 442 288
139 146 547 332
139 147 228 152
139 148 485 157
139 149 769 73
139 150 476 126
139 151 47 319
140 142 172 214
140 143 793 340
140 144 509 183
140 145 932 100
140 146 974 334
140 147 827 178
140 148 242 180
140 149 85 236
140 150 84 13
140 151 282 25
141 142 545 150
141 143 570 220
141 144 395 309
141 145 625 293
141 146 81 228
141 147 42 230
141 148 968 237
141 149 689 83
141 150 268 225
141 151 445 268
142 152 786 354
143 152 988 263
144 152 558 337
145 152 840 56
146 152 221 125
147 152 176 168
148 152 892 254
149 152 22 86
150 152 549 285
151 152 627 17
