152 1420 1 152 7 355
1 2 140 19
1 3 376 215
1 4 460 142
1 5 469 42
1 6 285 54
1 7 660 318
1 8 122 335
1 9 40 131
1 10 452 120
1 11 630 280
2 12 79 221
2 13 201 198
2 14 18 321
2 15 553 196
2 16 458 162
2 17 468 207
2 18 108 234
2 19 258 244
2 20 156 328
2 21 511 188
3 12 643 351
3 13 157 162
3 14 660 79
3 15 44 27
3 16 979 77
3 17 210 58
3 18 817 186
3 19 739 77
3 20 646 221
3 21 707 271
4 12 966 14
4 13 644 203
4 14 718 219
4 15 349 259
4 16 61 63
4 17 182 333
4 18 181 83
4 19 140 4
4 20 469 58
4 21 801 98
5 12 617 322
5 13 721 37
5 14 742 258
5 15 742 238
5 16 473 268
5 17 822 166
5 18 91 217
5 19 322 286
5 20 730 288
5 21 646 55
6 12 341 131
6 13 499 324
6 14 643 274
6 15 268 96
6 16 142 324
6 17 173 148
6 18 932 335
6 19 665 24
6 20 100 292
6 21 244 94
7 12 22 2
7 13 216 129
7 14 192 329
7 15 312 14
7 16 902 236
7 17 518 212
7 18 46 341
7 19 826 204
7 20 170 189
7 21 986 322
8 12 135 331
8 13 462 237
8 14 979 45
8 15 962 220
8 16 105 347
8 17 366 322
8 18 662 318
8 19 959 200
8 20 161 11
8 21 484 160
9 12 792 125
9 13 831 172
9 14 145 20
9 15 795 103
9 16 913 136
9 17 148 73
9 18 648 133
9 19 974 47
9 20 791 23
9 21 715 275
10 12 927 152
10 13 415 50
10 14 418 95
10 15 680 294
10 16 53 58
10 17 891 211
10 18 132 17
10 19 15 347
10 20 38 190
10 21 423 67
11 12 630 143
11 13 151 155
11 14 308 286
11 15 714 205
11 16 841 234
11 17 406 1
11 18 703 207
11 19 935 260
11 20 777 224
11 21 601 241
12 22 443 265
12 23 223 172
12 24 153 85
12 25 920 353
12 26 743 223
12 27 899 247
12 28 761 330
12 29 348 353
12 30 979 71
12 31 778 306
13 22 723 20
13 23 804 2
13 24 38 268
13 25 733 172
13 26 473 162
13 27 824 201
13 28 557 114
13 29 5 313
13 30 516 245
13 31 351 235
14 22 577 80
14 23 506 343
14 24 233 119
14 25 51 158
14 26 524 233
14 27 903 106
14 28 755 302
14 29 885 196
14 30 535 74
14 31 393 280
15 22 469 331
15 23 18 70
15 24 205 1
15 25 989 161
15 26 460 234
15 27 257 272
15 28 638 174
15 29 603 199
15 30 989 105
15 31 214 351
16 22 742 187
16 23 117 236
16 24 292 28
16 25 208 106
16 26 795 197
16 27 861 108
16 28 873 113
16 29 360 246
16 30 269 252
16 31 762 307
17 22 867 23
17 23 142 279
17 24 91 119
17 25 808 151
17 26 430 73
17 27 935 164
17 28 562 50
17 29 921 318
17 30 496 196
17 31 927 179
18 22 997 53
18 23 811 283
18 24 215 161
18 25 746 243
18 26 929 343
18 27 895 111
18 28 29 265
18 29 427 351
18 30 452 327
18 31 143 313
19 22 633 300
19 23 347 131
19 24 180 254
19 25 692 34
19 26 677 337
19 27 778 18
19 28 330 213
19 29 734 303
19 30 526 46
19 31 470 349
20 22 12 339
20 23 521 190
20 24 715 137
20 25 232 126
20 26 997 25
20 27 650 301
20 28 940 278
20 29 457 224
20 30 289 226
20 31 175 2
21 22 458 343
21 23 311 274
21 24 39 103
21 25 605 81
21 26 269 294
21 27 349 269
21 28 520 41
21 29 831 314
21 30 337 86
21 31 888 250
22 32 867 154
22 33 613 349
22 34 467 117
22 35 213 260
22 36 984 46
22 37 923 116
22 38 169 139
22 39 468 195
22 40 671 193
22 41 224 4
23 32 547 264
23 33 692 81
23 34 542 199
23 35 888 335
23 36 996 159
23 37 531 304
23 38 439 16
23 39 437 338
23 40 255 272
23 41 754 300
24 32 174 218
24 33 854 231
24 34 713 312
24 35 222 158
24 36 160 270
24 37 883 276
24 38 950 276
24 39 212 309
24 40 866 101
24 41 810 324
25 32 897 16
25 33 191 195
25 34 257 235
25 35 612 252
25 36 616 323
25 37 48 108
25 38 64 50
25 39 56 188
25 40 852 138
25 41 974 153
26 32 228 289
26 33 36 340
26 34 308 328
26 35 15 202
26 36 211 350
26 37 78 117
26 38 852 109
26 39 118 289
26 40 314 9
26 41 556 177
27 32 19 103
27 33 722 206
27 34 125 105
27 35 970 24
27 36 331 190
27 37 177 86
27 38 312 231
27 39 622 118
27 40 57 75
27 41 582 200
28 32 132 43
28 33 395 122
28 34 368 6
28 35 888 328
28 36 725 200
28 37 388 232
28 38 196 327
28 39 499 79
28 40 373 312
28 41 795 281
29 32 723 3
29 33 673 210
29 34 951 353
29 35 463 229
29 36 288 226
29 37 302 131
29 38 371 16
29 39 519 331
29 40 204 296
29 41 147 80
30 32 197 348
30 33 810 33
30 34 720 348
30 35 814 107
30 36 587 187
30 37 333 93
30 38 326 135
30 39 744 121
30 40 674 320
30 41 459 102
31 32 384 264
31 33 818 257
31 34 411 283
31 35 943 248
31 36 911 295
31 37 649 270
31 38 807 311
31 39 473 186
31 40 407 37
31 41 288 250
32 42 165 125
32 43 361 249
32 44 398 43
32 45 977 26
32 46 525 68
32 47 94 83
32 48 207 169
32 49 2 240
32 50 500 132
32 51 711 129
33 42 533 347
33 43 62 102
33 44 968 32
33 45 302 290
33 46 544 119
33 47 688 225
33 48 891 38
33 49 402 86
33 50 576 199
33 51 580 320
34 42 80 92
34 43 334 8
34 44 761 332
34 45 445 2
34 46 536 198
34 47 470 223
34 48 329 237
34 49 604 220
34 50 618 153
34 51 421 64
35 42 393 252
35 43 584 44
35 44 899 172
35 45 179 134
35 46 807 115
35 47 348 66
35 48 483 277
35 49 631 302
35 50 378 290
35 51 345 35
36 42 194 226
36 43 929 207
36 44 410 293
36 45 797 162
36 46 20 94
36 47 157 267
36 48 688 124
36 49 663 241
36 50 67 274
36 51 625 122
37 42 7 197
37 43 84 150
37 44 610 106
37 45 313 28
37 46 728 331
37 47 271 266
37 48 530 314
37 49 116 122
37 50 884 251
37 51 203 19
38 42 64 16
38 43 430 282
38 44 181 255
38 45 503 219
38 46 918 2
38 47 121 46
38 48 787 79
38 49 424 28
38 50 443 260
38 51 227 19
39 42 671 351
39 43 658 295
39 44 755 223
39 45 454 204
39 46 527 325
39 47 660 88
39 48 306 323
39 49 653 136
39 50 471 45
39 51 605 184
40 42 27 262
40 43 249 208
40 44 194 136
40 45 279 268
40 46 23 146
40 47 869 343
40 48 217 134
40 49 474 332
40 50 761 139
40 51 953 1
41 42 610 354
41 43 580 315
41 44 140 334
41 45 846 266
41 46 571 138
41 47 730 245
41 48 557 136
41 49 384 103
41 50 675 281
41 51 268 153
42 52 413 226
42 53 107 166
42 54 273 189
42 55 211 313
42 56 749 23
42 57 328 354
42 58 414 274
42 59 154 67
42 60 930 82
42 61 123 180
43 52 127 248
43 53 801 325
43 54 82 58
43 55 426 230
43 56 998 233
43 57 25 249
43 58 124 209
43 59 955 57
43 60 558 353
43 61 267 348
44 52 220 351
44 53 737 276
44 54 998 298
44 55 809 5
44 56 28 191
44 57 766 264
44 58 224 11
44 59 898 183
44 60 998 107
44 61 480 108
45 52 449 252
45 53 480 96
45 54 640 309
45 55 28 229
45 56 235 124
45 57 274 186
45 58 270 203
45 59 823 330
45 60 311 344
45 61 552 96
46 52 839 194
46 53 821 158
46 54 951 67
46 55 305 351
46 56 232 351
46 57 659 34
46 58 913 322
46 59 462 108
46 60 859 85
46 61 121 7
47 52 945 144
47 53 739 184
47 54 495 118
47 55 384 175
47 56 244 231
47 57 749 97
47 58 900 339
47 59 234 295
47 60 19 286
47 61 524 153
48 52 973 208
48 53 718 248
48 54 687 243
48 55 50 67
48 56 28 114
48 57 780 334
48 58 987 146
48 59 527 61
48 60 658 99
48 61 169 54
49 52 593 251
49 53 782 110
49 54 65 186
49 55 277 336
49 56 473 280
49 57 688 245
49 58 20 154
49 59 99 233
49 60 853 293
49 61 596 222
50 52 1000 352
50 53 224 77
50 54 677 39
50 55 404 100
50 56 637 65
50 57 832 263
50 58 183 167
50 59 631 3
50 60 216 144
50 61 633 114
51 52 761 262
51 53 738 234
51 54 878 325
51 55 41 241
51 56 438 154
51 57 336 263
51 58 175 181
51 59 323 187
51 60 900 221
51 61 477 138
52 62 917 50
52 63 75 72
52 64 878 175
52 65 46 354
52 66 896 266
52 67 847 136
52 68 338 337
52 69 930 126
52 70 906 181
52 71 230 315
53 62 241 56
53 63 718 259
53 64 345 18
53 65 257 9
53 66 788 244
53 67 537 214
53 68 880 355
53 69 133 151
53 70 860 313
53 71 125 120
54 62 166 205
54 63 334 105
54 64 960 170
54 65 353 233
54 66 866 241
54 67 332 194
54 68 408 1
54 69 268 288
54 70 157 249
54 71 983 44
55 62 875 350
55 63 582 236
55 64 367 61
55 65 652 314
55 66 473 180
55 67 34 339
55 68 517 251
55 69 926 258
55 70 332 226
55 71 566 239
56 62 500 290
56 63 370 40
56 64 944 10
56 65 537 246
56 66 99 317
56 67 337 291
56 68 8 268
56 69 831 284
56 70 642 345
56 71 187 322
57 62 933 123
57 63 990 77
57 64 419 87
57 65 573 19
57 66 123 107
57 67 431 182
57 68 766 160
57 69 774 1
57 70 111 97
57 71 360 175
58 62 789 247
58 63 163 322
58 64 998 160
58 65 534 73
58 66 374 6
58 67 228 110
58 68 57 69
58 69 948 303
58 70 116 263
58 71 303 53
59 62 866 296
59 63 367 323
59 64 459 59
59 65 299 248
59 66 184 66
59 67 816 230
59 68 602 328
59 69 132 217
59 70 814 205
59 71 104 304
60 62 904 43
60 63 350 219
60 64 573 143
60 65 762 181
60 66 684 324
60 67 706 187
60 68 110 311
60 69 858 272
60 70 981 213
60 71 365 33
61 62 197 152
61 63 179 197
61 64 983 173
61 65 627 75
61 66 218 318
61 67 946 271
61 68 874 56
61 69 689 54
61 70 396 16
61 71 220 259
62 72 636 119
62 73 693 136
62 74 51 316
62 75 203 89
62 76 703 205
62 77 392 61
62 78 284 170
62 79 896 285
62 80 382 93
62 81 107 233
63 72 953 187
63 73 84 317
63 74 523 172
63 75 245 269
63 76 985 58
63 77 850 159
63 78 168 120
63 79 175 38
63 80 734 83
63 81 280 102
64 72 552 36
64 73 930 250
64 74 62 62
64 75 793 156
64 76 498 299
64 77 358 84
64 78 624 67
64 79 7 236
64 80 418 16
64 81 203 15
65 72 95 313
65 73 502 110
65 74 770 184
65 75 554 170
65 76 868 168
65 77 754 47
65 78 718 326
65 79 152 115
65 80 350 271
65 81 847 9
66 72 863 258
66 73 916 179
66 74 330 128
66 75 474 35
66 76 162 330
66 77 684 206
66 78 535 179
66 79 509 24
66 80 216 203
66 81 297 107
67 72 685 59
67 73 460 327
67 74 408 337
67 75 84 241
67 76 721 344
67 77 972 167
67 78 256 136
67 79 801 258
67 80 367 319
67 81 697 111
68 72 120 216
68 73 54 303
68 74 14 118
68 75 383 347
68 76 679 305
68 77 84 351
68 78 540 194
68 79 326 334
68 80 990 188
68 81 339 246
69 72 573 44
69 73 660 220
69 74 741 298
69 75 886 182
69 76 271 67
69 77 804 14
69 78 399 314
69 79 7 209
69 80 925 291
69 81 458 175
70 72 291 134
70 73 806 261
70 74 337 224
70 75 953 230
70 76 359 262
70 77 885 187
70 78 580 118
70 79 432 212
70 80 600 148
70 81 173 80
71 72 155 185
71 73 956 134
71 74 36 335
71 75 217 274
71 76 790 268
71 77 587 50
71 78 665 128
71 79 140 36
71 80 319 210
71 81 178 121
72 82 612 64
72 83 224 40
72 84 658 323
72 85 306 60
72 86 668 111
72 87 75 52
72 88 524 111
72 89 486 229
72 90 843 332
72 91 661 339
73 82 75 171
73 83 89 83
73 84 98 323
73 85 434 209
73 86 129 330
73 87 314 158
73 88 235 335
73 89 681 48
73 90 671 217
73 91 903 203
74 82 164 346
74 83 179 316
74 84 469 334
74 85 631 276
74 86 275 142
74 87 759 131
74 88 51 192
74 89 481 148
74 90 93 331
74 91 83 161
75 82 161 171
75 83 78 171
75 84 487 47
75 85 906 229
75 86 700 209
75 87 366 300
75 88 596 59
75 89 313 345
75 90 324 46
75 91 306 347
76 82 731 258
76 83 819 91
76 84 728 349
76 85 130 218
76 86 385 351
76 87 12 71
76 88 31 355
76 89 658 256
76 90 703 46
76 91 529 229
77 82 647 249
77 83 969 208
77 84 373 41
77 85 1 108
77 86 258 145
77 87 439 139
77 88 519 240
77 89 372 71
77 90 14 43
77 91 744 319
78 82 232 313
78 83 993 112
78 84 140 102
78 85 554 289
78 86 435 239
78 87 562 16
78 88 885 94
78 89 508 343
78 90 705 200
78 91 924 213
79 82 157 207
79 83 675 346
79 84 12 78
79 85 243 224
79 86 238 173
79 87 816 24
79 88 137 25
79 89 502 180
79 90 866 210
79 91 464 309
80 82 325 182
80 83 764 80
80 84 619 62
80 85 60 244
80 86 14 259
80 87 954 257
80 88 673 301
80 89 278 34
80 90 173 178
80 91 175 148
81 82 55 344
81 83 29 306
81 84 489 267
81 85 932 72
81 86 622 293
81 87 365 300
81 88 16 163
81 89 790 164
81 90 314 54
81 91 842 297
82 92 91 45
82 93 465 186
82 94 450 17
82 95 78 64
82 96 318 50
82 97 302 349
82 98 676 204
82 99 897 22
82 100 301 262
82 101 591 345
83 92 253 330
83 93 809 84
83 94 606 275
83 95 735 95
83 96 361 264
83 97 85 105
83 98 989 177
83 99 829 273
83 100 209 137
83 101 430 139
84 92 362 104
84 93 259 36
84 94 342 24
84 95 451 326
84 96 808 29
84 97 666 281
84 98 139 173
84 99 349 114
84 100 366 265
84 101 419 323
85 92 142 145
85 93 505 318
85 94 785 212
85 95 75 16
85 96 552 33
85 97 743 94
85 98 683 341
85 99 829 301
85 100 855 151
85 101 535 57
86 92 837 208
86 93 466 170
86 94 971 279
86 95 229 75
86 96 981 158
86 97 797 111
86 98 648 307
86 99 286 355
86 100 704 246
86 101 960 66
87 92 102 226
87 93 168 172
87 94 107 122
87 95 403 233
87 96 354 109
87 97 38 292
87 98 462 67
87 99 500 277
87 100 670 348
87 101 666 335
88 92 112 46
88 93 440 343
88 94 733 327
88 95 409 164
88 96 347 231
88 97 271 82
88 98 150 172
88 99 9 126
88 100 844 184
88 101 257 241
89 92 762 307
89 93 898 207
89 94 503 225
89 95 759 197
89 96 655 348
89 97 596 46
89 98 233 262
89 99 607 192
89 100 631 327
89 101 545 92
90 92 424 316
90 93 302 305
90 94 584 76
90 95 260 211
90 96 939 175
90 97 159 189
90 98 366 310
90 99 755 175
90 100 714 152
90 101 257 23
91 92 562 259
91 93 791 241
91 94 74 307
91 95 404 323
91 96 887 153
91 97 367 33
91 98 937 22
91 99 60 238
91 100 670 354
91 101 768 344
92 102 691 255
92 103 315 262
92 104 861 5
92 105 775 107
92 106 61 319
92 107 409 306
92 108 702 170
92 109 393 148
92 110 701 83
92 111 298 306
93 102 241 276
93 103 244 300
93 104 273 61
93 105 273 138
93 106 917 322
93 107 527 136
93 108 202 221
93 109 131 315
93 110 956 143
93 111 615 89
94 102 537 149
94 103 159 190
94 104 681 261
94 105 54 171
94 106 438 16
94 107 174 233
94 108 256 345
94 109 429 250
94 110 996 141
94 111 133 55
95 102 941 307
95 103 30 311
95 104 6 80
95 105 219 243
95 106 192 335
95 107 787 156
95 108 338 50
95 109 722 219
95 110 895 294
95 111 554 353
96 102 755 43
96 103 932 170
96 104 454 323
96 105 279 10
96 106 599 20
96 107 12 322
96 108 851 312
96 109 136 276
96 110 186 235
96 111 351 305
97 102 661 296
97 103 45 348
97 104 725 16
97 105 801 303
97 106 672 24
97 107 135 227
97 108 208 45
97 109 169 87
97 110 979 218
97 111 816 153
98 102 364 98
98 103 18 315
98 104 539 38
98 105 385 171
98 106 444 129
98 107 144 259
98 108 124 43
98 109 364 272
98 110 788 110
98 111 274 276
99 102 613 301
99 103 980 157
99 104 6 346
99 105 353 350
99 106 968 148
99 107 412 112
99 108 901 32
99 109 810 294
99 110 814 3
99 111 112 42
100 102 13 153
100 103 523 87
100 104 718 44
100 105 136 94
100 106 73 106
100 107 919 222
100 108 802 27
100 109 154 40
100 110 223 223
100 111 227 73
101 102 154 281
101 103 585 309
101 104 882 308
101 105 815 312
101 106 889 315
101 107 51 156
101 108 2 331
101 109 405 201
101 110 969 63
101 111 615 222
102 112 443 303
102 113 251 148
102 114 461 26
102 115 624 223
102 116 629 253
102 117 980 193
102 118 549 227
102 119 181 175
102 120 324 77
102 121 767 194
103 112 285 271
103 113 315 38
103 114 296 169
103 115 817 145
103 116 649 95
103 117 385 130
103 118 860 43
103 119 1000 248
103 120 981 332
103 121 696 122
104 112 183 207
104 113 782 214
104 114 364 274
104 115 383 64
104 116 113 158
104 117 418 115
104 118 689 246
104 119 862 243
104 120 939 105
104 121 185 25
105 112 374 64
105 113 443 275
105 114 14 226
105 115 409 75
105 116 86 290
105 117 145 142
105 118 887 181
105 119 269 5
105 120 46 204
105 121 454 251
106 112 299 91
106 113 684 65
106 114 725 280
106 115 926 342
106 116 588 247
106 117 249 91
106 118 435 108
106 119 942 235
106 120 629 321
106 121 905 109
107 112 275 255
107 113 741 3
107 114 943 218
107 115 907 332
107 116 574 209
107 117 951 210
107 118 864 167
107 119 421 50
107 120 741 346
107 121 546 109
108 112 40 289
108 113 764 104
108 114 333 136
108 115 7 107
108 116 701 48
108 117 826 176
108 118 904 164
108 119 333 90
108 120 909 262
108 121 14 39
109 112 37 37
109 113 43 346
109 114 858 150
109 115 800 65
109 116 869 109
109 117 89 9
109 118 386 275
109 119 711 198
109 120 113 122
109 121 260 217
110 112 140 272
110 113 63 320
110 114 550 267
110 115 339 276
110 116 830 82
110 117 839 10
110 118 541 50
110 119 520 252
110 120 990 209
110 121 481 107
111 112 419 280
111 113 656 149
111 114 836 148
111 115 882 240
111 116 55 147
111 117 590 253
111 118 104 231
111 119 425 131
111 120 934 104
111 121 822 97
112 122 318 318
112 123 923 245
112 124 978 124
112 125 627 287
112 126 412 316
112 127 242 261
112 128 242 284
112 129 362 334
112 130 312 81
112 131 5 47
113 122 593 323
113 123 787 163
113 124 123 54
113 125 883 67
113 126 23 128
113 127 679 135
113 128 111 209
113 129 590 52
113 130 193 276
113 131 519 253
114 122 629 56
114 123 245 241
114 124 291 20
114 125 98 158
114 126 304 171
114 127 814 172
114 128 464 148
114 129 548 14
114 130 462 234
114 131 481 2
115 122 444 306
115 123 899 271
115 124 307 195
115 125 294 253
115 126 977 30
115 127 238 268
115 128 609 151
115 129 313 281
115 130 781 20
115 131 820 165
116 122 481 200
116 123 623 157
116 124 903 189
116 125 492 33
116 126 642 192
116 127 272 214
116 128 692 94
116 129 494 274
116 130 643 310
116 131 890 295
117 122 758 130
117 123 477 354
117 124 16 321
117 125 513 48
117 126 421 45
117 127 453 147
117 128 167 283
117 129 532 263
117 130 699 342
117 131 329 11
118 122 783 165
118 123 901 14
118 124 654 50
118 125 331 284
118 126 877 345
118 127 925 260
118 128 732 338
118 129 69 308
118 130 166 296
118 131 815 302
119 122 708 235
119 123 755 80
119 124 20 331
119 125 721 192
119 126 433 225
119 127 9 211
119 128 628 328
119 129 487 280
119 130 236 41
119 131 87 323
120 122 860 32
120 123 564 247
120 124 200 175
120 125 423 62
120 126 966 298
120 127 464 99
120 128 530 220
120 129 294 208
120 130 944 158
120 131 272 63
121 122 388 205
121 123 722 96
121 124 449 320
121 125 215 251
121 126 542 77
121 127 146 274
121 128 692 192
121 129 148 355
121 130 825 15
121 131 148 200
122 132 868 34
122 133 76 154
122 134 982 138
122 135 155 74
122 136 849 355
122 137 668 13
122 138 447 160
122 139 111 353
122 140 827 96
122 141 498 286
123 132 482 48
123 133 213 225
123 134 462 128
123 135 453 182
123 136 988 329
123 137 697 256
123 138 352 99
123 139 262 62
123 140 648 165
123 141 551 40
124 132 38 297
124 133 892 204
124 134 380 194
124 135 738 347
124 136 540 128
124 137 414 101
124 138 502 283
124 139 404 22
124 140 547 161
124 141 447 70
125 132 143 335
125 133 662 194
125 134 748 16
125 135 715 314
125 136 137 131
125 137 546 4
125 138 847 134
125 139 48 188
125 140 205 32
125 141 829 137
126 132 140 26
126 133 73 103
126 134 114 286
126 135 937 306
126 136 369 191
126 137 27 29
126 138 188 56
126 139 112 244
126 140 494 271
126 141 654 338
127 132 756 101
127 133 523 67
127 134 116 116
127 135 204 250
127 136 435 294
127 137 377 13
127 138 847 310
127 139 871 220
127 140 451 11
127 141 294 335
128 132 134 17
128 133 991 206
128 134 615 78
128 135 281 76
128 136 43 50
128 137 853 159
128 138 655 286
128 139 974 184
128 140 855 169
128 141 556 292
129 132 907 53
129 133 760 271
129 134 787 143
129 135 522 103
129 136 60 106
129 137 422 235
129 138 822 337
129 139 844 83
129 140 390 148
129 141 142 342
130 132 781 253
130 133 206 249
130 134 180 349
130 135 368 183
130 136 664 293
130 137 673 180
130 138 922 4
130 139 75 260
130 140 368 207
130 141 490 283
131 132 77 237
131 133 187 269
131 134 795 200
131 135 29 78
131 136 691 125
131 137 284 206
131 138 11 281
131 139 928 351
131 140 198 44
131 141 878 32
132 142 183 266
132 143 512 323
132 144 861 146
132 145 292 87
132 146 799 8
132 147 999 101
132 148 188 35
132 149 408 216
132 150 350 325
132 151 131 45
133 142 865 184
133 143 379 270
133 144 740 27
133 145 51 270
133 146 989 310
133 147 314 190
133 148 931 321
133 149 782 120
133 150 13 43
133 151 331 230
134 142 457 163
134 143 123 119
134 144 95 106
134 145 326 286
134 146 824 210
134 147 418 175
134 148 447 103
134 149 85 288
134 150 728 338
134 151 619 192
135 142 48 216
135 143 438 314
135 144 250 251
135 145 838 17
135 146 26 67
135 147 646 259
135 148 715 220
135 149 982 35
135 150 305 61
135 151 162 272
136 142 959 349
136 143 763 90
136 144 674 38
136 145 65 108
136 146 217 75
136 147 926 310
136 148 533 215
136 149 117 20
136 150 425 336
136 151 400 324
137 142 976 296
137 143 375 148
137 144 870 239
137 145 830 241
137 146 324 73
137 147 426 198
137 148 21 125
137 149 514 291
137 150 671 67
137 151 805 295
138 142 967 132
138 143 916 158
138 144 69 294
138 145 730 161
138 146 480 275
138 147 325 159
138 148 372 177
138 149 519 343
138 150 20 137
138 151 159 74
139 142 559 318
139 143 150 182
139 144 283 225
139 145 43 127
139 146 547 126
139 147 156 42
139 148 15 115
139 149 81 260
139 150 637 29
139 151 160 271
140 142 24 63
140 143 24 202
140 144 405 161
140 145 840 65
140 146 218 280
140 147 560 279
140 148 13 258
140 149 444 94
140 150 30 101
140 151 105 207
141 142 790 84
141 143 975 219
141 144 453 194
141 145 858 336
141 146 215 228
141 147 945 77
141 148 366 119
141 149 985 160
141 150 129 114
141 151 355 32
142 152 458 272
143 152 514 6
144 152 905 226
145 152 940 183
146 152 841 205
147 152 145 36
148 152 156 183
149 152 732 217
150 152 123 19
151 152 290 11
