152 1420 1 152 7 355
1 2 961 41
1 3 175 274
1 4 141 285
1 5 327 96
1 6 466 125
1 7 267 354
1 8 71 286
1 9 497 101
1 10 857 87
1 11 435 284
2 12 367 141
2 13 711 28
2 14 272 266
2 15 402 333
2 16 806 306
2 17 803 323
2 18 200 305
2 19 555 325
2 20 471 212
2 21 321 121
3 12 666 231
3 13 327 324
3 14 113 309
3 15 154 87
3 16 594 55
3 17 6 229
3 18 349 248
3 19 780 57
3 20 161 24
3 21 908 348
4 12 118 44
4 13 252 313
4 14 520 327
4 15 843 121
4 16 867 135
4 17 201 165
4 18 931 54
4 19 448 79
4 20 52 107
4 21 957 239
5 12 23 102
5 13 606 191
5 14 275 347
5 15 119 328
5 16 204 293
5 17 775 24
5 18 282 265
5 19 725 346
5 20 149 250
5 21 291 85
6 12 920 221
6 13 192 349
6 14 509 151
6 15 290 282
6 16 627 122
6 17 919 8
6 18 727 347
6 19 6 310
6 20 418 2
6 21 58 215
7 12 452 354
7 13 158 86
7 14 534 278
7 15 811 251
7 16 920 205
7 17 324 150
7 18 266 324
7 19 416 337
7 20 527 41
7 21 506 299
8 12 901 252
8 13 731 237
8 14 178 275
8 15 226 352
8 16 311 103
8 17 601 49
8 18 207 129
8 19 730 278
8 20 115 50
8 21 456 72
9 12 808 237
9 13 223 116
9 14 935 228
9 15 607 213
9 16 983 84
9 17 69 307
9 18 962 168
9 19 234 108
9 20 734 333
9 21 371 351
10 12 583 180
10 13 444 259
10 14 340 245
10 15 723 109
10 16 863 53
10 17 654 137
10 18 949 288
10 19 762 309
10 20 578 49
10 21 624 114
11 12 321 4
11 13 612 50
11 14 392 71
11 15 881 227
11 16 822 306
11 17 488 274
11 18 339 211
11 19 957 268
11 20 386 350
11 21 60 11
12 22 831 279
12 23 889 139
12 24 359 287
12 25 597 212
12 26 980 235
12 27 869 216
12 28 673 305
12 29 53 325
12 30 62 66
12 31 819 122
13 22 988 244
13 23 102 12
13 24 636 316
13 25 155 282
13 26 186 328
13 27 366 279
13 28 650 211
13 29 61 91
13 30 263 128
13 31 91 34
14 22 589 100
14 23 468 249
14 24 800 43
14 25 449 115
14 26 358 163
14 27 953 322
14 28 341 249
14 29 711 26
14 30 428 263
14 31 606 206
15 22 421 132
15 23 350 154
15 24 389 319
15 25 549 108
15 26 54 44
15 27 814 314
15 28 260 261
15 29 192 130
15 30 524 289
15 31 398 22
16 22 293 355
16 23 964 62
16 24 627 339
16 25 864 25
16 26 75 224
16 27 343 56
16 28 308 285
16 29 747 42
16 30 600 1
16 31 500 174
17 22 859 352
17 23 298 213
17 24 688 235
17 25 67 248
17 26 839 215
17 27 761 211
17 28 48 257
17 29 931 54
17 30 816 87
17 31 308 291
18 22 582 317
18 23 994 229
18 24 476 285
18 25 526 238
18 26 352 322
18 27 492 312
18 28 342 36
18 29 741 340
18 30 421 189
18 31 828 2
19 22 314 302
19 23 281 282
19 24 749 211
19 25 581 257
19 26 555 228
19 27 529 178
19 28 827 211
19 29 391 60
19 30 66 216
19 31 155 178
20 22 428 79
20 23 982 320
20 24 145 266
20 25 447 127
20 26 475 230
20 27 789 264
20 28 742 123
20 29 801 350
20 30 27 286
20 31 606 37
21 22 448 22
21 23 936 110
21 24 651 181
21 25 342 83
21 26 375 58
21 27 773 348
21 28 149 208
21 29 496 182
21 30 730 348
21 31 434 129
22 32 73 330
22 33 580 36
22 34 58 147
22 35 345 165
22 36 862 348
22 37 897 88
22 38 244 56
22 39 139 297
22 40 938 16
22 41 519 111
23 32 269 294
23 33 599 75
23 34 716 101
23 35 271 173
23 36 47 329
23 37 285 113
23 38 220 193
23 39 628 184
23 40 586 263
23 41 309 256
24 32 810 56
24 33 597 266
24 34 274 209
24 35 397 322
24 36 344 143
24 37 82 55
24 38 708 278
24 39 37 300
24 40 71 333
24 41 950 46
25 32 7 96
25 33 373 325
25 34 801 350
25 35 264 136
25 36 66 47
25 37 640 294
25 38 765 148
25 39 206 355
25 40 153 215
25 41 454 5
26 32 339 25
26 33 914 27
26 34 359 131
26 35 621 129
26 36 272 245
26 37 934 181
26 38 586 212
26 39 842 128
26 40 641 260
26 41 596 289
27 32 185 263
27 33 502 61
27 34 853 219
27 35 82 150
27 36 518 229
27 37 726 83
27 38 461 331
27 39 88 193
27 40 831 64
27 41 160 71
28 32 87 268
28 33 447 318
28 34 379 131
28 35 891 292
28 36 1000 145
28 37 138 1
28 38 747 27
28 39 175 329
28 40 918 273
28 41 968 349
29 32 107 333
29 33 477 235
29 34 440 106
29 35 541 171
29 36 443 255
29 37 728 50
29 38 428 206
29 39 948 223
29 40 619 49
29 41 888 45
30 32 646 107
30 33 754 123
30 34 544 82
30 35 929 297
30 36 152 109
30 37 737 81
30 38 123 330
30 39 400 35
30 40 39 190
30 41 251 181
31 32 592 78
31 33 791 153
31 34 615 43
31 35 768 2
31 36 429 120
31 37 233 208
31 38 942 60
31 39 215 327
31 40 842 137
31 41 509 219
32 42 125 8
32 43 955 12
32 44 121 1
32 45 351 266
32 46 988 133
32 47 806 166
32 48 25 109
32 49 871 318
32 50 225 351
32 51 977 335
33 42 903 10
33 43 9 130
33 44 793 39
33 45 861 340
33 46 345 315
33 47 715 148
33 48 225 178
33 49 94 19
33 50 569 47
33 51 439 133
34 42 907 296
34 43 985 165
34 44 729 196
34 45 670 228
34 46 647 55
34 47 526 131
34 48 306 56
34 49 725 2
34 50 274 44
34 51 295 70
35 42 527 173
35 43 716 47
35 44 168 240
35 45 978 211
35 46 283 261
35 47 162 27
35 48 495 192
35 49 896 116
35 50 584 75
35 51 911 236
36 42 595 181
36 43 487 299
36 44 437 37
36 45 943 222
36 46 690 5
36 47 946 211
36 48 765 337
36 49 249 231
36 50 721 167
36 51 441 79
37 42 126 161
37 43 15 125
37 44 995 230
37 45 980 312
37 46 950 157
37 47 703 133
37 48 403 14
37 49 580 241
37 50 275 198
37 51 841 84
38 42 45 344
38 43 122 198
38 44 826 322
38 45 666 294
38 46 272 347
38 47 415 299
38 48 739 192
38 49 619 234
38 50 736 101
38 51 12 100
39 42 352 143
39 43 264 225
39 44 810 113
39 45 744 10
39 46 790 265
39 47 366 191
39 48 550 183
39 49 804 219
39 50 344 156
39 51 369 310
40 42 395 29
40 43 607 131
40 44 502 201
40 45 679 314
40 46 685 329
40 47 475 46
40 48 437 299
40 49 759 256
40 50 149 8
40 51 267 302
41 42 409 209
41 43 638 118
41 44 625 292
41 45 617 4
41 46 501 13
41 47 975 221
41 48 59 85
41 49 945 189
41 50 142 274
41 51 446 116
42 52 960 26
42 53 283 154
42 54 250 213
42 55 945 221
42 56 50 111
42 57 897 192
42 58 567 348
42 59 993 199
42 60 261 229
42 61 202 261
43 52 587 293
43 53 634 314
43 54 161 164
43 55 653 330
43 56 525 87
43 57 178 291
43 58 629 306
43 59 239 207
43 60 15 273
43 61 493 264
44 52 977 108
44 53 994 231
44 54 246 324
44 55 537 99
44 56 703 32
44 57 879 162
44 58 621 30
44 59 666 225
44 60 639 52
44 61 259 184
45 52 25 18
45 53 93 279
45 54 230 246
45 55 219 346
45 56 516 131
45 57 481 269
45 58 329 70
45 59 720 135
45 60 649 42
45 61 767 236
46 52 378 219
46 53 161 320
46 54 360 325
46 55 290 181
46 56 960 297
46 57 479 207
46 58 453 322
46 59 230 155
46 60 281 326
46 61 802 246
47 52 39 46
47 53 571 131
47 54 364 336
47 55 303 138
47 56 948 267
47 57 67 102
47 58 208 336
47 59 48 257
47 60 465 216
47 61 653 105
48 52 902 211
48 53 535 65
48 54 586 87
48 55 920 199
48 56 517 264
48 57 241 345
48 58 955 54
48 59 954 97
48 60 237 91
48 61 932 42
49 52 998 209
49 53 116 61
49 54 316 325
49 55 517 215
49 56 458 211
49 57 770 253
49 58 467 61
49 59 29 248
49 60 646 143
49 61 432 270
50 52 816 348
50 53 29 285
50 54 331 296
50 55 554 81
50 56 567 37
50 57 656 135
50 58 602 63
50 59 693 164
50 60 891 26
50 61 316 147
51 52 281 306
51 53 402 247
51 54 657 85
51 55 772 165
51 56 480 5
51 57 961 173
51 58 844 88
51 59 897 48
51 60 806 112
51 61 989 128
52 62 697 5
52 63 631 204
52 64 776 292
52 65 955 323
52 66 756 259
52 67 214 145
52 68 927 70
52 69 535 307
52 70 84 176
52 71 280 355
53 62 411 116
53 63 230 158
53 64 924 139
53 65 187 346
53 66 269 326
53 67 118 132
53 68 537 190
53 69 382 240
53 70 540 346
53 71 636 28
54 62 906 238
54 63 671 82
54 64 912 227
54 65 913 282
54 66 31 284
54 67 221 303
54 68 883 54
54 69 975 70
54 70 981 126
54 71 82 80
55 62 163 90
55 63 447 119
55 64 150 108
55 65 684 25
55 66 499 330
55 67 527 257
55 68 834 200
55 69 465 100
55 70 718 67
55 71 563 9
56 62 167 169
56 63 63 60
56 64 868 36
56 65 907 210
56 66 978 10
56 67 607 25
56 68 445 170
56 69 589 58
56 70 789 98
56 71 164 77
57 62 285 292
57 63 762 219
57 64 385 336
57 65 244 76
57 66 243 258
57 67 516 117
57 68 262 169
57 69 488 171
57 70 803 131
57 71 389 107
58 62 657 249
58 63 5 124
58 64 76 61
58 65 125 191
58 66 456 208
58 67 942 68
58 68 229 311
58 69 667 251
58 70 987 138
58 71 547 19
59 62 349 175
59 63 255 200
59 64 63 186
59 65 686 319
59 66 492 193
59 67 167 186
59 68 212 69
59 69 95 2
59 70 12 98
59 71 20 62
60 62 733 154
60 63 765 276
60 64 461 267
60 65 94 130
60 66 166 222
60 67 550 264
60 68 797 163
60 69 553 238
60 70 480 33
60 71 799 114
61 62 178 36
61 63 208 283
61 64 906 99
61 65 141 275
61 66 56 72
61 67 111 94
61 68 936 191
61 69 249 301
61 70 168 155
61 71 280 45
62 72 951 215
62 73 937 261
62 74 177 119
62 75 540 51
62 76 178 299
62 77 614 329
62 78 208 227
62 79 775 113
62 80 473 118
62 81 237 323
63 72 428 302
63 73 271 269
63 74 202 147
63 75 859 143
63 76 331 240
63 77 798 238
63 78 737 225
63 79 222 297
63 80 317 55
63 81 387 284
64 72 651 345
64 73 721 213
64 74 761 264
64 75 141 96
64 76 570 19
64 77 653 321
64 78 226 224
64 79 843 28
64 80 233 296
64 81 453 259
65 72 40 199
65 73 538 309
65 74 304 251
65 75 977 89
65 76 75 262
65 77 816 142
65 78 862 272
65 79 830 201
65 80 518 166
65 81 695 146
66 72 862 169
66 73 47 181
66 74 943 202
66 75 164 171
66 76 542 276
66 77 379 146
66 78 439 195
66 79 753 81
66 80 536 124
66 81 512 75
67 72 229 46
67 73 937 325
67 74 565 165
67 75 988 107
67 76 610 189
67 77 470 157
67 78 485 144
67 79 354 47
67 80 383 57
67 81 334 21
68 72 860 313
68 73 63 114
68 74 236 185
68 75 699 254
68 76 666 30
68 77 112 93
68 78 673 161
68 79 121 234
68 80 508 154
68 81 13 88
69 72 391 352
69 73 297 105
69 74 222 124
69 75 567 108
69 76 177 189
69 77 937 174
69 78 172 53
69 79 311 278
69 80 803 158
69 81 133 101
70 72 933 185
70 73 551 39
70 74 381 346
70 75 984 270
70 76 473 176
70 77 96 274
70 78 278 67
70 79 574 346
70 80 327 187
70 81 510 237
71 72 980 343
71 73 110 245
71 74 236 143
71 75 691 3
71 76 445 88
71 77 130 327
71 78 59 211
71 79 754 162
71 80 588 232
71 81 740 253
72 82 669 311
72 83 59 180
72 84 46 268
72 85 683 65
72 86 109 13
72 87 302 33
72 88 993 304
72 89 954 194
72 90 737 48
72 91 214 161
73 82 626 13
73 83 803 74
73 84 829 119
73 85 108 245
73 86 647 344
73 87 330 147
73 88 768 53
73 89 136 39
73 90 233 131
73 91 215 147
74 82 769 54
74 83 954 269
74 84 41 16
74 85 812 281
74 86 42 96
74 87 946 223
74 88 435 322
74 89 95 163
74 90 861 44
74 91 594 85
75 82 738 140
75 83 286 49
75 84 71 101
75 85 655 79
75 86 617 270
75 87 5 181
75 88 652 229
75 89 353 301
75 90 421 123
75 91 140 172
76 82 701 142
76 83 871 40
76 84 295 32
76 85 543 6
76 86 81 69
76 87 36 335
76 88 820 196
76 89 979 200
76 90 890 208
76 91 845 247
77 82 480 214
77 83 289 346
77 84 575 169
77 85 739 225
77 86 175 184
77 87 449 198
77 88 735 249
77 89 783 175
77 90 598 76
77 91 388 29
78 82 411 245
78 83 4 226
78 84 437 119
78 85 55 131
78 86 41 245
78 87 783 273
78 88 360 181
78 89 983 145
78 90 955 330
78 91 423 118
79 82 605 114
79 83 493 30
79 84 411 26
79 85 58 21
79 86 218 33
79 87 144 181
79 88 266 55
79 89 995 92
79 90 561 288
79 91 374 143
80 82 764 232
80 83 943 99
80 84 915 67
80 85 87 261
80 86 956 136
80 87 541 7
80 88 440 198
80 89 925 220
80 90 733 155
80 91 147 349
81 82 430 275
81 83 479 54
81 84 595 7
81 85 249 189
81 86 861 168
81 87 183 170
81 88 182 263
81 89 949 77
81 90 154 355
81 91 375 136
82 92 368 64
82 93 112 232
82 94 303 171
82 95 226 29
82 96 950 102
82 97 841 175
82 98 895 240
82 99 291 271
82 100 165 208
82 101 812 130
83 92 197 199
83 93 892 293
83 94 508 291
83 95 31 101
83 96 258 55
83 97 732 101
83 98 164 204
83 99 836 279
83 100 349 193
83 101 80 171
84 92 586 99
84 93 262 198
84 94 470 76
84 95 549 212
84 96 431 13
84 97 53 140
84 98 972 353
84 99 254 221
84 100 150 95
84 101 603 147
85 92 71 52
85 93 160 50
85 94 271 148
85 95 124 137
85 96 185 156
85 97 247 186
85 98 493 93
85 99 649 6
85 100 587 223
85 101 823 227
86 92 881 51
86 93 348 168
86 94 794 180
86 95 734 58
86 96 619 206
86 97 60 153
86 98 626 304
86 99 53 42
86 100 83 288
86 101 502 63
87 92 615 163
87 93 324 230
87 94 500 65
87 95 333 98
87 96 298 209
87 97 494 10
87 98 698 248
87 99 828 101
87 100 182 156
87 101 7 329
88 92 850 8
88 93 754 277
88 94 224 64
88 95 144 342
88 96 786 63
88 97 206 342
88 98 348 127
88 99 172 173
88 100 821 322
88 101 219 188
89 92 277 245
89 93 937 52
89 94 676 313
89 95 554 117
89 96 594 350
89 97 816 61
89 98 508 234
89 99 602 98
89 100 573 250
89 101 854 146
90 92 499 210
90 93 351 226
90 94 308 129
90 95 402 94
90 96 586 139
90 97 104 25
90 98 189 296
90 99 691 11
90 100 296 145
90 101 328 327
91 92 987 187
91 93 489 350
91 94 933 15
91 95 807 193
91 96 679 37
91 97 634 195
91 98 217 222
91 99 561 331
91 100 624 175
91 101 935 307
92 102 868 15
92 103 668 327
92 104 945 324
92 105 631 160
92 106 931 132
92 107 838 260
92 108 957 320
92 109 531 293
92 110 141 199
92 111 110 280
93 102 203 22
93 103 594 36
93 104 921 50
93 105 435 202
93 106 491 161
93 107 273 132
93 108 440 244
93 109 463 334
93 110 786 56
93 111 63 177
94 102 662 72
94 103 273 206
94 104 759 155
94 105 765 9
94 106 223 43
94 107 655 210
94 108 961 310
94 109 53 223
94 110 895 14
94 111 858 54
95 102 426 265
95 103 692 257
95 104 657 249
95 105 148 244
95 106 299 234
95 107 464 83
95 108 383 93
95 109 452 279
95 110 162 332
95 111 303 198
96 102 300 300
96 103 57 232
96 104 298 300
96 105 303 130
96 106 117 280
96 107 128 346
96 108 636 61
96 109 316 244
96 110 727 339
96 111 283 142
97 102 450 259
97 103 891 107
97 104 727 204
97 105 238 193
97 106 810 51
97 107 269 158
97 108 383 250
97 109 54 241
97 110 128 274
97 111 984 295
98 102 723 354
98 103 893 192
98 104 482 354
98 105 807 241
98 106 754 209
98 107 957 238
98 108 410 206
98 109 979 235
98 110 105 244
98 111 183 234
99 102 141 288
99 103 851 138
99 104 696 180
99 105 468 294
99 106 335 157
99 107 110 289
99 108 461 39
99 109 584 12
99 110 462 317
99 111 41 253
100 102 122 354
100 103 848 3
100 104 358 71
100 105 229 249
100 106 4 33
100 107 544 78
100 108 781 59
100 109 192 83
100 110 448 91
100 111 677 271
101 102 74 299
101 103 14 109
101 104 727 221
101 105 135 280
101 106 816 29
101 107 636 72
101 108 784 312
101 109 134 208
101 110 646 115
101 111 875 92
102 112 705 320
102 113 651 30
102 114 143 65
102 115 164 221
102 116 410 130
102 117 563 98
102 118 760 42
102 119 909 231
102 120 669 234
102 121 465 312
103 112 441 338
103 113 714 27
103 114 62 97
103 115 384 319
103 116 827 268
103 117 737 295
103 118 637 141
103 119 417 135
103 120 180 198
103 121 667 202
104 112 599 78
104 113 989 106
104 114 715 308
104 115 395 343
104 116 548 309
104 117 142 327
104 118 890 296
104 119 985 282
104 120 93 177
104 121 375 103
105 112 547 269
105 113 757 15
105 114 418 88
105 115 609 133
105 116 785 295
105 117 421 29
105 118 436 289
105 119 126 333
105 120 805 56
105 121 430 288
106 112 742 19
106 113 40 42
106 114 460 76
106 115 326 129
106 116 311 301
106 117 827 106
106 118 232 322
106 119 802 248
106 120 300 111
106 121 180 33
107 112 669 201
107 113 84 153
107 114 326 180
107 115 139 276
107 116 431 293
107 117 352 337
107 118 605 91
107 119 961 316
107 120 266 80
107 121 659 229
108 112 981 30
108 113 326 348
108 114 218 28
108 115 502 285
108 116 659 48
108 117 300 83
108 118 293 180
108 119 725 283
108 120 155 293
108 121 124 75
109 112 161 304
109 113 244 65
109 114 321 157
109 115 980 14
109 116 930 58
109 117 896 186
109 118 381 257
109 119 297 313
109 120 24 173
109 121 212 205
110 112 32 303
110 113 670 268
110 114 570 282
110 115 819 72
110 116 999 346
110 117 565 284
110 118 9 349
110 119 599 335
110 120 812 203
110 121 582 84
111 112 444 81
111 113 849 256
111 114 405 324
111 115 452 84
111 116 122 240
111 117 712 354
111 118 907 327
111 119 983 172
111 120 586 275
111 121 514 95
112 122 451 16
112 123 757 336
112 124 83 38
112 125 817 327
112 126 411 324
112 127 356 97
112 128 248 330
112 129 426 342
112 130 541 247
112 131 244 245
113 122 161 325
113 123 454 280
113 124 415 260
113 125 84 207
113 126 358 202
113 127 939 1
113 128 677 300
113 129 869 72
113 130 563 71
113 131 315 61
114 122 475 98
114 123 216 103
114 124 643 77
114 125 928 50
114 126 635 35
114 127 539 1
114 128 6 69
114 129 49 40
114 130 887 81
114 131 417 59
115 122 946 64
115 123 778 219
115 124 627 306
115 125 709 184
115 126 415 210
115 127 974 72
115 128 416 102
115 129 219 291
115 130 799 58
115 131 510 286
116 122 868 307
116 123 168 311
116 124 210 339
116 125 186 62
116 126 566 333
116 127 836 158
116 128 461 115
116 129 112 181
116 130 145 215
116 131 147 263
117 122 686 5
117 123 583 178
117 124 332 181
117 125 660 240
117 126 114 325
117 127 292 281
117 128 614 113
117 129 475 273
117 130 723 63
117 131 557 181
118 122 316 185
118 123 790 126
118 124 988 40
118 125 610 305
118 126 660 268
118 127 938 137
118 128 86 135
118 129 483 81
118 130 774 198
118 131 995 326
119 122 206 327
119 123 112 10
119 124 899 77
119 125 228 217
119 126 574 298
119 127 603 35
119 128 294 63
119 129 266 18
119 130 154 286
119 131 62 293
120 122 644 52
120 123 273 5
120 124 267 177
120 125 431 178
120 126 331 111
120 127 92 252
120 128 832 11
120 129 605 177
120 130 390 73
120 131 592 245
121 122 254 3
121 123 513 42
121 124 233 223
121 125 701 81
121 126 835 186
121 127 810 256
121 128 826 314
121 129 81 54
121 130 492 224
121 131 927 339
122 132 548 19
122 133 510 105
122 134 142 5
122 135 865 109
122 136 55 153
122 137 807 30
122 138 643 270
122 139 634 37
122 140 429 171
122 141 102 129
123 132 113 213
123 133 452 13
123 134 746 351
123 135 28 1
123 136 268 38
123 137 797 221
123 138 317 121
123 139 40 316
123 140 249 268
123 141 654 254
124 132 868 193
124 133 864 225
124 134 224 203
124 135 649 262
124 136 558 179
124 137 849 26
124 138 300 171
124 139 778 222
124 140 383 235
124 141 402 152
125 132 881 199
125 133 861 169
125 134 645 31
125 135 344 203
125 136 218 40
125 137 612 134
125 138 319 180
125 139 123 191
125 140 513 14
125 141 375 162
126 132 935 215
126 133 184 172
126 134 513 202
126 135 958 163
126 136 231 50
126 137 991 341
126 138 701 270
126 139 925 21
126 140 432 223
126 141 618 239
127 132 663 124
127 133 809 335
127 134 564 82
127 135 926 34
127 136 178 332
127 137 76 36
127 138 760 48
127 139 250 85
127 140 711 353
127 141 874 210
128 132 130 164
128 133 653 21
128 134 426 194
128 135 635 112
128 136 759 112
128 137 27 92
128 138 536 79
128 139 119 13
128 140 785 39
128 141 665 194
129 132 264 300
129 133 648 331
129 134 85 44
129 135 333 287
129 136 895 237
129 137 27 242
129 138 719 270
129 139 760 179
129 140 830 117
129 141 187 243
130 132 151 337
130 133 706 58
130 134 796 170
130 135 211 301
130 136 226 240
130 137 467 178
130 138 142 26
130 139 937 111
130 140 203 121
130 141 484 263
131 132 641 40
131 133 311 173
131 134 341 341
131 135 421 280
131 136 351 41
131 137 427 162
131 138 112 209
131 139 13 152
131 140 131 259
131 141 493 26
132 142 654 41
132 143 398 212
132 144 631 135
132 145 272 11
132 146 575 114
132 147 790 293
132 148 723 193
132 149 860 66
132 150 39 267
132 151 873 163
133 142 209 45
133 143 698 47
133 144 103 195
133 145 945 205
133 146 130 194
133 147 23 249
133 148 969 205
133 149 281 308
133 150 279 90
133 151 223 288
134 142 277 85
134 143 843 310
134 144 21 59
134 145 262 109
134 146 708 73
134 147 113 171
134 148 996 95
134 149 778 195
134 150 782 64
134 151 404 312
135 142 165 40
135 143 401 148
135 144 427 352
135 145 158 127
135 146 797 194
135 147 355 13
135 148 126 253
135 149 682 347
135 150 483 216
135 151 122 309
136 142 414 38
136 143 537 345
136 144 574 96
136 145 360 4
136 146 13 186
136 147 78 175
136 148 301 81
136 149 46 5
136 150 598 275
136 151 371 287
137 142 744 59
137 143 680 27
137 144 309 176
137 145 363 322
137 146 511 15
137 147 304 49
137 148 324 2
137 149 143 127
137 150 661 132
137 151 574 74
138 142 954 341
138 143 639 221
138 144 471 265
138 145 501 333
138 146 476 74
138 147 856 192
138 148 95 114
138 149 212 267
138 150 147 157
138 151 800 165
139 142 897 249
139 143 5 261
139 144 690 96
139 145 502 333
139 146 26 207
139 147 454 21
139 148 394 186
139 149 385 54
139 150 630 296
139 151 434 258
140 142 331 151
140 143 916 48
140 144 610 169
140 145 776 129
140 146 833 123
140 147 549 41
140 148 121 295
140 149 826 270
140 150 601 71
140 151 696 202
141 142 818 10
141 143 659 181
141 144 465 194
141 145 99 114
141 146 395 95
141 147 600 190
141 148 660 121
141 149 832 334
141 150 231 249
141 151 359 257
142 152 570 150
143 152 902 320
144 152 425 118
145 152 847 78
146 152 591 172
147 152 795 256
148 152 543 262
149 152 13 288
150 152 93 107
151 152 727 262
