152 1420 1 152 7 355
1 2 310 289
1 3 895 273
1 4 146 67
1 5 731 291
1 6 899 152
1 7 545 284
1 8 211 241
1 9 462 190
1 10 118 131
1 11 816 293
2 12 494 347
2 13 554 39
2 14 389 9
2 15 695 218
2 16 726 218
2 17 119 22
2 18 279 142
2 19 164 44
2 20 808 58
2 21 415 239
3 12 577 69
3 13 414 127
3 14 353 182
3 15 808 71
3 16 942 87
3 17 129 266
3 18 266 150
3 19 594 141
3 20 57 184
3 21 887 103
4 12 785 45
4 13 275 23
4 14 76 283
4 15 159 68
4 16 103 192
4 17 997 219
4 18 913 98
4 19 49 162
4 20 369 232
4 21 590 203
5 12 129 62
5 13 140 153
5 14 808 24
5 15 454 251
5 16 803 34
5 17 670 110
5 18 500 83
5 19 992 263
5 20 454 8
5 21 274 221
6 12 419 103
6 13 239 325
6 14 794 246
6 15 204 301
6 16 364 323
6 17 33 255
6 18 434 94
6 19 728 312
6 20 53 95
6 21 585 324
7 12 355 282
7 13 285 19
7 14 954 38
7 15 876 87
7 16 562 40
7 17 666 87
7 18 433 43
7 19 209 298
7 20 279 355
7 21 590 262
8 12 703 273
8 13 385 126
8 14 118 345
8 15 949 70
8 16 59 230
8 17 825 142
8 18 172 181
8 19 94 46
8 20 50 174
8 21 263 19
9 12 879 323
9 13 518 238
9 14 907 211
9 15 838 353
9 16 521 209
9 17 190 301
9 18 410 5
9 19 843 253
9 20 546 109
9 21 143 355
10 12 515 229
10 13 124 120
10 14 814 279
10 15 480 183
10 16 256 309
10 17 144 183
10 18 368 1
10 19 302 110
10 20 396 202
10 21 32 233
11 12 137 309
11 13 662 339
11 14 661 293
11 15 461 3
11 16 745 338
11 17 197 120
11 18 703 245
11 19 469 111
11 20 146 284
11 21 340 182
12 22 809 93
12 23 9 155
12 24 285 238
12 25 32 266
12 26 636 315
12 27 254 93
12 28 320 187
12 29 364 280
12 30 697 237
12 31 960 125
13 22 102 83
13 23 715 79
13 24 561 290
13 25 948 332
13 26 21 227
13 27 707 124
13 28 381 320
13 29 532 353
13 30 75 247
13 31 677 289
14 22 939 176
14 23 128 126
14 24 546 140
14 25 240 290
14 26 165 319
14 27 386 254
14 28 869 11
14 29 710 185
14 30 588 242
14 31 810 64
15 22 334 207
15 23 732 114
15 24 57 287
15 25 652 210
15 26 205 338
15 27 859 29
15 28 481 48
15 29 264 99
15 30 316 73
15 31 31 29
16 22 875 206
16 23 162 55
16 24 934 252
16 25 80 279
16 26 248 280
16 27 604 234
16 28 1000 200
16 29 651 155
16 30 861 120
16 31 238 98
17 22 545 11
17 23 253 168
17 24 571 37
17 25 674 154
17 26 966 222
17 27 668 180
17 28 777 189
17 29 731 323
17 30 451 88
17 31 902 348
18 22 214 164
18 23 76 14
18 24 742 24
18 25 970 200
18 26 257 251
18 27 626 235
18 28 424 124
18 29 864 65
18 30 485 179
18 31 221 245
19 22 278 242
19 23 721 194
19 24 726 213
19 25 622 312
19 26 25 86
19 27 957 45
19 28 698 151
19 29 625 147
19 30 851 236
19 31 799 81
20 22 290 246
20 23 241 227
20 24 452 127
20 25 838 53
20 26 717 302
20 27 200 134
20 28 572 83
20 29 954 104
20 30 151 129
20 31 48 312
21 22 156 123
21 23 917 109
21 24 323 293
21 25 540 247
21 26 197 17
21 27 883 260
21 28 553 203
21 29 309 3
21 30 449 276
21 31 912 150
22 32 471 144
22 33 79 177
22 34 12 127
22 35 289 322
22 36 81 90
22 37 133 193
22 38 683 26
22 39 563 317
22 40 516 1
22 41 257 341
23 32 411 305
23 33 508 46
23 34 521 89
23 35 301 260
23 36 235 280
23 37 71 11
23 38 210 119
23 39 260 44
23 40 222 123
23 41 988 315
24 32 393 85
24 33 767 256
24 34 867 309
24 35 628 207
24 36 729 235
24 37 326 99
24 38 611 318
24 39 392 76
24 40 708 190
24 41 708 215
25 32 927 10
25 33 713 309
25 34 86 108
25 35 930 305
25 36 664 69
25 37 939 301
25 38 265 5
25 39 540 166
25 40 264 273
25 41 799 148
26 32 489 40
26 33 781 58
26 34 521 309
26 35 848 179
26 36 517 244
26 37 268 251
26 38 912 24
26 39 64 42
26 40 429 324
26 41 269 302
27 32 176 323
27 33 253 155
27 34 403 13
27 35 744 277
27 36 77 61
27 37 103 231
27 38 991 145
27 39 358 167
27 40 558 23
27 41 71 335
28 32 232 301
28 33 522 337
28 34 182 4
28 35 283 39
28 36 507 139
28 37 882 254
28 38 238 244
28 39 192 23
28 40 130 272
28 41 20 185
29 32 655 294
29 33 279 171
29 34 258 200
29 35 935 102
29 36 569 121
29 37 954 82
29 38 200 150
29 39 790 13
29 40 560 179
29 41 37 30
30 32 589 86
30 33 688 121
30 34 228 289
30 35 49 160
30 36 866 149
30 37 822 237
30 38 717 253
30 39 34 110
30 40 733 96
30 41 344 348
31 32 465 95
31 33 548 347
31 34 128 261
31 35 790 240
31 36 978 137
31 37 839 69
31 38 645 249
31 39 3 287
31 40 431 221
31 41 782 187
32 42 405 57
32 43 598 237
32 44 789 64
32 45 979 282
32 46 228 69
32 47 734 59
32 48 877 35
32 49 551 213
32 50 365 252
32 51 470 4
33 42 569 322
33 43 365 232
33 44 282 12
33 45 380 355
33 46 554 184
33 47 690 183
33 48 806 53
33 49 260 267
33 50 804 125
33 51 221 320
34 42 55 234
34 43 85 70
34 44 847 92
34 45 289 11
34 46 877 325
34 47 87 108
34 48 38 228
34 49 283 133
34 50 356 95
34 51 553 268
35 42 730 79
35 43 617 355
35 44 901 133
35 45 923 79
35 46 621 147
35 47 146 214
35 48 175 25
35 49 890 153
35 50 136 259
35 51 666 204
36 42 373 353
36 43 287 32
36 44 661 28
36 45 773 355
36 46 936 66
36 47 559 147
36 48 273 270
36 49 143 304
36 50 233 107
36 51 479 220
37 42 67 131
37 43 762 339
37 44 876 126
37 45 588 148
37 46 568 6
37 47 418 296
37 48 464 310
37 49 355 53
37 50 783 339
37 51 217 192
38 42 369 30
38 43 901 198
38 44 894 188
38 45 218 158
38 46 337 273
38 47 461 85
38 48 895 187
38 49 101 218
38 50 992 62
38 51 548 41
39 42 982 309
39 43 704 70
39 44 396 275
39 45 445 174
39 46 60 190
39 47 813 346
39 48 569 270
39 49 13 260
39 50 454 312
39 51 458 248
40 42 283 75
40 43 314 82
40 44 716 264
40 45 184 275
40 46 389 346
40 47 60 119
40 48 151 297
40 49 598 38
40 50 638 177
40 51 640 86
41 42 268 157
41 43 964 150
41 44 717 39
41 45 837 194
41 46 948 86
41 47 248 207
41 48 954 282
41 49 329 148
41 50 818 191
41 51 96 48
42 52 43 286
42 53 901 352
42 54 808 255
42 55 986 221
42 56 547 344
42 57 466 300
42 58 87 107
42 59 830 315
42 60 149 236
42 61 624 281
43 52 654 299
43 53 882 166
43 54 240 313
43 55 185 69
43 56 851 342
43 57 869 186
43 58 36 300
43 59 846 131
43 60 157 38
43 61 294 311
44 52 142 105
44 53 51 40
44 54 94 112
44 55 720 309
44 56 144 97
44 57 892 7
44 58 229 225
44 59 806 305
44 60 728 216
44 61 155 32
45 52 80 48
45 53 887 22
45 54 803 271
45 55 952 204
45 56 613 49
45 57 111 133
45 58 552 183
45 59 292 69
45 60 188 213
45 61 325 149
46 52 378 321
46 53 35 62
46 54 464 147
46 55 972 242
46 56 566 140
46 57 770 41
46 58 547 171
46 59 580 74
46 60 928 285
46 61 487 18
47 52 391 279
47 53 495 56
47 54 86 255
47 55 667 266
47 56 767 166
47 57 317 53
47 58 18 147
47 59 947 308
47 60 431 140
47 61 945 347
48 52 870 7
48 53 830 305
48 54 149 294
48 55 538 66
48 56 767 177
48 57 785 35
48 58 54 187
48 59 101 218
48 60 936 41
48 61 869 133
49 52 883 83
49 53 421 244
49 54 279 49
49 55 334 279
49 56 647 330
49 57 145 287
49 58 308 199
49 59 625 311
49 60 159 235
49 61 697 56
50 52 1 175
50 53 214 281
50 54 115 52
50 55 961 290
50 56 326 158
50 57 633 120
50 58 58 158
50 59 259 244
50 60 447 355
50 61 290 104
51 52 75 12
51 53 392 16
51 54 549 100
51 55 267 237
51 56 706 128
51 57 113 107
51 58 317 119
51 59 557 318
51 60 118 289
51 61 477 278
52 62 137 189
52 63 150 343
52 64 563 189
52 65 110 317
52 66 807 28
52 67 240 49
52 68 201 251
52 69 353 12
52 70 440 199
52 71 370 23
53 62 331 117
53 63 909 235
53 64 709 210
53 65 718 318
53 66 298 246
53 67 641 18
53 68 758 328
53 69 35 117
53 70 428 313
53 71 650 329
54 62 313 218
54 63 204 275
54 64 733 140
54 65 544 30
54 66 884 224
54 67 926 47
54 68 125 115
54 69 13 45
54 70 406 49
54 71 658 350
55 62 161 150
55 63 910 2
55 64 264 318
55 65 79 41
55 66 710 61
55 67 154 137
55 68 418 211
55 69 433 113
55 70 572 268
55 71 695 297
56 62 128 140
56 63 735 160
56 64 187 83
56 65 796 340
56 66 801 244
56 67 414 30
56 68 338 128
56 69 962 284
56 70 414 190
56 71 88 270
57 62 885 110
57 63 509 109
57 64 456 184
57 65 955 144
57 66 363 151
57 67 854 16
57 68 72 330
57 69 9 114
57 70 893 145
57 71 344 106
58 62 808 22
58 63 494 114
58 64 641 284
58 65 625 290
58 66 636 156
58 67 872 187
58 68 423 50
58 69 397 213
58 70 415 148
58 71 81 79
59 62 628 331
59 63 655 150
59 64 401 26
59 65 606 150
59 66 247 224
59 67 697 46
59 68 339 241
59 69 121 152
59 70 163 227
59 71 441 153
60 62 933 251
60 63 773 102
60 64 478 232
60 65 510 107
60 66 251 305
60 67 53 121
60 68 769 309
60 69 180 295
60 70 678 303
60 71 142 86
61 62 771 56
61 63 948 30
61 64 517 67
61 65 872 197
61 66 968 285
61 67 121 324
61 68 782 107
61 69 948 71
61 70 284 128
61 71 589 308
62 72 267 301
62 73 29 293
62 74 265 90
62 75 541 338
62 76 296 310
62 77 24 109
62 78 664 179
62 79 155 171
62 80 499 58
62 81 764 279
63 72 233 226
63 73 881 205
63 74 204 54
63 75 94 140
63 76 997 20
63 77 6 9
63 78 700 58
63 79 672 100
63 80 708 231
63 81 280 31
64 72 2 345
64 73 215 172
64 74 792 272
64 75 38 154
64 76 12 162
64 77 272 165
64 78 79 225
64 79 711 278
64 80 626 201
64 81 218 79
65 72 313 155
65 73 583 205
65 74 216 325
65 75 990 319
65 76 498 76
65 77 406 75
65 78 906 63
65 79 405 339
65 80 561 182
65 81 965 243
66 72 485 35
66 73 354 299
66 74 283 317
66 75 13 4
66 76 742 292
66 77 358 160
66 78 91 225
66 79 991 266
66 80 426 177
66 81 783 200
67 72 240 167
67 73 85 136
67 74 322 181
67 75 885 257
67 76 669 134
67 77 327 105
67 78 196 268
67 79 315 246
67 80 712 341
67 81 905 252
68 72 527 119
68 73 496 244
68 74 882 328
68 75 563 73
68 76 852 15
68 77 468 352
68 78 568 237
68 79 969 301
68 80 372 167
68 81 7 205
69 72 165 75
69 73 871 230
69 74 888 117
69 75 236 206
69 76 488 267
69 77 118 34
69 78 508 224
69 79 748 135
69 80 665 103
69 81 290 156
70 72 759 167
70 73 183 212
70 74 293 110
70 75 965 246
70 76 234 232
70 77 698 75
70 78 651 270
70 79 891 332
70 80 718 8
70 81 214 240
71 72 470 261
71 73 573 273
71 74 780 41
71 75 991 38
71 76 405 232
71 77 65 43
71 78 655 273
71 79 687 72
71 80 182 219
71 81 433 304
72 82 403 168
72 83 622 239
72 84 225 154
72 85 624 119
72 86 686 294
72 87 312 227
72 88 530 345
72 89 460 314
72 90 295 350
72 91 164 206
73 82 908 337
73 83 566 33
73 84 727 257
73 85 663 230
73 86 325 333
73 87 107 341
73 88 52 185
73 89 654 59
73 90 926 238
73 91 479 60
74 82 450 10
74 83 490 6
74 84 731 260
74 85 839 165
74 86 914 89
74 87 329 239
74 88 775 260
74 89 909 108
74 90 605 260
74 91 139 349
75 82 59 14
75 83 330 335
75 84 78 305
75 85 390 234
75 86 279 337
75 87 583 59
75 88 417 313
75 89 38 128
75 90 802 51
75 91 38 37
76 82 52 81
76 83 864 86
76 84 737 315
76 85 708 31
76 86 645 254
76 87 148 163
76 88 625 193
76 89 842 163
76 90 364 74
76 91 175 8
77 82 145 158
77 83 515 69
77 84 399 277
77 85 976 320
77 86 76 148
77 87 643 143
77 88 398 274
77 89 981 64
77 90 404 236
77 91 838 21
78 82 350 209
78 83 798 260
78 84 920 265
78 85 712 167
78 86 531 22
78 87 637 13
78 88 400 171
78 89 224 68
78 90 483 54
78 91 265 26
79 82 210 269
79 83 549 340
79 84 389 155
79 85 660 14
79 86 206 246
79 87 17 167
79 88 311 207
79 89 91 92
79 90 999 272
79 91 167 26
80 82 10 72
80 83 391 35
80 84 936 329
80 85 154 219
80 86 410 293
80 87 557 178
80 88 679 231
80 89 482 68
80 90 841 346
80 91 572 51
81 82 719 297
81 83 132 66
81 84 422 275
81 85 811 345
81 86 729 351
81 87 890 40
81 88 907 338
81 89 101 333
81 90 159 147
81 91 934 92
82 92 608 134
82 93 192 155
82 94 684 3
82 95 163 296
82 96 273 125
82 97 312 308
82 98 262 247
82 99 931 278
82 100 437 130
82 101 244 326
83 92 793 252
83 93 616 274
83 94 639 149
83 95 666 72
83 96 965 243
83 97 976 162
83 98 452 180
83 99 398 131
83 100 534 6
83 101 447 266
84 92 372 294
84 93 460 274
84 94 282 80
84 95 112 240
84 96 546 164
84 97 56 112
84 98 387 104
84 99 378 308
84 100 511 161
84 101 18 32
85 92 449 269
85 93 288 173
85 94 91 4
85 95 426 124
85 96 814 233
85 97 861 89
85 98 328 333
85 99 803 259
85 100 490 148
85 101 386 34
86 92 385 325
86 93 293 142
86 94 745 247
86 95 10 123
86 96 138 225
86 97 92 81
86 98 268 193
86 99 944 52
86 100 963 6
86 101 585 193
87 92 188 233
87 93 481 241
87 94 876 138
87 95 667 332
87 96 18 172
87 97 264 165
87 98 343 184
87 99 978 195
87 100 580 50
87 101 444 265
88 92 404 21
88 93 451 315
88 94 756 342
88 95 728 128
88 96 519 151
88 97 484 207
88 98 441 55
88 99 453 224
88 100 692 321
88 101 908 202
89 92 531 109
89 93 509 50
89 94 631 50
89 95 569 170
89 96 583 351
89 97 630 107
89 98 98 57
89 99 924 30
89 100 989 351
89 101 809 67
90 92 931 102
90 93 607 323
90 94 515 75
90 95 998 279
90 96 453 261
90 97 253 90
90 98 225 272
90 99 392 225
90 100 331 15
90 101 697 312
91 92 659 188
91 93 835 144
91 94 558 344
91 95 432 137
91 96 747 351
91 97 847 333
91 98 508 228
91 99 135 3
91 100 300 26
91 101 535 250
92 102 168 311
92 103 821 292
92 104 998 225
92 105 277 136
92 106 106 182
92 107 925 200
92 108 301 146
92 109 61 169
92 110 108 158
92 111 318 90
93 102 444 353
93 103 995 7
93 104 249 332
93 105 435 143
93 106 388 320
93 107 349 190
93 108 181 255
93 109 831 284
93 110 446 323
93 111 680 56
94 102 8 37
94 103 93 321
94 104 829 20
94 105 339 76
94 106 165 296
94 107 437 168
94 108 373 75
94 109 85 299
94 110 426 324
94 111 544 253
95 102 123 323
95 103 356 353
95 104 781 221
95 105 785 331
95 106 91 202
95 107 657 180
95 108 121 175
95 109 882 286
95 110 875 178
95 111 270 265
96 102 646 67
96 103 833 180
96 104 275 169
96 105 579 185
96 106 217 274
96 107 57 104
96 108 448 341
96 109 277 303
96 110 860 54
96 111 198 166
97 102 942 223
97 103 747 276
97 104 416 33
97 105 961 109
97 106 929 137
97 107 535 211
97 108 384 136
97 109 231 5
97 110 46 155
97 111 481 94
98 102 703 168
98 103 595 18
98 104 85 2
98 105 177 250
98 106 865 161
98 107 765 89
98 108 610 167
98 109 698 93
98 110 103 157
98 111 411 76
99 102 854 109
99 103 945 13
99 104 326 138
99 105 629 304
99 106 30 282
99 107 600 22
99 108 303 327
99 109 401 164
99 110 165 171
99 111 209 223
100 102 338 311
100 103 7 240
100 104 804 218
100 105 735 5
100 106 231 17
100 107 971 307
100 108 802 229
100 109 165 204
100 110 489 96
100 111 321 61
101 102 675 247
101 103 782 262
101 104 582 149
101 105 695 123
101 106 818 102
101 107 53 19
101 108 307 225
101 109 368 203
101 110 193 259
101 111 873 190
102 112 219 349
102 113 8 73
102 114 168 317
102 115 806 222
102 116 340 178
102 117 560 169
102 118 768 325
102 119 477 352
102 120 600 208
102 121 871 180
103 112 231 249
103 113 371 156
103 114 138 323
103 115 765 311
103 116 146 346
103 117 388 209
103 118 688 51
103 119 128 61
103 120 396 195
103 121 368 253
104 112 480 28
104 113 978 20
104 114 570 7
104 115 634 191
104 116 534 49
104 117 32 59
104 118 410 322
104 119 806 174
104 120 865 274
104 121 816 317
105 112 846 145
105 113 758 174
105 114 750 253
105 115 815 167
105 116 576 151
105 117 928 224
105 118 170 46
105 119 721 170
105 120 442 21
105 121 401 35
106 112 827 3
106 113 190 113
106 114 62 121
106 115 727 296
106 116 433 8
106 117 648 32
106 118 578 35
106 119 454 150
106 120 694 276
106 121 424 296
107 112 271 185
107 113 14 269
107 114 656 284
107 115 15 254
107 116 255 270
107 117 194 52
107 118 890 156
107 119 658 213
107 120 761 114
107 121 260 170
108 112 206 263
108 113 917 16
108 114 702 343
108 115 637 240
108 116 688 165
108 117 311 174
108 118 876 321
108 119 891 105
108 120 660 307
108 121 393 137
109 112 648 235
109 113 425 173
109 114 402 29
109 115 9 267
109 116 815 204
109 117 20 34
109 118 996 103
109 119 479 145
109 120 936 186
109 121 266 224
110 112 433 49
110 113 573 184
110 114 463 145
110 115 310 173
110 116 8 64
110 117 99 55
110 118 774 211
110 119 323 324
110 120 382 210
110 121 156 310
111 112 58 15
111 113 286 309
111 114 140 280
111 115 992 264
111 116 514 28
111 117 475 60
111 118 948 12
111 119 27 42
111 120 217 177
111 121 860 22
112 122 755 104
112 123 796 144
112 124 249 81
112 125 705 9
112 126 597 193
112 127 561 314
112 128 618 65
112 129 730 222
112 130 18 165
112 131 122 321
113 122 409 81
113 123 729 175
113 124 193 333
113 125 124 349
113 126 264 51
113 127 408 79
113 128 277 60
113 129 504 6
113 130 175 115
113 131 564 139
114 122 721 80
114 123 951 286
114 124 323 112
114 125 68 187
114 126 399 337
114 127 739 22
114 128 801 108
114 129 951 39
114 130 750 162
114 131 616 113
115 122 917 173
115 123 91 207
115 124 540 7
115 125 578 218
115 126 32 37
115 127 594 106
115 128 309 131
115 129 86 217
115 130 851 304
115 131 259 120
116 122 665 100
116 123 468 40
116 124 863 73
116 125 619 213
116 126 968 296
116 127 839 118
116 128 721 322
116 129 975 218
116 130 292 82
116 131 166 216
117 122 481 12
117 123 666 303
117 124 328 310
117 125 953 40
117 126 571 11
117 127 463 206
117 128 730 56
117 129 978 337
117 130 855 298
117 131 361 293
118 122 331 7
118 123 493 208
118 124 655 294
118 125 96 96
118 126 712 18
118 127 619 18
118 128 275 270
118 129 282 239
118 130 572 19
118 131 387 246
119 122 263 209
119 123 261 324
119 124 75 243
119 125 969 48
119 126 656 275
119 127 948 168
119 128 46 328
119 129 954 157
119 130 767 196
119 131 273 203
120 122 350 142
120 123 464 52
120 124 788 204
120 125 534 9
120 126 353 57
120 127 793 58
120 128 866 325
120 129 186 258
120 130 360 326
120 131 821 305
121 122 854 77
121 123 838 64
121 124 636 155
121 125 190 198
121 126 139 74
121 127 15 297
121 128 595 93
121 129 236 220
121 130 595 128
121 131 939 225
122 132 73 2
122 133 388 10
122 134 437 43
122 135 622 85
122 136 961 8
122 137 867 247
122 138 386 132
122 139 45 13
122 140 941 116
122 141 349 215
123 132 953 88
123 133 671 116
123 134 713 131
123 135 324 271
123 136 371 261
123 137 484 287
123 138 639 353
123 139 996 213
123 140 167 120
123 141 176 222
124 132 251 332
124 133 702 26
124 134 718 39
124 135 606 172
124 136 57 170
124 137 705 173
124 138 806 347
124 139 254 319
124 140 704 308
124 141 317 324
125 132 534 143
125 133 790 39
125 134 566 119
125 135 916 19
125 136 264 251
125 137 389 280
125 138 37 170
125 139 389 282
125 140 543 227
125 141 862 239
126 132 332 72
126 133 376 354
126 134 162 352
126 135 704 198
126 136 491 25
126 137 593 223
126 138 972 306
126 139 310 59
126 140 906 155
126 141 627 262
127 132 499 83
127 133 750 214
127 134 539 81
127 135 408 44
127 136 601 257
127 137 112 318
127 138 64 265
127 139 940 252
127 140 845 151
127 141 472 119
128 132 926 4
128 133 401 123
128 134 754 302
128 135 240 286
128 136 833 236
128 137 67 5
128 138 205 29
128 139 722 248
128 140 834 99
128 141 542 303
129 132 451 77
129 133 886 37
129 134 166 15
129 135 182 352
129 136 835 53
129 137 584 333
129 138 94 20
129 139 768 135
129 140 578 55
129 141 517 2
130 132 994 196
130 133 374 243
130 134 429 190
130 135 500 243
130 136 959 120
130 137 172 232
130 138 136 1
130 139 232 56
130 140 477 254
130 141 215 233
131 132 530 45
131 133 537 330
131 134 185 156
131 135 617 320
131 136 817 219
131 137 204 278
131 138 172 210
131 139 112 88
131 140 58 201
131 141 42 345
132 142 171 236
132 143 128 271
132 144 152 170
132 145 982 250
132 146 717 169
132 147 749 5
132 148 825 304
132 149 611 293
132 150 507 287
132 151 748 144
133 142 792 232
133 143 434 297
133 144 94 255
133 145 191 312
133 146 863 16
133 147 933 224
133 148 520 287
133 149 482 76
133 150 625 8
133 151 27 117
134 142 185 178
134 143 914 209
134 144 822 145
134 145 367 143
134 146 700 258
134 147 212 232
134 148 835 105
134 149 926 343
134 150 66 155
134 151 10 188
135 142 499 322
135 143 160 52
135 144 366 293
135 145 182 183
135 146 372 144
135 147 564 144
135 148 424 147
135 149 152 216
135 150 599 129
135 151 859 113
136 142 394 353
136 143 344 23
136 144 464 304
136 145 803 217
136 146 31 236
136 147 701 290
136 148 810 56
136 149 848 221
136 150 920 87
136 151 636 155
137 142 356 121
137 143 418 51
137 144 759 278
137 145 870 22
137 146 491 216
137 147 57 5
137 148 671 258
137 149 156 164
137 150 480 269
137 151 812 176
138 142 394 197
138 143 381 103
138 144 4 45
138 145 535 209
138 146 124 271
138 147 413 317
138 148 424 143
138 149 91 147
138 150 680 54
138 151 767 171
139 142 838 231
139 143 878 47
139 144 468 303
139 145 149 102
139 146 887 274
139 147 722 294
139 148 219 354
139 149 194 148
139 150 545 249
139 151 429 45
140 142 393 330
140 143 71 332
140 144 99 261
140 145 433 237
140 146 972 67
140 147 706 51
140 148 97 62
140 149 623 277
140 150 441 329
140 151 361 169
141 142 988 305
141 143 245 320
141 144 589 22
141 145 501 340
141 146 822 270
141 147 18 245
141 148 486 108
141 149 596 89
141 150 354 305
141 151 364 213
142 152 206 57
143 152 317 53
144 152 128 142
145 152 803 330
146 152 74 87
147 152 66 276
148 152 150 241
149 152 584 245
150 152 479 126
151 152 881 344
