152 1420 1 152 7 355
1 2 83 122
1 3 582 146
1 4 57 40
1 5 184 50
1 6 712 70
1 7 569 208
1 8 469 271
1 9 546 31
1 10 348 288
1 11 500 296
2 12 746 144
2 13 281 128
2 14 327 303
2 15 542 242
2 16 167 25
2 17 628 170
2 18 67 104
2 19 684 203
2 20 450 310
2 21 55 211
3 12 656 182
3 13 514 193
3 14 130 210
3 15 665 328
3 16 676 277
3 17 71 258
3 18 510 130
3 19 253 208
3 20 912 229
3 21 496 157
4 12 387 208
4 13 651 178
4 14 942 277
4 15 945 155
4 16 152 251
4 17 616 41
4 18 955 348
4 19 907 55
4 20 676 145
4 21 130 87
5 12 564 83
5 13 658 116
5 14 985 192
5 15 679 292
5 16 13 332
5 17 432 56
5 18 300 340
5 19 65 325
5 20 403 14
5 21 455 229
6 12 689 24
6 13 141 89
6 14 622 262
6 15 735 208
6 16 208 304
6 17 578 80
6 18 882 76
6 19 810 181
6 20 913 321
6 21 174 144
7 12 31 152
7 13 326 128
7 14 353 174
7 15 347 213
7 16 823 36
7 17 606 192
7 18 361 176
7 19 418 138
7 20 431 276
7 21 503 332
8 12 865 220
8 13 424 64
8 14 953 184
8 15 879 195
8 16 816 254
8 17 620 265
8 18 511 60
8 19 420 98
8 20 827 220
8 21 981 227
9 12 801 337
9 13 247 47
9 14 109 29
9 15 59 218
9 16 76 306
9 17 523 191
9 18 807 35
9 19 834 98
9 20 628 17
9 21 447 221
10 12 854 339
10 13 287 250
10 14 39 115
10 15 598 79
10 16 986 273
10 17 152 60
10 18 252 68
10 19 850 328
10 20 194 67
10 21 118 77
11 12 513 284
11 13 237 252
11 14 757 69
11 15 114 316
11 16 62 72
11 17 677 70
11 18 809 102
11 19 464 66
11 20 678 181
11 21 61 99
12 22 901 50
12 23 303 16
12 24 21 310
12 25 655 92
12 26 920 22
12 27 129 281
12 28 822 284
12 29 987 23
12 30 727 337
12 31 186 34
13 22 949 49
13 23 562 83
13 24 483 41
13 25 620 228
13 26 392 112
13 27 143 1
13 28 388 79
13 29 836 40
13 30 591 238
13 31 172 6
14 22 554 265
14 23 882 253
14 24 201 305
14 25 109 134
14 26 945 33
14 27 73 44
14 28 822 124
14 29 426 38
14 30 492 116
14 31 706 260
15 22 550 145
15 23 797 28
15 24 603 260
15 25 754 184
15 26 264 220
15 27 837 186
15 28 430 62
15 29 294 110
15 30 834 155
15 31 598 313
16 22 254 176
16 23 72 223
16 24 37 241
16 25 432 37
16 26 668 45
16 27 518 134
16 28 450 1
16 29 590 297
16 30 784 335
16 31 465 135
17 22 265 111
17 23 13 276
17 24 918 140
17 25 263 28
17 26 314 290
17 27 424 47
17 28 674 352
17 29 994 304
17 30 676 330
17 31 268 45
18 22 670 38
18 23 712 292
18 24 176 329
18 25 928 104
18 26 565 18
18 27 187 246
18 28 360 142
18 29 29 131
18 30 265 282
18 31 128 109
19 22 812 34
19 23 677 323
19 24 343 176
19 25 381 205
19 26 247 127
19 27 337 353
19 28 459 114
19 29 283 326
19 30 507 46
19 31 429 99
20 22 774 112
20 23 527 16
20 24 430 57
20 25 569 134
20 26 67 17
20 27 577 182
20 28 150 56
20 29 471 297
20 30 394 135
20 31 552 272
21 22 96 142
21 23 644 149
21 24 100 102
21 25 710 147
21 26 744 106
21 27 981 259
21 28 987 265
21 29 878 210
21 30 732 138
21 31 679 189
22 32 472 321
22 33 897 158
22 34 123 160
22 35 457 211
22 36 758 74
22 37 854 296
22 38 101 28
22 39 483 259
22 40 163 182
22 41 709 296
23 32 783 335
23 33 438 86
23 34 447 43
23 35 966 147
23 36 829 205
23 37 184 127
23 38 409 316
23 39 762 78
23 40 859 62
23 41 307 55
24 32 696 120
24 33 953 112
24 34 135 64
24 35 332 36
24 36 93 37
24 37 41 181
24 38 965 292
24 39 861 121
24 40 727 63
24 41 782 328
25 32 628 19
25 33 250 63
25 34 936 31
25 35 465 219
25 36 727 25
25 37 213 224
25 38 909 121
25 39 983 59
25 40 72 139
25 41 669 173
26 32 986 140
26 33 750 309
26 34 424 61
26 35 133 239
26 36 958 167
26 37 286 12
26 38 512 269
26 39 472 332
26 40 850 13
26 41 662 249
27 32 594 288
27 33 228 129
27 34 737 41
27 35 948 42
27 36 629 28
27 37 94 277
27 38 134 147
27 39 853 267
27 40 636 311
27 41 865 316
28 32 900 207
28 33 46 192
28 34 324 41
28 35 260 37
28 36 260 211
28 37 281 23
28 38 44 323
28 39 408 288
28 40 599 306
28 41 824 10
29 32 687 187
29 33 844 230
29 34 174 190
29 35 647 163
29 36 648 294
29 37 192 104
29 38 326 162
29 39 172 325
29 40 868 44
29 41 910 84
30 32 895 110
30 33 676 52
30 34 684 217
30 35 758 225
30 36 900 350
30 37 899 177
30 38 44 53
30 39 918 24
30 40 30 292
30 41 962 335
31 32 890 313
31 33 380 159
31 34 650 343
31 35 504 41
31 36 267 136
31 37 915 252
31 38 269 324
31 39 577 3
31 40 929 354
31 41 92 158
32 42 328 144
32 43 7 266
32 44 548 99
32 45 723 348
32 46 161 46
32 47 581 236
32 48 322 21
32 49 109 207
32 50 922 278
32 51 197 100
33 42 404 161
33 43 685 212
33 44 200 104
33 45 897 39
33 46 810 328
33 47 967 344
33 48 179 299
33 49 578 171
33 50 822 291
33 51 782 305
34 42 899 215
34 43 968 107
34 44 355 174
34 45 797 123
34 46 336 169
34 47 323 204
34 48 583 25
34 49 360 20
34 50 386 71
34 51 275 209
35 42 36 98
35 43 581 79
35 44 524 6
35 45 252 118
35 46 424 149
35 47 164 334
35 48 627 242
35 49 810 197
35 50 509 281
35 51 464 274
36 42 781 349
36 43 922 268
36 44 449 8
36 45 922 156
36 46 649 320
36 47 191 106
36 48 160 354
36 49 922 306
36 50 241 216
36 51 732 300
37 42 124 163
37 43 331 86
37 44 145 324
37 45 607 70
37 46 729 164
37 47 822 275
37 48 757 234
37 49 429 327
37 50 503 140
37 51 569 314
38 42 882 134
38 43 155 334
38 44 72 99
38 45 677 244
38 46 566 314
38 47 279 264
38 48 605 290
38 49 18 178
38 50 932 113
38 51 887 181
39 42 333 146
39 43 914 179
39 44 946 18
39 45 208 139
39 46 81 299
39 47 333 322
39 48 8 320
39 49 452 120
39 50 401 106
39 51 435 268
40 42 478 253
40 43 276 93
40 44 930 66
40 45 192 142
40 46 116 186
40 47 196 42
40 48 516 222
40 49 792 59
40 50 322 275
40 51 199 38
41 42 35 322
41 43 99 172
41 44 689 257
41 45 736 61
41 46 264 221
41 47 864 339
41 48 144 297
41 49 180 192
41 50 418 100
41 51 877 304
42 52 145 326
42 53 462 58
42 54 839 308
42 55 31 224
42 56 33 65
42 57 197 14
42 58 912 342
42 59 455 71
42 60 1000 319
42 61 618 170
43 52 166 270
43 53 648 113
43 54 897 65
43 55 297 240
43 56 482 24
43 57 450 128
43 58 7 64
43 59 333 343
43 60 147 167
43 61 504 215
44 52 194 252
44 53 912 338
44 54 464 44
44 55 20 79
44 56 617 322
44 57 692 48
44 58 598 275
44 59 575 308
44 60 260 174
44 61 577 160
45 52 747 81
45 53 550 99
45 54 363 223
45 55 223 85
45 56 673 231
45 57 35 272
45 58 709 165
45 59 111 137
45 60 602 19
45 61 757 160
46 52 541 227
46 53 841 46
46 54 59 207
46 55 276 319
46 56 56 178
46 57 559 199
46 58 725 195
46 59 953 45
46 60 581 76
46 61 756 176
47 52 339 241
47 53 755 198
47 54 647 227
47 55 359 75
47 56 176 204
47 57 57 114
47 58 999 65
47 59 343 287
47 60 675 353
47 61 955 112
48 52 38 292
48 53 538 246
48 54 505 353
48 55 805 216
48 56 705 55
48 57 487 81
48 58 74 248
48 59 523 138
48 60 461 274
48 61 415 100
49 52 844 84
49 53 572 296
49 54 618 244
49 55 532 312
49 56 869 236
49 57 988 293
49 58 207 104
49 59 912 229
49 60 690 295
49 61 116 278
50 52 103 282
50 53 662 53
50 54 419 48
50 55 710 255
50 56 479 221
50 57 895 161
50 58 405 49
50 59 337 286
50 60 582 91
50 61 864 222
51 52 810 91
51 53 619 57
51 54 615 290
51 55 430 281
51 56 644 170
51 57 326 1
51 58 580 207
51 59 77 4
51 60 792 84
51 61 862 253
52 62 280 44
52 63 616 243
52 64 779 270
52 65 571 211
52 66 63 266
52 67 945 153
52 68 924 84
52 69 113 55
52 70 521 8
52 71 13 332
53 62 91 154
53 63 131 28
53 64 460 145
53 65 639 135
53 66 49 170
53 67 594 301
53 68 489 334
53 69 931 106
53 70 156 114
53 71 389 130
54 62 44 76
54 63 803 245
54 64 885 109
54 65 960 201
54 66 618 275
54 67 868 68
54 68 569 89
54 69 452 162
54 70 266 212
54 71 83 19
55 62 207 25
55 63 953 223
55 64 569 148
55 65 830 288
55 66 7 202
55 67 802 165
55 68 396 327
55 69 577 136
55 70 546 216
55 71 640 130
56 62 749 11
56 63 63 101
56 64 186 217
56 65 802 187
56 66 451 226
56 67 436 207
56 68 767 28
56 69 188 65
56 70 105 130
56 71 759 335
57 62 158 28
57 63 821 231
57 64 587 108
57 65 372 108
57 66 848 167
57 67 725 344
57 68 833 20
57 69 48 232
57 70 536 169
57 71 309 5
58 62 769 282
58 63 509 305
58 64 587 222
58 65 593 332
58 66 123 116
58 67 998 8
58 68 308 192
58 69 174 294
58 70 908 232
58 71 566 105
59 62 721 49
59 63 213 208
59 64 533 40
59 65 761 105
59 66 295 217
59 67 285 241
59 68 948 259
59 69 107 19
59 70 851 20
59 71 152 117
60 62 625 322
60 63 882 254
60 64 895 63
60 65 98 152
60 66 204 211
60 67 214 308
60 68 581 271
60 69 12 151
60 70 97 165
60 71 782 181
61 62 809 8
61 63 879 41
61 64 427 144
61 65 103 235
61 66 139 141
61 67 809 13
61 68 297 289
61 69 951 118
61 70 786 235
61 71 651 210
62 72 766 32
62 73 228 86
62 74 826 36
62 75 91 215
62 76 469 190
62 77 660 63
62 78 816 195
62 79 194 313
62 80 905 88
62 81 767 9
63 72 410 313
63 73 573 85
63 74 552 63
63 75 213 2
63 76 742 110
63 77 141 305
63 78 41 49
63 79 5 349
63 80 151 109
63 81 624 250
64 72 921 79
64 73 112 202
64 74 650 324
64 75 539 277
64 76 126 349
64 77 864 232
64 78 737 160
64 79 827 219
64 80 512 353
64 81 717 9
65 72 541 105
65 73 983 249
65 74 261 285
65 75 288 94
65 76 247 46
65 77 181 66
65 78 205 293
65 79 152 165
65 80 147 338
65 81 29 232
66 72 347 289
66 73 432 101
66 74 116 326
66 75 510 227
66 76 637 282
66 77 656 337
66 78 149 225
66 79 997 35
66 80 814 278
66 81 203 339
67 72 854 42
67 73 159 225
67 74 742 333
67 75 587 10
67 76 535 311
67 77 239 105
67 78 391 269
67 79 360 155
67 80 396 179
67 81 923 168
68 72 20 39
68 73 707 262
68 74 765 7
68 75 313 116
68 76 325 290
68 77 570 154
68 78 580 7
68 79 788 164
68 80 168 153
68 81 564 262
69 72 431 244
69 73 552 256
69 74 687 112
69 75 327 47
69 76 373 105
69 77 160 340
69 78 642 131
69 79 686 66
69 80 543 351
69 81 403 150
70 72 170 197
70 73 462 91
70 74 750 94
70 75 176 214
70 76 682 226
70 77 699 243
70 78 747 332
70 79 593 34
70 80 312 130
70 81 511 244
71 72 24 288
71 73 321 95
71 74 368 19
71 75 921 156
71 76 328 286
71 77 128 133
71 78 792 168
71 79 772 57
71 80 249 309
71 81 32 236
72 82 515 236
72 83 841 291
72 84 206 265
72 85 577 181
72 86 538 224
72 87 423 16
72 88 972 72
72 89 587 83
72 90 788 181
72 91 478 160
73 82 492 265
73 83 397 308
73 84 206 343
73 85 815 229
73 86 885 48
73 87 567 213
73 88 685 334
73 89 470 335
73 90 36 293
73 91 244 315
74 82 63 23
74 83 34 125
74 84 307 262
74 85 447 107
74 86 538 276
74 87 288 190
74 88 768 201
74 89 87 226
74 90 984 151
74 91 509 15
75 82 478 341
75 83 349 195
75 84 652 313
75 85 896 7
75 86 460 6
75 87 519 36
75 88 168 138
75 89 69 87
75 90 154 183
75 91 937 236
76 82 412 45
76 83 617 199
76 84 957 329
76 85 326 236
76 86 298 154
76 87 575 253
76 88 670 62
76 89 182 239
76 90 727 258
76 91 340 122
77 82 413 236
77 83 472 210
77 84 129 299
77 85 643 111
77 86 343 168
77 87 151 219
77 88 916 18
77 89 536 234
77 90 316 202
77 91 504 110
78 82 288 285
78 83 832 2
78 84 293 133
78 85 644 242
78 86 644 261
78 87 788 159
78 88 392 186
78 89 432 130
78 90 336 179
78 91 488 306
79 82 377 184
79 83 772 215
79 84 626 138
79 85 598 179
79 86 613 331
79 87 142 20
79 88 770 251
79 89 241 315
79 90 113 50
79 91 877 41
80 82 963 333
80 83 435 223
80 84 434 147
80 85 639 230
80 86 69 195
80 87 273 11
80 88 683 335
80 89 725 335
80 90 33 147
80 91 132 99
81 82 746 180
81 83 939 293
81 84 536 123
81 85 897 266
81 86 574 78
81 87 343 327
81 88 522 175
81 89 74 262
81 90 718 183
81 91 897 71
82 92 164 25
82 93 728 355
82 94 574 158
82 95 367 213
82 96 272 23
82 97 444 264
82 98 12 144
82 99 690 39
82 100 340 195
82 101 255 251
83 92 132 7
83 93 551 309
83 94 893 330
83 95 994 239
83 96 107 12
83 97 576 203
83 98 548 216
83 99 814 135
83 100 249 251
83 101 385 84
84 92 21 84
84 93 254 312
84 94 2 298
84 95 268 88
84 96 513 166
84 97 309 73
84 98 484 177
84 99 332 111
84 100 515 315
84 101 271 193
85 92 926 259
85 93 870 342
85 94 354 181
85 95 921 152
85 96 167 178
85 97 881 322
85 98 712 42
85 99 768 89
85 100 415 147
85 101 318 265
86 92 696 158
86 93 262 309
86 94 619 26
86 95 412 193
86 96 900 119
86 97 366 289
86 98 246 31
86 99 38 102
86 100 351 349
86 101 122 124
87 92 92 109
87 93 595 4
87 94 981 79
87 95 80 215
87 96 785 13
87 97 122 167
87 98 416 27
87 99 518 82
87 100 858 58
87 101 514 173
88 92 57 170
88 93 420 317
88 94 161 83
88 95 583 122
88 96 734 177
88 97 867 73
88 98 411 97
88 99 670 173
88 100 901 145
88 101 42 286
89 92 765 208
89 93 65 130
89 94 481 144
89 95 428 198
89 96 330 257
89 97 722 126
89 98 487 248
89 99 558 346
89 100 175 307
89 101 248 166
90 92 407 24
90 93 771 48
90 94 597 158
90 95 194 58
90 96 438 159
90 97 7 173
90 98 655 181
90 99 759 274
90 100 901 245
90 101 273 66
91 92 240 106
91 93 355 112
91 94 278 352
91 95 599 222
91 96 568 132
91 97 611 254
91 98 398 136
91 99 191 217
91 100 101 76
91 101 680 165
92 102 724 31
92 103 604 38
92 104 624 29
92 105 702 316
92 106 725 11
92 107 346 272
92 108 295 330
92 109 920 138
92 110 68 287
92 111 831 313
93 102 394 23
93 103 853 191
93 104 933 62
93 105 709 79
93 106 568 350
93 107 294 21
93 108 669 194
93 109 299 47
93 110 892 276
93 111 253 303
94 102 521 90
94 103 807 248
94 104 953 167
94 105 776 228
94 106 4 24
94 107 912 252
94 108 178 302
94 109 853 308
94 110 375 298
94 111 221 42
95 102 272 238
95 103 711 232
95 104 262 338
95 105 779 82
95 106 281 117
95 107 239 234
95 108 467 196
95 109 901 198
95 110 881 123
95 111 306 169
96 102 71 54
96 103 628 260
96 104 59 193
96 105 499 119
96 106 675 254
96 107 839 231
96 108 219 119
96 109 360 229
96 110 895 110
96 111 992 6
97 102 378 258
97 103 608 228
97 104 207 33
97 105 288 44
97 106 843 341
97 107 297 312
97 108 647 6
97 109 245 211
97 110 715 330
97 111 944 322
98 102 4 125
98 103 900 6
98 104 568 17
98 105 815 27
98 106 152 178
98 107 369 312
98 108 376 153
98 109 630 266
98 110 765 35
98 111 737 17
99 102 707 107
99 103 911 166
99 104 234 56
99 105 465 203
99 106 799 5
99 107 464 302
99 108 699 158
99 109 711 9
99 110 65 101
99 111 451 71
100 102 978 196
100 103 668 156
100 104 316 210
100 105 852 292
100 106 505 290
100 107 812 109
100 108 915 45
100 109 847 297
100 110 767 308
100 111 234 1
101 102 127 237
101 103 179 178
101 104 661 13
101 105 63 79
101 106 193 206
101 107 862 48
101 108 692 301
101 109 394 51
101 110 690 130
101 111 498 177
102 112 930 301
102 113 655 144
102 114 937 43
102 115 1 278
102 116 126 314
102 117 384 295
102 118 808 285
102 119 987 17
102 120 351 300
102 121 459 118
103 112 74 201
103 113 199 169
103 114 637 301
103 115 914 321
103 116 558 95
103 117 434 257
103 118 554 264
103 119 383 149
103 120 793 89
103 121 78 227
104 112 109 323
104 113 324 92
104 114 579 240
104 115 630 204
104 116 442 338
104 117 41 301
104 118 773 146
104 119 450 121
104 120 214 256
104 121 714 100
105 112 228 287
105 113 225 248
105 114 640 118
105 115 994 255
105 116 430 108
105 117 722 182
105 118 778 278
105 119 46 310
105 120 913 255
105 121 864 256
106 112 492 251
106 113 272 252
106 114 341 196
106 115 793 256
106 116 116 209
106 117 442 183
106 118 937 20
106 119 5 172
106 120 636 150
106 121 589 131
107 112 267 64
107 113 60 289
107 114 459 333
107 115 539 252
107 116 465 142
107 117 317 304
107 118 200 205
107 119 281 94
107 120 562 29
107 121 320 241
108 112 557 334
108 113 679 62
108 114 772 337
108 115 56 119
108 116 788 349
108 117 198 315
108 118 677 12
108 119 7 208
108 120 735 83
108 121 75 95
109 112 514 9
109 113 35 235
109 114 483 54
109 115 941 306
109 116 557 166
109 117 482 97
109 118 811 236
109 119 343 150
109 120 893 246
109 121 919 262
110 112 845 122
110 113 288 354
110 114 335 346
110 115 891 194
110 116 115 298
110 117 282 31
110 118 898 257
110 119 401 172
110 120 668 154
110 121 831 190
111 112 19 5
111 113 382 23
111 114 680 165
111 115 33 168
111 116 294 170
111 117 330 307
111 118 61 136
111 119 276 25
111 120 749 43
111 121 810 308
112 122 325 38
112 123 174 89
112 124 540 4
112 125 542 208
112 126 397 131
112 127 953 124
112 128 795 201
112 129 477 204
112 130 866 155
112 131 840 131
113 122 547 87
113 123 918 79
113 124 482 197
113 125 875 31
113 126 34 172
113 127 503 50
113 128 571 189
113 129 390 296
113 130 658 21
113 131 33 86
114 122 545 152
114 123 400 137
114 124 818 288
114 125 954 129
114 126 842 93
114 127 135 343
114 128 674 96
114 129 150 222
114 130 248 127
114 131 512 145
115 122 26 141
115 123 300 70
115 124 49 207
115 125 70 332
115 126 357 339
115 127 303 24
115 128 978 185
115 129 906 145
115 130 990 217
115 131 627 140
116 122 620 275
116 123 414 163
116 124 417 57
116 125 349 189
116 126 327 308
116 127 912 344
116 128 330 301
116 129 224 176
116 130 37 182
116 131 978 46
117 122 555 78
117 123 825 116
117 124 240 142
117 125 737 339
117 126 302 34
117 127 81 55
117 128 950 285
117 129 923 352
117 130 955 216
117 131 194 200
118 122 354 25
118 123 24 8
118 124 442 112
118 125 967 328
118 126 111 290
118 127 66 291
118 128 112 140
118 129 173 236
118 130 182 315
118 131 963 47
119 122 499 189
119 123 871 92
119 124 652 98
119 125 597 141
119 126 429 17
119 127 310 335
119 128 480 256
119 129 234 300
119 130 832 343
119 131 226 275
120 122 712 82
120 123 720 172
120 124 802 259
120 125 861 247
120 126 994 41
120 127 565 121
120 128 588 190
120 129 228 254
120 130 486 118
120 131 815 71
121 122 969 22
121 123 553 183
121 124 505 180
121 125 649 171
121 126 515 296
121 127 757 64
121 128 222 261
121 129 508 266
121 130 998 79
121 131 865 8
122 132 923 224
122 133 677 161
122 134 329 220
122 135 358 265
122 136 996 258
122 137 371 271
122 138 682 336
122 139 786 89
122 140 808 262
122 141 410 272
123 132 497 79
123 133 388 62
123 134 200 285
123 135 649 40
123 136 463 332
123 137 901 305
123 138 263 204
123 139 727 184
123 140 199 320
123 141 966 65
124 132 641 287
124 133 131 336
124 134 746 49
124 135 75 65
124 136 28 224
124 137 499 98
124 138 657 37
124 139 714 87
124 140 343 20
124 141 209 29
125 132 28 237
125 133 65 311
125 134 569 318
125 135 43 299
125 136 934 296
125 137 514 169
125 138 520 197
125 139 108 122
125 140 242 82
125 141 832 143
126 132 941 152
126 133 371 348
126 134 897 89
126 135 129 277
126 136 243 217
126 137 596 136
126 138 28 17
126 139 491 16
126 140 179 143
126 141 917 252
127 132 831 151
127 133 280 182
127 134 451 164
127 135 869 124
127 136 631 82
127 137 623 317
127 138 693 290
127 139 459 305
127 140 245 240
127 141 228 5
128 132 95 190
128 133 445 9
128 134 317 166
128 135 73 92
128 136 112 319
128 137 668 137
128 138 885 155
128 139 238 169
128 140 311 181
128 141 889 344
129 132 494 172
129 133 42 161
129 134 161 197
129 135 656 326
129 136 736 34
129 137 890 275
129 138 622 151
129 139 547 341
129 140 494 65
129 141 410 37
130 132 688 310
130 133 372 80
130 134 390 26
130 135 750 3
130 136 706 16
130 137 29 94
130 138 746 354
130 139 479 141
130 140 960 78
130 141 69 295
131 132 970 265
131 133 20 321
131 134 982 200
131 135 99 82
131 136 222 16
131 137 619 321
131 138 990 175
131 139 4 226
131 140 408 345
131 141 296 269
132 142 1000 339
132 143 885 12
132 144 805 305
132 145 697 15
132 146 868 63
132 147 654 311
132 148 522 117
132 149 660 30
132 150 909 232
132 151 546 344
133 142 7 244
133 143 79 80
133 144 890 150
133 145 966 29
133 146 857 191
133 147 225 251
133 148 507 85
133 149 122 87
133 150 539 139
133 151 469 299
134 142 951 169
134 143 532 312
134 144 813 270
134 145 77 79
134 146 117 45
134 147 314 329
134 148 388 327
134 149 483 351
134 150 669 48
134 151 460 234
135 142 690 306
135 143 568 142
135 144 367 171
135 145 369 197
135 146 891 2
135 147 15 337
135 148 561 104
135 149 578 199
135 150 852 214
135 151 544 267
136 142 338 188
136 143 542 177
136 144 918 190
136 145 508 41
136 146 842 200
136 147 330 275
136 148 270 278
136 149 989 314
136 150 741 162
136 151 670 101
137 142 440 219
137 143 526 54
137 144 833 197
137 145 139 2
137 146 312 339
137 147 196 58
137 148 533 15
137 149 771 222
137 150 65 225
137 151 767 294
138 142 155 327
138 143 193 284
138 144 391 18
138 145 134 317
138 146 22 12
138 147 295 303
138 148 308 133
138 149 177 25
138 150 513 291
138 151 238 150
139 142 971 214
139 143 491 33
139 144 48 350
139 145 188 338
139 146 333 290
139 147 703 327
139 148 217 253
139 149 269 327
139 150 367 336
139 151 232 184
140 142 424 10
140 143 514 76
140 144 93 47
140 145 866 239
140 146 7 69
140 147 280 215
140 148 614 5
140 149 949 157
140 150 219 43
140 151 551 146
141 142 346 248
141 143 609 79
141 144 851 40
141 145 756 30
141 146 892 247
141 147 212 267
141 148 711 66
141 149 507 315
141 150 748 132
141 151 300 265
142 152 159 59
143 152 467 341
144 152 304 330
145 152 124 272
146 152 831 187
147 152 893 193
148 152 30 248
149 152 895 325
150 152 592 60
151 152 871 230
