152 1430 1 152 7 358
1 2 713 99
1 3 398 300
1 4 914 202
1 5 578 130
1 6 673 60
1 7 564 149
1 8 652 310
1 9 153 20
1 10 634 309
1 11 865 240
1 141 19417 130
2 12 82 176
2 13 90 53
2 14 957 341
2 15 360 12
2 16 760 262
2 17 22 292
2 18 622 211
2 19 946 178
2 20 848 168
2 21 970 179
3 12 387 257
3 13 844 93
3 14 709 168
3 15 325 343
3 16 986 49
3 17 803 99
3 18 734 74
3 19 75 55
3 20 476 132
3 21 423 9
4 12 305 357
4 13 39 156
4 14 123 149
4 15 980 33
4 16 798 48
4 17 902 355
4 18 16 168
4 19 113 38
4 20 844 238
4 21 86 150
5 12 383 126
5 13 901 245
5 14 201 88
5 15 929 54
5 16 453 93
5 17 361 1
5 18 467 200
5 19 756 297
5 20 194 198
5 21 869 98
6 12 185 167
6 13 879 131
6 14 20 105
6 15 701 161
6 16 67 236
6 17 123 193
6 18 521 241
6 19 993 260
6 20 794 295
6 21 330 316
7 12 757 203
7 13 122 153
7 14 163 73
7 15 146 207
7 16 721 202
7 17 510 24
7 18 314 161
7 19 843 247
7 20 584 264
7 21 773 213
8 12 1000 251
8 13 220 43
8 14 574 91
8 15 707 144
8 16 880 334
8 17 971 169
8 18 839 63
8 19 435 276
8 20 268 158
8 21 63 48
9 12 35 352
9 13 484 204
9 14 710 256
9 15 371 36
9 16 704 80
9 17 474 176
9 18 340 282
9 19 40 320
9 20 565 290
9 21 21 111
10 12 982 15
10 13 745 149
10 14 194 337
10 15 869 299
10 16 703 8
10 17 473 63
10 18 906 356
10 19 602 239
10 20 797 350
10 21 518 180
11 12 808 215
11 13 98 170
11 14 952 77
11 15 666 108
11 16 356 7
11 17 124 292
11 18 276 332
11 19 942 297
11 20 177 234
11 21 818 119
12 22 334 259
12 23 694 3
12 24 149 287
12 25 445 301
12 26 374 259
12 27 639 195
12 28 281 153
12 29 528 231
12 30 452 297
12 31 883 306
13 22 390 223
13 23 120 247
13 24 730 246
13 25 752 130
13 26 712 258
13 27 254 327
13 28 141 322
13 29 749 1
13 30 799 177
13 31 714 19
14 22 26 164
14 23 819 136
14 24 527 90
14 25 407 276
14 26 497 145
14 27 915 203
14 28 920 237
14 29 693 243
14 30 405 23
14 31 869 285
14 84 21367 33
15 22 58 355
15 23 834 40
15 24 522 219
15 25 589 44
15 26 534 82
15 27 508 293
15 28 285 246
15 29 944 209
15 30 911 179
15 31 227 15
15 57 26090 220
16 22 337 17
16 23 550 260
16 24 334 114
16 25 805 257
16 26 313 229
16 27 414 355
16 28 686 99
16 29 984 286
16 30 851 172
16 31 489 246
17 22 143 317
17 23 933 141
17 24 755 205
17 25 739 329
17 26 201 60
17 27 827 355
17 28 859 256
17 29 412 263
17 30 43 234
17 31 115 193
18 22 197 344
18 23 887 266
18 24 360 312
18 25 810 140
18 26 41 174
18 27 864 145
18 28 229 101
18 29 604 173
18 30 594 195
18 31 884 249
19 22 490 238
19 23 815 97
19 24 578 337
19 25 180 74
19 26 760 73
19 27 859 25
19 28 374 352
19 29 971 274
19 30 295 170
19 31 762 264
20 22 617 24
20 23 363 254
20 24 768 208
20 25 584 270
20 26 465 143
20 27 142 115
20 28 845 328
20 29 828 227
20 30 767 74
20 31 833 234
21 22 691 250
21 23 139 131
21 24 843 74
21 25 161 142
21 26 801 65
21 27 522 208
21 28 842 247
21 29 143 344
21 30 810 16
21 31 840 344
22 32 398 45
22 33 334 115
22 34 875 256
22 35 440 191
22 36 618 259
22 37 477 104
22 38 838 253
22 39 17 307
22 40 711 226
22 41 961 177
23 32 318 23
23 33 21 320
23 34 693 143
23 35 746 327
23 36 20 321
23 37 276 72
23 38 311 344
23 39 210 87
23 40 640 3
23 41 834 342
24 32 669 108
24 33 743 299
24 34 911 195
24 35 786 255
24 36 943 78
24 37 500 279
24 38 932 178
24 39 902 42
24 40 685 49
24 41 2 345
24 53 24274 36
25 32 918 94
25 33 671 2
25 34 231 144
25 35 886 212
25 36 443 32
25 37 536 2
25 38 45 48
25 39 206 153
25 40 693 158
25 41 241 333
26 32 291 212
26 33 217 231
26 34 480 17
26 35 260 190
26 36 918 90
26 37 539 4
26 38 966 314
26 39 54 132
26 40 503 184
26 41 510 308
27 32 385 227
27 33 651 259
27 34 76 281
27 35 392 107
27 36 747 101
27 37 205 339
27 38 292 244
27 39 976 65
27 40 628 252
27 41 247 163
28 32 960 137
28 33 52 276
28 34 633 314
28 35 976 9
28 36 467 32
28 37 133 30
28 38 332 179
28 39 327 332
28 40 112 215
28 41 407 347
29 32 495 11
29 33 431 166
29 34 977 312
29 35 47 352
29 36 389 270
29 37 176 163
29 38 61 325
29 39 537 338
29 40 60 72
29 41 616 19
30 32 677 356
30 33 409 42
30 34 924 257
30 35 415 300
30 36 1 307
30 37 861 178
30 38 581 72
30 39 803 41
30 40 65 11
30 41 759 255
31 32 364 187
31 33 572 21
31 34 844 192
31 35 195 343
31 36 905 15
31 37 334 50
31 38 786 281
31 39 227 200
31 40 438 233
31 41 710 5
32 42 707 354
32 43 952 265
32 44 586 285
32 45 604 326
32 46 210 321
32 47 182 303
32 48 205 174
32 49 510 38
32 50 950 242
32 51 949 107
33 42 935 320
33 43 227 302
33 44 16 163
33 45 279 96
33 46 391 83
33 47 630 61
33 48 249 241
33 49 144 173
33 50 953 65
33 51 292 89
34 42 354 35
34 43 621 109
34 44 76 49
34 45 149 111
34 46 504 144
34 47 900 117
34 48 526 118
34 49 624 151
34 50 787 125
34 51 589 184
35 42 853 285
35 43 60 16
35 44 663 147
35 45 812 57
35 46 811 231
35 47 490 231
35 48 238 118
35 49 886 86
35 50 357 306
35 51 619 139
36 42 866 183
36 43 878 142
36 44 72 205
36 45 429 152
36 46 557 117
36 47 689 217
36 48 38 247
36 49 17 345
36 50 442 323
36 51 201 95
37 42 959 317
37 43 668 357
37 44 688 213
37 45 579 194
37 46 636 112
37 47 430 59
37 48 409 205
37 49 235 244
37 50 644 20
37 51 585 343
38 42 985 358
38 43 233 115
38 44 907 54
38 45 587 1
38 46 976 338
38 47 461 351
38 48 226 62
38 49 556 48
38 50 134 71
38 51 453 232
39 42 505 110
39 43 615 82
39 44 662 89
39 45 258 276
39 46 374 340
39 47 718 109
39 48 287 171
39 49 5 12
39 50 571 263
39 51 706 157
40 42 65 206
40 43 276 320
40 44 840 70
40 45 52 230
40 46 280 14
40 47 579 282
40 48 353 286
40 49 755 206
40 50 636 140
40 51 328 346
41 42 387 306
41 43 832 130
41 44 809 343
41 45 397 346
41 46 30 356
41 47 599 328
41 48 288 242
41 49 855 190
41 50 135 212
41 51 485 84
42 52 137 214
42 53 823 149
42 54 725 32
42 55 405 180
42 56 162 155
42 57 370 335
42 58 961 73
42 59 904 162
42 60 765 314
42 61 256 280
43 52 728 174
43 53 385 88
43 54 167 314
43 55 761 283
43 56 135 219
43 57 618 37
43 58 833 316
43 59 874 351
43 60 824 201
43 61 247 302
44 52 64 81
44 53 39 80
44 54 488 210
44 55 583 219
44 56 723 293
44 57 968 212
44 58 649 109
44 59 872 172
44 60 521 62
44 61 769 28
45 52 134 220
45 53 881 222
45 54 494 329
45 55 619 129
45 56 217 124
45 57 898 314
45 58 514 121
45 59 83 169
45 60 146 2
45 61 215 205
46 52 8 184
46 53 256 357
46 54 172 49
46 55 723 5
46 56 398 118
46 57 879 277
46 58 741 93
46 59 568 207
46 60 223 74
46 61 317 204
47 52 365 174
47 53 953 188
47 54 165 9
47 55 834 252
47 56 475 141
47 57 176 299
47 58 572 303
47 59 162 108
47 60 988 235
47 61 442 135
48 52 210 301
48 53 227 174
48 54 564 230
48 55 589 279
48 56 367 27
48 57 972 221
48 58 546 92
48 59 37 13
48 60 662 200
48 61 253 8
49 52 522 53
49 53 687 311
49 54 557 311
49 55 101 161
49 56 841 2
49 57 332 21
49 58 958 154
49 59 719 6
49 60 821 186
49 61 626 325
50 52 504 306
50 53 524 326
50 54 421 201
50 55 203 316
50 56 132 93
50 57 982 57
50 58 28 128
50 59 645 259
50 60 534 258
50 61 336 127
51 52 933 174
51 53 281 103
51 54 214 294
51 55 718 90
51 56 397 272
51 57 63 263
51 58 3 221
51 59 929 345
51 60 857 285
51 61 352 34
52 62 666 324
52 63 985 248
52 64 162 141
52 65 783 160
52 66 930 92
52 67 218 152
52 68 625 3
52 69 726 236
52 70 632 87
52 71 864 34
53 62 500 323
53 63 644 6
53 64 870 65
53 65 10 84
53 66 412 329
53 67 955 234
53 68 139 229
53 69 184 105
53 70 41 30
53 71 303 130
54 62 825 254
54 63 673 242
54 64 492 210
54 65 855 305
54 66 781 169
54 67 3 280
54 68 174 351
54 69 359 89
54 70 476 354
54 71 703 122
55 62 502 269
55 63 193 149
55 64 805 233
55 65 750 100
55 66 597 210
55 67 198 116
55 68 378 111
55 69 636 153
55 70 521 133
55 71 849 111
56 62 530 340
56 63 111 85
56 64 801 205
56 65 546 229
56 66 618 238
56 67 958 348
56 68 837 219
56 69 980 278
56 70 13 98
56 71 83 122
57 62 900 310
57 63 961 149
57 64 82 256
57 65 301 136
57 66 858 30
57 67 744 147
57 68 271 63
57 69 745 183
57 70 337 341
57 71 295 46
58 62 973 222
58 63 159 5
58 64 969 230
58 65 599 202
58 66 409 297
58 67 714 131
58 68 808 335
58 69 32 110
58 70 516 82
58 71 224 348
59 62 738 70
59 63 969 168
59 64 614 172
59 65 902 320
59 66 54 79
59 67 563 186
59 68 397 26
59 69 297 228
59 70 73 75
59 71 405 239
59 83 26732 97
60 62 449 28
60 63 841 339
60 64 226 212
60 65 647 355
60 66 218 274
60 67 129 69
60 68 202 357
60 69 245 227
60 70 157 288
60 71 63 149
61 62 167 346
61 63 926 241
61 64 944 215
61 65 254 243
61 66 454 124
61 67 856 25
61 68 982 261
61 69 767 203
61 70 151 89
61 71 526 228
61 97 19139 348
62 72 891 58
62 73 844 264
62 74 209 210
62 75 201 158
62 76 755 97
62 77 103 349
62 78 579 50
62 79 711 82
62 80 350 238
62 81 337 292
63 72 563 12
63 73 815 202
63 74 862 30
63 75 45 262
63 76 513 247
63 77 851 52
63 78 500 186
63 79 806 332
63 80 615 335
63 81 683 145
64 72 955 329
64 73 574 119
64 74 921 204
64 75 592 83
64 76 67 235
64 77 194 325
64 78 758 69
64 79 409 212
64 80 598 166
64 81 130 1
65 72 851 72
65 73 89 267
65 74 736 169
65 75 727 130
65 76 523 137
65 77 683 191
65 78 510 355
65 79 220 33
65 80 647 104
65 81 92 318
66 72 407 118
66 73 272 220
66 74 145 121
66 75 957 207
66 76 128 254
66 77 635 180
66 78 639 73
66 79 982 83
66 80 272 25
66 81 916 156
67 72 137 287
67 73 591 243
67 74 732 51
67 75 616 274
67 76 306 26
67 77 129 216
67 78 624 208
67 79 403 92
67 80 269 270
67 81 75 37
68 72 365 313
68 73 840 120
68 74 561 168
68 75 40 224
68 76 550 321
68 77 499 100
68 78 480 100
68 79 459 306
68 80 955 288
68 81 148 135
69 72 712 145
69 73 97 209
69 74 687 322
69 75 837 349
69 76 938 295
69 77 311 10
69 78 907 222
69 79 529 345
69 80 948 66
69 81 718 103
70 72 6 109
70 73 922 17
70 74 822 239
70 75 74 353
70 76 323 336
70 77 631 94
70 78 385 261
70 79 236 272
70 80 955 198
70 81 903 219
70 139 19739 61
71 72 651 345
71 73 829 168
71 74 730 42
71 75 166 258
71 76 76 260
71 77 8 168
71 78 144 318
71 79 1000 16
71 80 291 141
71 81 492 174
72 82 577 198
72 83 838 313
72 84 24 58
72 85 680 91
72 86 157 119
72 87 450 37
72 88 695 176
72 89 230 341
72 90 747 34
72 91 268 64
73 82 791 73
73 83 762 133
73 84 337 104
73 85 898 259
73 86 395 217
73 87 133 194
73 88 633 142
73 89 421 23
73 90 28 246
73 91 2 175
74 82 669 110
74 83 110 98
74 84 882 146
74 85 74 307
74 86 73 338
74 87 343 282
74 88 822 111
74 89 212 112
74 90 363 247
74 91 38 217
75 82 685 37
75 83 318 122
75 84 591 244
75 85 666 240
75 86 469 206
75 87 159 11
75 88 820 218
75 89 203 283
75 90 505 48
75 91 636 206
75 118 29488 59
76 82 989 235
76 83 57 15
76 84 963 358
76 85 110 45
76 86 683 4
76 87 545 28
76 88 482 106
76 89 692 351
76 90 808 3
76 91 25 153
77 82 122 130
77 83 987 51
77 84 26 268
77 85 235 186
77 86 578 236
77 87 775 111
77 88 6 244
77 89 310 217
77 90 806 145
77 91 211 280
78 82 473 118
78 83 298 157
78 84 461 300
78 85 25 84
78 86 71 243
78 87 804 28
78 88 313 138
78 89 334 101
78 90 949 12
78 91 416 326
79 82 38 212
79 83 620 10
79 84 523 256
79 85 722 312
79 86 385 90
79 87 31 313
79 88 834 341
79 89 118 169
79 90 540 264
79 91 621 343
80 82 501 56
80 83 80 74
80 84 769 190
80 85 359 66
80 86 681 228
80 87 927 290
80 88 295 198
80 89 907 238
80 90 562 275
80 91 80 290
81 82 968 223
81 83 848 289
81 84 218 177
81 85 447 119
81 86 971 83
81 87 636 270
81 88 325 251
81 89 325 174
81 90 322 108
81 91 226 5
82 92 141 44
82 93 559 47
82 94 935 296
82 95 510 288
82 96 892 148
82 97 279 285
82 98 765 151
82 99 360 48
82 100 148 222
82 101 571 204
83 92 259 238
83 93 400 69
83 94 852 243
83 95 980 233
83 96 746 181
83 97 616 65
83 98 345 15
83 99 163 250
83 100 604 207
83 101 526 337
84 92 897 184
84 93 811 141
84 94 713 63
84 95 789 87
84 96 280 267
84 97 713 157
84 98 861 291
84 99 787 67
84 100 773 126
84 101 480 173
85 92 947 224
85 93 312 345
85 94 597 192
85 95 634 15
85 96 991 277
85 97 442 172
85 98 58 281
85 99 197 327
85 100 377 319
85 101 333 145
86 92 489 204
86 93 576 216
86 94 146 28
86 95 387 303
86 96 728 84
86 97 676 189
86 98 842 111
86 99 847 117
86 100 771 78
86 101 832 136
87 92 636 179
87 93 63 185
87 94 365 18
87 95 592 83
87 96 218 355
87 97 467 218
87 98 452 152
87 99 817 217
87 100 492 163
87 101 301 38
88 92 877 226
88 93 417 40
88 94 637 299
88 95 856 36
88 96 671 323
88 97 521 25
88 98 398 58
88 99 317 17
88 100 490 191
88 101 876 344
89 92 459 93
89 93 150 9
89 94 995 125
89 95 69 354
89 96 315 12
89 97 500 211
89 98 578 335
89 99 871 328
89 100 97 211
89 101 985 170
90 92 872 295
90 93 776 90
90 94 360 108
90 95 253 89
90 96 761 96
90 97 545 17
90 98 198 126
90 99 437 288
90 100 109 279
90 101 9 121
91 92 47 61
91 93 597 319
91 94 360 16
91 95 934 4
91 96 25 187
91 97 986 108
91 98 357 232
91 99 313 150
91 100 385 326
91 101 167 245
92 102 477 309
92 103 895 271
92 104 92 94
92 105 867 11
92 106 469 221
92 107 922 64
92 108 670 326
92 109 787 91
92 110 35 307
92 111 734 157
93 102 476 95
93 103 775 339
93 104 588 34
93 105 143 28
93 106 704 87
93 107 311 284
93 108 671 199
93 109 429 136
93 110 70 243
93 111 236 344
94 102 191 192
94 103 211 284
94 104 311 93
94 105 661 273
94 106 302 142
94 107 961 326
94 108 982 268
94 109 328 306
94 110 838 265
94 111 249 44
95 102 403 193
95 103 180 52
95 104 578 105
95 105 173 100
95 106 341 38
95 107 622 274
95 108 422 352
95 109 519 254
95 110 914 346
95 111 528 91
96 102 250 198
96 103 46 204
96 104 436 208
96 105 333 10
96 106 521 46
96 107 278 271
96 108 838 238
96 109 432 224
96 110 179 135
96 111 8 302
97 102 596 161
97 103 441 168
97 104 103 355
97 105 915 127
97 106 387 142
97 107 967 318
97 108 152 55
97 109 930 235
97 110 201 259
97 111 729 298
98 102 847 214
98 103 179 251
98 104 70 305
98 105 958 200
98 106 383 278
98 107 393 330
98 108 557 333
98 109 973 194
98 110 851 353
98 111 14 262
99 102 827 356
99 103 98 98
99 104 891 3
99 105 733 141
99 106 682 140
99 107 557 171
99 108 202 30
99 109 795 41
99 110 281 134
99 111 394 249
100 102 415 337
100 103 533 248
100 104 953 170
100 105 148 180
100 106 988 89
100 107 65 241
100 108 972 331
100 109 463 317
100 110 245 224
100 111 914 234
101 102 455 166
101 103 446 111
101 104 589 305
101 105 608 131
101 106 23 194
101 107 299 302
101 108 327 221
101 109 992 356
101 110 448 90
101 111 341 323
102 112 716 105
102 113 693 224
102 114 55 71
102 115 3 212
102 116 161 194
102 117 478 56
102 118 656 283
102 119 325 225
102 120 911 341
102 121 382 167
103 112 534 100
103 113 143 29
103 114 688 79
103 115 748 263
103 116 664 25
103 117 268 4
103 118 958 137
103 119 666 213
103 120 557 277
103 121 124 68
104 112 692 289
104 113 63 32
104 114 448 256
104 115 359 282
104 116 802 156
104 117 564 292
104 118 124 172
104 119 419 76
104 120 19 237
104 121 797 108
105 112 630 210
105 113 201 26
105 114 611 62
105 115 11 22
105 116 287 241
105 117 517 227
105 118 18 53
105 119 993 171
105 120 670 99
105 121 889 202
105 141 23601 127
106 112 600 177
106 113 625 262
106 114 493 186
106 115 164 37
106 116 714 248
106 117 743 313
106 118 183 346
106 119 717 240
106 120 851 307
106 121 441 125
107 112 976 8
107 113 796 29
107 114 872 14
107 115 805 175
107 116 141 128
107 117 452 186
107 118 937 20
107 119 938 239
107 120 207 297
107 121 323 308
108 112 830 93
108 113 901 245
108 114 138 226
108 115 133 158
108 116 275 145
108 117 803 353
108 118 980 89
108 119 139 165
108 120 929 49
108 121 363 176
109 112 437 135
109 113 743 202
109 114 802 353
109 115 294 270
109 116 534 77
109 117 920 98
109 118 582 303
109 119 876 284
109 120 686 127
109 121 977 121
110 112 37 289
110 113 939 243
110 114 129 26
110 115 731 171
110 116 411 135
110 117 413 283
110 118 935 74
110 119 764 113
110 120 621 126
110 121 281 127
111 112 360 88
111 113 759 79
111 114 844 296
111 115 560 205
111 116 126 250
111 117 277 30
111 118 533 254
111 119 931 156
111 120 688 109
111 121 748 53
112 122 893 343
112 123 883 144
112 124 848 240
112 125 662 91
112 126 809 271
112 127 156 189
112 128 483 166
112 129 818 340
112 130 720 205
112 131 540 286
113 122 226 266
113 123 745 316
113 124 688 102
113 125 738 332
113 126 682 272
113 127 440 298
113 128 843 47
113 129 263 62
113 130 109 334
113 131 954 37
114 122 43 226
114 123 127 45
114 124 663 127
114 125 61 56
114 126 435 37
114 127 665 57
114 128 368 131
114 129 437 230
114 130 972 85
114 131 228 96
115 122 231 149
115 123 347 8
115 124 875 25
115 125 165 176
115 126 817 319
115 127 855 159
115 128 339 326
115 129 451 254
115 130 267 4
115 131 583 202
116 122 873 58
116 123 781 32
116 124 274 323
116 125 682 210
116 126 726 9
116 127 560 187
116 128 622 123
116 129 596 12
116 130 15 43
116 131 646 14
117 122 617 93
117 123 445 218
117 124 987 324
117 125 980 9
117 126 426 189
117 127 309 329
117 128 580 236
117 129 696 348
117 130 127 81
117 131 508 233
118 122 488 156
118 123 845 337
118 124 764 21
118 125 530 189
118 126 283 221
118 127 697 113
118 128 146 309
118 129 855 39
118 130 565 82
118 131 840 183
119 122 819 239
119 123 685 126
119 124 577 264
119 125 162 83
119 126 2 125
119 127 285 106
119 128 282 48
119 129 312 328
119 130 324 339
119 131 636 196
120 122 763 298
120 123 359 155
120 124 413 123
120 125 534 97
120 126 206 179
120 127 963 127
120 128 137 353
120 129 234 154
120 130 681 45
120 131 248 288
121 122 169 167
121 123 668 322
121 124 962 17
121 125 657 171
121 126 225 114
121 127 459 77
121 128 54 45
121 129 572 202
121 130 417 180
121 131 441 266
122 132 259 290
122 133 352 159
122 134 107 191
122 135 175 344
122 136 225 277
122 137 602 333
122 138 213 15
122 139 299 70
122 140 926 327
122 141 717 151
123 132 92 194
123 133 778 72
123 134 621 343
123 135 773 291
123 136 761 94
123 137 501 95
123 138 921 236
123 139 373 290
123 140 722 44
123 141 331 161
124 132 740 132
124 133 611 151
124 134 99 147
124 135 577 49
124 136 462 294
124 137 474 7
124 138 420 337
124 139 948 275
124 140 334 240
124 141 193 68
125 132 907 255
125 133 4 167
125 134 603 327
125 135 551 138
125 136 546 11
125 137 63 6
125 138 208 69
125 139 410 233
125 140 651 255
125 141 998 81
126 132 76 265
126 133 281 45
126 134 89 44
126 135 253 17
126 136 31 190
126 137 259 356
126 138 395 45
126 139 585 350
126 140 778 227
126 141 943 30
127 132 246 62
127 133 745 111
127 134 560 107
127 135 296 39
127 136 677 99
127 137 80 248
127 138 279 226
127 139 704 236
127 140 6 286
127 141 14 219
127 145 24552 232
128 132 846 135
128 133 283 357
128 134 39 213
128 135 534 158
128 136 239 228
128 137 409 11
128 138 328 151
128 139 892 96
128 140 2 227
128 141 395 287
129 132 265 355
129 133 38 158
129 134 498 242
129 135 856 116
129 136 635 168
129 137 75 158
129 138 74 330
129 139 533 333
129 140 604 302
129 141 150 3
130 132 137 317
130 133 54 216
130 134 70 334
130 135 67 47
130 136 763 34
130 137 52 354
130 138 409 259
130 139 864 154
130 140 733 207
130 141 139 80
131 132 865 207
131 133 485 236
131 134 781 37
131 135 472 96
131 136 429 272
131 137 738 95
131 138 765 261
131 139 617 270
131 140 404 224
131 141 253 253
132 142 989 222
132 143 86 131
132 144 117 131
132 145 854 212
132 146 639 60
132 147 267 341
132 148 294 193
132 149 577 62
132 150 934 329
132 151 680 318
133 142 796 310
133 143 335 256
133 144 985 8
133 145 991 168
133 146 486 239
133 147 351 219
133 148 540 202
133 149 209 62
133 150 874 56
133 151 79 62
134 142 94 115
134 143 49 264
134 144 862 296
134 145 876 357
134 146 197 254
134 147 282 224
134 148 226 127
134 149 867 177
134 150 372 196
134 151 866 261
135 142 8 256
135 143 142 86
135 144 848 258
135 145 564 42
135 146 670 137
135 147 352 6
135 148 682 28
135 149 471 254
135 150 417 93
135 151 40 21
136 142 800 27
136 143 566 26
136 144 672 30
136 145 837 73
136 146 129 276
136 147 40 261
136 148 932 190
136 149 986 1
136 150 948 180
136 151 710 168
137 142 72 170
137 143 878 230
137 144 436 46
137 145 439 77
137 146 510 35
137 147 540 310
137 148 924 246
137 149 93 36
137 150 301 172
137 151 771 100
138 142 465 283
138 143 322 324
138 144 27 196
138 145 464 261
138 146 725 62
138 147 180 67
138 148 626 150
138 149 934 326
138 150 330 293
138 151 493 313
139 142 846 205
139 143 820 312
139 144 878 223
139 145 707 312
139 146 855 325
139 147 893 18
139 148 795 296
139 149 16 22
139 150 987 238
139 151 797 90
140 142 335 225
140 143 153 107
140 144 999 64
140 145 57 327
140 146 889 29
140 147 741 66
140 148 368 42
140 149 956 120
140 150 34 284
140 151 605 30
141 142 303 216
141 143 672 307
141 144 68 119
141 145 583 95
141 146 36 41
141 147 943 211
141 148 649 8
141 149 77 14
141 150 913 223
141 151 754 310
142 152 221 1
143 152 766 333
144 152 577 60
145 152 105 338
146 152 126 124
147 152 915 241
148 152 231 238
149 152 533 53
150 152 709 264
151 152 951 232
