152 1447 1 152 7 362
1 2 418 231
1 3 187 58
1 4 607 320
1 5 786 1
1 6 968 339
1 7 292 299
1 8 921 136
1 9 352 289
1 10 631 129
1 11 59 232
1 99 27564 237
2 12 394 105
2 13 110 133
2 14 680 214
2 15 405 199
2 16 129 316
2 17 370 139
2 18 292 325
2 19 164 328
2 20 318 179
2 21 67 34
3 12 616 23
3 13 743 57
3 14 89 88
3 15 655 7
3 16 902 63
3 17 633 357
3 18 184 221
3 19 33 57
3 20 337 304
3 21 608 275
3 45 16404 22
3 74 16823 275
4 12 234 177
4 13 553 121
4 14 887 15
4 15 734 321
4 16 637 201
4 17 479 263
4 18 419 63
4 19 648 73
4 20 602 32
4 21 569 108
5 12 7 188
5 13 698 326
5 14 364 202
5 15 311 310
5 16 766 164
5 17 674 19
5 18 243 11
5 19 1000 56
5 20 50 112
5 21 145 45
6 12 389 185
6 13 694 33
6 14 431 49
6 15 513 166
6 16 813 79
6 17 602 355
6 18 695 238
6 19 260 109
6 20 36 127
6 21 889 299
7 12 669 102
7 13 903 237
7 14 534 9
7 15 254 141
7 16 607 157
7 17 18 208
7 18 505 258
7 19 326 165
7 20 817 233
7 21 871 34
8 12 638 118
8 13 751 108
8 14 574 145
8 15 529 47
8 16 990 34
8 17 807 8
8 18 195 209
8 19 51 330
8 20 385 274
8 21 748 106
9 12 883 35
9 13 26 321
9 14 428 108
9 15 680 83
9 16 881 288
9 17 986 141
9 18 138 219
9 19 750 67
9 20 674 162
9 21 163 303
10 12 141 340
10 13 141 14
10 14 894 349
10 15 161 141
10 16 273 253
10 17 7 313
10 18 209 133
10 19 990 336
10 20 74 156
10 21 452 217
11 12 87 69
11 13 657 77
11 14 891 112
11 15 40 305
11 16 586 28
11 17 78 270
11 18 993 239
11 19 637 183
11 20 681 243
11 21 8 323
12 22 182 320
12 23 162 110
12 24 268 218
12 25 289 360
12 26 303 14
12 27 466 233
12 28 570 59
12 29 365 342
12 30 281 170
12 31 614 299
13 22 519 101
13 23 515 70
13 24 676 200
13 25 800 266
13 26 453 248
13 27 9 361
13 28 441 8
13 29 313 360
13 30 953 79
13 31 353 100
14 22 886 302
14 23 347 179
14 24 840 227
14 25 570 95
14 26 372 334
14 27 69 198
14 28 890 322
14 29 942 319
14 30 930 278
14 31 744 73
14 127 27889 354
15 22 873 125
15 23 435 2
15 24 10 294
15 25 223 159
15 26 675 334
15 27 270 70
15 28 454 338
15 29 338 175
15 30 527 254
15 31 559 314
16 22 98 292
16 23 116 143
16 24 502 311
16 25 989 275
16 26 848 225
16 27 240 224
16 28 884 59
16 29 758 337
16 30 46 200
16 31 813 231
17 22 991 164
17 23 716 296
17 24 103 351
17 25 375 26
17 26 974 43
17 27 1000 322
17 28 782 117
17 29 324 188
17 30 299 243
17 31 843 198
18 22 405 311
18 23 17 89
18 24 482 192
18 25 8 112
18 26 902 149
18 27 576 122
18 28 27 288
18 29 362 325
18 30 586 163
18 31 585 16
19 22 668 233
19 23 692 131
19 24 589 62
19 25 364 162
19 26 742 210
19 27 331 49
19 28 737 159
19 29 518 351
19 30 66 348
19 31 813 244
20 22 578 56
20 23 648 204
20 24 407 140
20 25 313 118
20 26 49 127
20 27 300 288
20 28 685 149
20 29 257 257
20 30 412 192
20 31 810 49
21 22 518 162
21 23 454 302
21 24 455 217
21 25 816 148
21 26 184 260
21 27 117 74
21 28 721 69
21 29 994 102
21 30 65 273
21 31 145 40
22 32 46 204
22 33 827 294
22 34 100 230
22 35 60 156
22 36 263 54
22 37 385 258
22 38 850 91
22 39 910 169
22 40 753 145
22 41 61 70
23 32 871 332
23 33 161 2
23 34 343 253
23 35 155 276
23 36 549 342
23 37 374 213
23 38 993 287
23 39 82 181
23 40 398 336
23 41 438 92
24 32 748 38
24 33 107 307
24 34 345 30
24 35 550 302
24 36 812 334
24 37 365 133
24 38 609 22
24 39 770 330
24 40 24 237
24 41 861 215
24 109 25293 267
25 32 790 71
25 33 985 121
25 34 539 185
25 35 361 305
25 36 390 60
25 37 815 128
25 38 350 211
25 39 542 205
25 40 793 23
25 41 976 113
26 32 449 25
26 33 526 46
26 34 918 296
26 35 598 354
26 36 716 20
26 37 562 312
26 38 553 254
26 39 227 310
26 40 673 19
26 41 935 238
27 32 76 327
27 33 966 122
27 34 656 350
27 35 411 211
27 36 926 272
27 37 70 4
27 38 492 157
27 39 700 191
27 40 644 249
27 41 331 1
28 32 746 287
28 33 851 250
28 34 42 22
28 35 724 36
28 36 903 358
28 37 788 16
28 38 578 126
28 39 341 334
28 40 74 149
28 41 568 64
29 32 991 283
29 33 551 175
29 34 512 135
29 35 874 178
29 36 706 255
29 37 40 330
29 38 646 232
29 39 270 185
29 40 635 329
29 41 896 206
29 140 28789 174
30 32 710 228
30 33 742 289
30 34 930 209
30 35 597 16
30 36 619 325
30 37 716 347
30 38 942 117
30 39 952 165
30 40 71 38
30 41 681 360
31 32 230 264
31 33 696 229
31 34 356 84
31 35 884 323
31 36 293 106
31 37 600 52
31 38 616 247
31 39 993 6
31 40 911 238
31 41 823 277
32 42 435 207
32 43 888 206
32 44 663 126
32 45 222 154
32 46 74 233
32 47 706 43
32 48 775 362
32 49 548 77
32 50 80 179
32 51 631 30
33 42 108 190
33 43 868 297
33 44 797 182
33 45 97 181
33 46 12 290
33 47 144 300
33 48 591 70
33 49 219 282
33 50 594 205
33 51 891 188
34 42 497 259
34 43 999 348
34 44 630 106
34 45 729 9
34 46 247 84
34 47 556 340
34 48 809 172
34 49 822 259
34 50 498 255
34 51 567 334
34 63 27359 185
35 42 521 25
35 43 787 237
35 44 632 197
35 45 463 228
35 46 119 200
35 47 974 55
35 48 952 31
35 49 785 215
35 50 936 330
35 51 390 177
35 90 20704 52
36 42 42 295
36 43 605 111
36 44 467 342
36 45 294 98
36 46 873 153
36 47 403 355
36 48 139 276
36 49 895 229
36 50 146 42
36 51 503 235
37 42 735 53
37 43 994 234
37 44 631 191
37 45 809 50
37 46 797 89
37 47 672 226
37 48 623 54
37 49 81 290
37 50 685 319
37 51 815 239
37 119 28242 72
38 42 149 6
38 43 800 8
38 44 362 69
38 45 750 181
38 46 383 7
38 47 77 88
38 48 129 72
38 49 996 221
38 50 565 239
38 51 275 262
39 42 948 45
39 43 98 229
39 44 683 227
39 45 644 325
39 46 180 359
39 47 108 330
39 48 230 349
39 49 990 151
39 50 389 59
39 51 239 295
40 42 71 226
40 43 473 173
40 44 968 179
40 45 544 269
40 46 873 224
40 47 998 243
40 48 922 151
40 49 598 180
40 50 97 278
40 51 156 281
41 42 988 347
41 43 562 120
41 44 880 290
41 45 702 163
41 46 791 15
41 47 48 194
41 48 683 229
41 49 351 130
41 50 459 111
41 51 384 256
41 130 29662 312
42 52 807 156
42 53 179 159
42 54 371 216
42 55 438 250
42 56 249 119
42 57 331 318
42 58 603 356
42 59 429 7
42 60 595 142
42 61 699 166
43 52 195 60
43 53 339 266
43 54 81 302
43 55 911 353
43 56 443 135
43 57 592 116
43 58 196 69
43 59 433 15
43 60 874 183
43 61 672 309
44 52 421 340
44 53 54 304
44 54 938 191
44 55 348 251
44 56 55 164
44 57 935 156
44 58 602 207
44 59 69 225
44 60 794 328
44 61 719 30
45 52 912 227
45 53 451 319
45 54 495 48
45 55 591 116
45 56 609 210
45 57 546 163
45 58 627 171
45 59 872 324
45 60 787 124
45 61 98 48
46 52 155 223
46 53 387 233
46 54 749 327
46 55 431 70
46 56 406 160
46 57 709 19
46 58 500 252
46 59 366 14
46 60 353 69
46 61 863 237
47 52 8 131
47 53 544 29
47 54 450 187
47 55 874 341
47 56 105 342
47 57 76 209
47 58 433 22
47 59 762 226
47 60 288 160
47 61 978 8
48 52 986 30
48 53 596 128
48 54 492 344
48 55 52 324
48 56 122 35
48 57 220 130
48 58 847 125
48 59 981 319
48 60 359 235
48 61 600 14
49 52 626 231
49 53 581 351
49 54 490 65
49 55 71 278
49 56 988 7
49 57 587 81
49 58 275 247
49 59 148 308
49 60 130 61
49 61 832 6
50 52 917 75
50 53 94 153
50 54 473 331
50 55 89 323
50 56 458 199
50 57 741 216
50 58 423 255
50 59 32 156
50 60 361 308
50 61 552 353
51 52 572 142
51 53 487 301
51 54 856 336
51 55 362 285
51 56 755 256
51 57 684 198
51 58 210 3
51 59 571 295
51 60 235 340
51 61 812 347
52 62 608 273
52 63 801 287
52 64 533 312
52 65 863 29
52 66 911 33
52 67 35 309
52 68 480 74
52 69 495 35
52 70 233 227
52 71 491 259
53 62 372 244
53 63 163 3
53 64 906 173
53 65 963 41
53 66 267 98
53 67 81 315
53 68 516 256
53 69 262 118
53 70 206 267
53 71 785 11
54 62 689 344
54 63 532 64
54 64 725 285
54 65 745 179
54 66 731 138
54 67 922 322
54 68 983 284
54 69 147 173
54 70 311 126
54 71 237 7
54 104 24584 152
55 62 412 355
55 63 724 139
55 64 818 207
55 65 649 233
55 66 291 259
55 67 152 328
55 68 604 307
55 69 302 157
55 70 360 88
55 71 969 108
56 62 20 59
56 63 867 341
56 64 917 316
56 65 990 226
56 66 750 21
56 67 515 292
56 68 652 78
56 69 151 218
56 70 550 213
56 71 351 170
56 144 22315 77
57 62 872 165
57 63 511 103
57 64 251 74
57 65 153 155
57 66 223 4
57 67 242 331
57 68 158 62
57 69 892 278
57 70 531 156
57 71 158 180
58 62 432 208
58 63 369 271
58 64 778 110
58 65 142 55
58 66 447 329
58 67 862 326
58 68 600 285
58 69 574 289
58 70 433 73
58 71 210 82
59 62 223 353
59 63 134 270
59 64 583 211
59 65 634 319
59 66 778 108
59 67 663 311
59 68 802 183
59 69 566 238
59 70 822 4
59 71 944 361
60 62 493 97
60 63 226 103
60 64 457 115
60 65 613 19
60 66 179 345
60 67 938 108
60 68 157 235
60 69 107 259
60 70 708 345
60 71 364 64
61 62 11 304
61 63 402 131
61 64 200 117
61 65 439 246
61 66 412 330
61 67 348 170
61 68 267 236
61 69 544 325
61 70 527 165
61 71 971 318
62 72 54 148
62 73 67 182
62 74 854 262
62 75 310 335
62 76 999 84
62 77 46 351
62 78 404 144
62 79 268 191
62 80 344 106
62 81 333 139
63 72 21 189
63 73 707 200
63 74 590 257
63 75 20 186
63 76 956 211
63 77 88 241
63 78 541 166
63 79 530 16
63 80 620 116
63 81 806 124
64 72 597 304
64 73 808 179
64 74 862 53
64 75 697 305
64 76 424 88
64 77 798 177
64 78 926 239
64 79 889 255
64 80 187 344
64 81 672 88
65 72 524 94
65 73 838 100
65 74 441 65
65 75 783 90
65 76 718 71
65 77 257 190
65 78 707 309
65 79 756 230
65 80 119 251
65 81 536 316
66 72 770 344
66 73 526 283
66 74 685 80
66 75 673 359
66 76 189 247
66 77 359 87
66 78 989 168
66 79 603 145
66 80 661 332
66 81 38 126
67 72 286 290
67 73 774 24
67 74 454 257
67 75 80 143
67 76 927 8
67 77 902 59
67 78 222 272
67 79 224 125
67 80 890 316
67 81 291 96
67 137 16557 174
68 72 357 138
68 73 599 2
68 74 597 61
68 75 305 84
68 76 805 52
68 77 522 175
68 78 698 356
68 79 552 149
68 80 688 277
68 81 792 135
69 72 725 195
69 73 178 227
69 74 386 263
69 75 605 54
69 76 258 344
69 77 899 320
69 78 705 297
69 79 324 296
69 80 2 191
69 81 893 118
70 72 552 197
70 73 786 259
70 74 247 146
70 75 637 327
70 76 341 248
70 77 64 75
70 78 196 205
70 79 757 65
70 80 821 101
70 81 573 160
70 124 25237 263
71 72 556 115
71 73 246 127
71 74 61 95
71 75 659 303
71 76 540 179
71 77 46 315
71 78 891 302
71 79 581 116
71 80 313 128
71 81 852 148
72 82 516 308
72 83 682 283
72 84 509 301
72 85 638 208
72 86 468 296
72 87 540 187
72 88 857 190
72 89 807 290
72 90 469 38
72 91 905 66
73 82 781 295
73 83 981 126
73 84 597 250
73 85 653 258
73 86 361 167
73 87 532 144
73 88 471 151
73 89 46 214
73 90 140 180
73 91 375 94
74 82 67 161
74 83 794 40
74 84 753 204
74 85 978 264
74 86 409 143
74 87 624 294
74 88 392 219
74 89 814 102
74 90 635 148
74 91 700 54
75 82 351 215
75 83 513 220
75 84 605 265
75 85 905 134
75 86 912 341
75 87 625 98
75 88 858 229
75 89 531 117
75 90 843 69
75 91 303 338
76 82 31 184
76 83 605 324
76 84 153 320
76 85 500 263
76 86 28 41
76 87 929 38
76 88 790 123
76 89 102 324
76 90 704 270
76 91 950 306
77 82 167 71
77 83 810 56
77 84 717 28
77 85 764 282
77 86 542 202
77 87 223 218
77 88 336 98
77 89 814 44
77 90 882 294
77 91 868 178
77 94 25137 270
78 82 498 148
78 83 363 331
78 84 841 114
78 85 650 20
78 86 92 282
78 87 988 164
78 88 897 319
78 89 787 125
78 90 350 104
78 91 382 252
79 82 989 203
79 83 363 210
79 84 413 203
79 85 144 295
79 86 466 99
79 87 9 10
79 88 780 319
79 89 546 357
79 90 833 27
79 91 857 198
80 82 599 123
80 83 971 83
80 84 160 306
80 85 566 325
80 86 250 115
80 87 279 166
80 88 892 86
80 89 108 9
80 90 197 351
80 91 844 242
81 82 367 106
81 83 380 72
81 84 353 360
81 85 725 166
81 86 617 349
81 87 953 249
81 88 378 80
81 89 68 328
81 90 533 112
81 91 561 12
81 117 18962 42
82 92 69 200
82 93 886 315
82 94 784 150
82 95 888 231
82 96 682 37
82 97 368 13
82 98 293 222
82 99 477 137
82 100 690 135
82 101 277 84
83 92 61 119
83 93 266 88
83 94 281 109
83 95 543 307
83 96 923 210
83 97 284 265
83 98 935 291
83 99 234 101
83 100 2 228
83 101 937 202
83 103 20394 76
84 92 447 62
84 93 288 191
84 94 292 278
84 95 345 6
84 96 451 161
84 97 953 160
84 98 627 142
84 99 251 156
84 100 247 108
84 101 659 43
85 92 45 10
85 93 483 281
85 94 346 138
85 95 603 75
85 96 27 78
85 97 685 189
85 98 263 190
85 99 743 126
85 100 438 150
85 101 917 176
86 92 930 45
86 93 159 204
86 94 921 50
86 95 250 7
86 96 522 96
86 97 330 221
86 98 842 147
86 99 421 16
86 100 676 117
86 101 281 64
87 92 920 286
87 93 538 181
87 94 127 209
87 95 849 331
87 96 679 23
87 97 662 193
87 98 600 112
87 99 706 116
87 100 575 223
87 101 241 217
88 92 523 74
88 93 801 290
88 94 397 280
88 95 92 329
88 96 179 244
88 97 969 308
88 98 982 41
88 99 783 54
88 100 270 292
88 101 528 194
89 92 736 73
89 93 154 173
89 94 372 15
89 95 503 41
89 96 428 238
89 97 45 230
89 98 192 254
89 99 468 245
89 100 147 272
89 101 829 227
90 92 85 184
90 93 344 196
90 94 221 230
90 95 810 149
90 96 847 345
90 97 312 51
90 98 989 349
90 99 748 203
90 100 438 267
90 101 739 237
91 92 914 354
91 93 338 44
91 94 496 347
91 95 133 259
91 96 495 148
91 97 56 43
91 98 70 73
91 99 598 132
91 100 821 167
91 101 148 247
92 102 997 29
92 103 52 224
92 104 428 178
92 105 623 345
92 106 366 172
92 107 462 338
92 108 130 278
92 109 548 271
92 110 225 157
92 111 352 336
93 102 279 128
93 103 349 29
93 104 771 189
93 105 128 32
93 106 943 236
93 107 769 154
93 108 999 253
93 109 117 206
93 110 297 124
93 111 766 145
94 102 474 49
94 103 270 116
94 104 452 344
94 105 300 300
94 106 401 24
94 107 383 86
94 108 785 24
94 109 564 2
94 110 807 196
94 111 8 207
94 140 26520 338
95 102 694 155
95 103 155 164
95 104 688 58
95 105 838 121
95 106 385 53
95 107 930 147
95 108 236 216
95 109 686 112
95 110 463 34
95 111 986 108
96 102 929 293
96 103 918 78
96 104 189 232
96 105 911 79
96 106 845 180
96 107 672 163
96 108 991 118
96 109 400 360
96 110 190 7
96 111 63 251
97 102 35 235
97 103 225 244
97 104 359 347
97 105 497 36
97 106 329 321
97 107 512 62
97 108 276 283
97 109 88 342
97 110 424 362
97 111 681 168
98 102 542 351
98 103 337 272
98 104 254 301
98 105 818 27
98 106 311 133
98 107 959 340
98 108 186 128
98 109 643 143
98 110 210 326
98 111 864 47
99 102 883 61
99 103 637 293
99 104 22 105
99 105 259 38
99 106 302 84
99 107 381 161
99 108 757 65
99 109 402 134
99 110 842 276
99 111 656 97
99 135 29231 304
100 102 411 23
100 103 693 273
100 104 86 292
100 105 48 260
100 106 550 34
100 107 727 27
100 108 357 186
100 109 813 267
100 110 590 10
100 111 583 133
101 102 900 221
101 103 105 237
101 104 188 110
101 105 922 334
101 106 735 161
101 107 129 196
101 108 444 17
101 109 907 60
101 110 566 263
101 111 873 85
102 112 379 96
102 113 909 221
102 114 207 14
102 115 530 15
102 116 358 248
102 117 930 57
102 118 697 236
102 119 436 334
102 120 230 322
102 121 823 344
102 132 29744 241
103 112 445 95
103 113 842 270
103 114 640 263
103 115 152 297
103 116 54 103
103 117 334 110
103 118 920 312
103 119 975 16
103 120 758 269
103 121 410 29
104 112 312 150
104 113 722 310
104 114 696 302
104 115 223 260
104 116 320 222
104 117 260 144
104 118 165 78
104 119 761 259
104 120 620 232
104 121 95 54
105 112 39 125
105 113 626 84
105 114 602 180
105 115 152 144
105 116 12 102
105 117 679 29
105 118 511 53
105 119 308 332
105 120 583 188
105 121 722 111
105 150 22796 245
106 112 161 11
106 113 736 137
106 114 696 189
106 115 756 204
106 116 323 102
106 117 774 208
106 118 922 38
106 119 887 180
106 120 315 33
106 121 4 62
106 126 18719 123
107 112 506 91
107 113 657 93
107 114 68 210
107 115 900 32
107 116 798 164
107 117 93 317
107 118 522 186
107 119 646 166
107 120 370 4
107 121 480 54
108 112 808 251
108 113 359 136
108 114 237 155
108 115 263 128
108 116 693 21
108 117 774 171
108 118 458 261
108 119 849 170
108 120 511 194
108 121 88 37
109 112 496 347
109 113 408 85
109 114 368 258
109 115 49 250
109 116 819 14
109 117 958 326
109 118 970 14
109 119 105 243
109 120 239 224
109 121 590 273
109 139 25563 24
110 112 599 183
110 113 186 119
110 114 438 126
110 115 712 158
110 116 319 360
110 117 338 93
110 118 832 193
110 119 368 40
110 120 518 206
110 121 113 351
111 112 265 214
111 113 821 258
111 114 803 55
111 115 361 134
111 116 189 58
111 117 479 6
111 118 591 282
111 119 16 196
111 120 650 114
111 121 289 164
112 122 540 15
112 123 268 270
112 124 490 158
112 125 89 304
112 126 813 141
112 127 256 65
112 128 361 286
112 129 225 249
112 130 325 218
112 131 503 309
113 122 752 362
113 123 475 336
113 124 236 25
113 125 652 37
113 126 429 246
113 127 264 102
113 128 961 222
113 129 937 192
113 130 109 102
113 131 193 76
114 122 982 140
114 123 530 350
114 124 678 192
114 125 826 308
114 126 386 307
114 127 882 357
114 128 172 308
114 129 447 213
114 130 588 113
114 131 950 253
115 122 207 92
115 123 817 133
115 124 222 242
115 125 919 344
115 126 715 268
115 127 971 17
115 128 694 41
115 129 493 355
115 130 564 220
115 131 66 79
116 122 331 142
116 123 558 43
116 124 578 51
116 125 337 100
116 126 346 326
116 127 295 200
116 128 189 109
116 129 46 24
116 130 740 253
116 131 327 108
116 138 16351 116
117 122 104 84
117 123 101 77
117 124 6 217
117 125 530 338
117 126 894 214
117 127 50 148
117 128 739 138
117 129 11 289
117 130 931 327
117 131 531 350
118 122 784 76
118 123 157 359
118 124 151 244
118 125 75 11
118 126 713 258
118 127 806 117
118 128 682 143
118 129 638 122
118 130 888 99
118 131 554 319
119 122 291 41
119 123 231 127
119 124 53 187
119 125 546 212
119 126 669 190
119 127 976 329
119 128 233 217
119 129 756 40
119 130 762 164
119 131 180 274
120 122 473 42
120 123 961 250
120 124 175 286
120 125 840 23
120 126 387 12
120 127 134 279
120 128 709 127
120 129 311 185
120 130 238 215
120 131 288 158
121 122 470 303
121 123 172 328
121 124 284 5
121 125 911 254
121 126 937 315
121 127 103 46
121 128 244 165
121 129 262 243
121 130 830 21
121 131 502 302
122 132 540 337
122 133 27 8
122 134 259 357
122 135 743 322
122 136 472 342
122 137 495 241
122 138 894 349
122 139 758 244
122 140 605 44
122 141 455 198
123 132 282 208
123 133 143 125
123 134 499 267
123 135 52 179
123 136 197 288
123 137 118 263
123 138 176 106
123 139 503 47
123 140 217 124
123 141 775 169
124 132 17 33
124 133 924 17
124 134 382 265
124 135 595 273
124 136 542 58
124 137 669 274
124 138 552 332
124 139 611 271
124 140 393 257
124 141 68 254
124 143 16289 322
124 144 25782 149
125 132 514 95
125 133 565 239
125 134 187 250
125 135 764 74
125 136 317 153
125 137 406 90
125 138 735 75
125 139 408 41
125 140 645 216
125 141 326 159
126 132 891 339
126 133 229 253
126 134 634 171
126 135 52 358
126 136 984 75
126 137 349 160
126 138 454 90
126 139 695 75
126 140 942 115
126 141 213 298
127 132 58 77
127 133 405 36
127 134 859 19
127 135 690 300
127 136 201 270
127 137 7 325
127 138 650 348
127 139 408 208
127 140 399 257
127 141 210 154
128 132 780 199
128 133 319 279
128 134 869 166
128 135 306 73
128 136 453 20
128 137 654 8
128 138 480 330
128 139 997 114
128 140 724 290
128 141 532 282
129 132 609 54
129 133 879 15
129 134 668 304
129 135 852 358
129 136 523 62
129 137 69 188
129 138 105 331
129 139 51 308
129 140 353 353
129 141 57 355
129 150 30304 340
130 132 902 260
130 133 941 137
130 134 953 82
130 135 42 216
130 136 596 293
130 137 377 153
130 138 98 1
130 139 763 219
130 140 177 47
130 141 298 33
131 132 576 132
131 133 687 139
131 134 516 203
131 135 378 54
131 136 192 140
131 137 31 176
131 138 557 263
131 139 998 129
131 140 262 119
131 141 30 42
132 142 875 69
132 143 723 5
132 144 204 151
132 145 635 217
132 146 529 122
132 147 585 232
132 148 623 74
132 149 399 9
132 150 106 26
132 151 134 255
133 142 28 342
133 143 342 346
133 144 170 264
133 145 17 316
133 146 399 67
133 147 527 269
133 148 901 352
133 149 444 100
133 150 175 68
133 151 589 278
134 142 818 195
134 143 439 184
134 144 917 293
134 145 42 208
134 146 624 16
134 147 681 251
134 148 429 240
134 149 979 290
134 150 886 95
134 151 747 163
135 142 589 102
135 143 149 209
135 144 918 294
135 145 676 291
135 146 129 76
135 147 422 193
135 148 420 21
135 149 227 47
135 150 568 64
135 151 649 3
136 142 450 124
136 143 447 120
136 144 224 240
136 145 270 130
136 146 424 127
136 147 586 45
136 148 977 229
136 149 971 318
136 150 724 18
136 151 686 279
137 142 786 161
137 143 429 341
137 144 562 310
137 145 940 276
137 146 998 45
137 147 18 117
137 148 866 201
137 149 146 343
137 150 593 160
137 151 654 262
138 142 798 204
138 143 665 229
138 144 581 326
138 145 462 290
138 146 63 57
138 147 805 253
138 148 568 311
138 149 5 113
138 150 14 153
138 151 18 6
139 142 800 113
139 143 256 268
139 144 595 15
139 145 76 283
139 146 344 111
139 147 139 278
139 148 232 86
139 149 570 171
139 150 563 277
139 151 691 132
140 142 624 224
140 143 660 213
140 144 151 118
140 145 999 106
140 146 964 17
140 147 85 123
140 148 460 266
140 149 847 204
140 150 602 170
140 151 195 267
141 142 864 195
141 143 21 35
141 144 932 145
141 145 531 326
141 146 456 227
141 147 397 20
141 148 124 79
141 149 668 246
141 150 107 228
141 151 497 196
142 152 289 239
143 152 972 150
144 152 261 141
145 152 987 267
146 152 696 109
147 152 41 359
148 152 809 122
149 152 326 66
150 152 526 197
151 152 812 153
