152 1439 1 152 7 360
1 2 289 127
1 3 491 202
1 4 633 101
1 5 870 96
1 6 232 124
1 7 641 170
1 8 972 331
1 9 271 277
1 10 789 166
1 11 689 103
1 52 19705 236
2 12 638 207
2 13 516 254
2 14 34 35
2 15 832 209
2 16 441 262
2 17 140 251
2 18 940 104
2 19 770 274
2 20 509 280
2 21 159 246
3 12 339 337
3 13 51 38
3 14 64 268
3 15 34 303
3 16 203 196
3 17 725 238
3 18 358 194
3 19 206 173
3 20 404 194
3 21 90 171
4 12 216 289
4 13 724 23
4 14 758 119
4 15 109 212
4 16 204 44
4 17 657 263
4 18 335 198
4 19 718 305
4 20 597 320
4 21 398 209
5 12 210 303
5 13 802 301
5 14 329 48
5 15 88 342
5 16 520 104
5 17 392 180
5 18 885 102
5 19 355 39
5 20 41 326
5 21 398 233
6 12 542 213
6 13 523 46
6 14 480 130
6 15 275 261
6 16 853 122
6 17 609 343
6 18 34 340
6 19 739 186
6 20 619 220
6 21 902 294
7 12 920 92
7 13 18 349
7 14 999 126
7 15 513 6
7 16 850 12
7 17 978 187
7 18 412 3
7 19 956 336
7 20 412 36
7 21 30 224
8 12 980 130
8 13 946 156
8 14 942 228
8 15 540 104
8 16 71 119
8 17 596 347
8 18 646 341
8 19 75 324
8 20 11 339
8 21 64 174
9 12 186 164
9 13 54 227
9 14 189 309
9 15 335 129
9 16 889 313
9 17 764 182
9 18 216 279
9 19 708 299
9 20 272 94
9 21 195 136
10 12 177 140
10 13 424 236
10 14 853 18
10 15 347 339
10 16 418 95
10 17 221 97
10 18 164 336
10 19 761 49
10 20 257 318
10 21 905 314
11 12 982 256
11 13 41 166
11 14 361 338
11 15 970 14
11 16 992 141
11 17 875 216
11 18 552 52
11 19 332 58
11 20 450 246
11 21 21 103
12 22 807 242
12 23 635 103
12 24 655 131
12 25 351 188
12 26 844 119
12 27 438 154
12 28 741 53
12 29 629 243
12 30 556 254
12 31 132 324
12 93 27747 227
13 22 72 54
13 23 242 59
13 24 679 192
13 25 445 357
13 26 424 117
13 27 3 278
13 28 674 284
13 29 630 176
13 30 570 164
13 31 50 243
14 22 344 122
14 23 449 302
14 24 268 208
14 25 578 308
14 26 868 245
14 27 442 125
14 28 791 178
14 29 179 116
14 30 131 7
14 31 80 91
15 22 722 102
15 23 27 354
15 24 113 242
15 25 826 120
15 26 384 117
15 27 253 318
15 28 144 87
15 29 868 105
15 30 613 360
15 31 49 349
16 22 414 180
16 23 981 207
16 24 183 230
16 25 528 131
16 26 942 41
16 27 349 236
16 28 637 66
16 29 810 252
16 30 395 194
16 31 633 205
17 22 946 304
17 23 766 65
17 24 734 61
17 25 662 225
17 26 327 303
17 27 614 164
17 28 213 279
17 29 747 284
17 30 464 48
17 31 31 264
18 22 6 318
18 23 600 19
18 24 695 151
18 25 416 14
18 26 564 74
18 27 660 113
18 28 184 91
18 29 20 20
18 30 65 69
18 31 889 146
19 22 920 336
19 23 84 156
19 24 923 281
19 25 335 168
19 26 505 217
19 27 89 234
19 28 216 163
19 29 362 143
19 30 825 75
19 31 641 16
20 22 428 352
20 23 531 70
20 24 613 128
20 25 140 228
20 26 270 315
20 27 839 118
20 28 546 84
20 29 409 326
20 30 941 127
20 31 877 137
21 22 702 116
21 23 148 287
21 24 939 229
21 25 275 65
21 26 634 183
21 27 910 336
21 28 941 20
21 29 518 279
21 30 431 68
21 31 19 315
22 32 485 183
22 33 865 169
22 34 101 230
22 35 214 196
22 36 593 180
22 37 415 65
22 38 811 40
22 39 671 332
22 40 898 307
22 41 590 284
23 32 320 206
23 33 988 175
23 34 272 214
23 35 65 313
23 36 874 66
23 37 736 299
23 38 131 162
23 39 833 9
23 40 748 83
23 41 508 129
24 32 993 211
24 33 373 282
24 34 594 42
24 35 460 110
24 36 818 174
24 37 798 126
24 38 962 205
24 39 802 73
24 40 35 296
24 41 130 198
25 32 533 215
25 33 358 347
25 34 756 59
25 35 5 209
25 36 74 39
25 37 413 74
25 38 500 315
25 39 454 98
25 40 45 358
25 41 832 177
26 32 298 36
26 33 973 43
26 34 742 316
26 35 896 318
26 36 208 98
26 37 584 25
26 38 17 143
26 39 455 351
26 40 992 267
26 41 793 337
27 32 14 30
27 33 26 55
27 34 228 212
27 35 150 77
27 36 696 316
27 37 682 85
27 38 768 289
27 39 450 107
27 40 574 67
27 41 932 325
27 133 25252 40
28 32 213 188
28 33 703 286
28 34 62 101
28 35 43 218
28 36 669 113
28 37 582 316
28 38 513 197
28 39 265 288
28 40 620 308
28 41 9 92
28 97 17013 318
29 32 983 351
29 33 561 319
29 34 5 328
29 35 828 160
29 36 917 352
29 37 969 219
29 38 619 90
29 39 521 61
29 40 599 240
29 41 853 107
30 32 493 115
30 33 111 162
30 34 688 14
30 35 664 21
30 36 62 18
30 37 339 163
30 38 598 344
30 39 752 330
30 40 420 200
30 41 49 53
31 32 560 117
31 33 995 236
31 34 201 54
31 35 690 336
31 36 484 60
31 37 698 272
31 38 18 18
31 39 852 298
31 40 235 23
31 41 456 237
32 42 538 82
32 43 151 98
32 44 55 339
32 45 82 99
32 46 431 49
32 47 860 141
32 48 251 87
32 49 460 208
32 50 501 277
32 51 666 269
33 42 533 27
33 43 453 180
33 44 655 358
33 45 962 47
33 46 723 34
33 47 685 357
33 48 963 26
33 49 274 317
33 50 323 29
33 51 616 60
34 42 480 256
34 43 834 43
34 44 268 10
34 45 644 221
34 46 116 81
34 47 130 338
34 48 373 272
34 49 391 83
34 50 373 163
34 51 318 330
35 42 393 116
35 43 268 165
35 44 492 200
35 45 491 41
35 46 867 27
35 47 67 251
35 48 181 350
35 49 910 239
35 50 113 179
35 51 983 356
36 42 105 129
36 43 295 105
36 44 384 341
36 45 298 341
36 46 319 234
36 47 358 10
36 48 529 191
36 49 585 360
36 50 812 259
36 51 629 300
37 42 372 351
37 43 873 56
37 44 320 38
37 45 868 277
37 46 16 360
37 47 864 317
37 48 127 51
37 49 374 333
37 50 750 238
37 51 265 80
38 42 995 345
38 43 292 251
38 44 585 62
38 45 781 351
38 46 123 114
38 47 945 121
38 48 860 196
38 49 258 202
38 50 808 273
38 51 406 111
38 65 27535 33
39 42 857 294
39 43 26 134
39 44 493 95
39 45 135 291
39 46 166 74
39 47 200 112
39 48 346 62
39 49 482 113
39 50 100 258
39 51 639 133
39 67 30212 51
40 42 816 226
40 43 407 187
40 44 546 281
40 45 599 208
40 46 363 203
40 47 472 327
40 48 62 193
40 49 227 210
40 50 455 351
40 51 367 357
41 42 975 123
41 43 637 94
41 44 441 140
41 45 646 140
41 46 83 323
41 47 809 111
41 48 156 343
41 49 649 186
41 50 577 214
41 51 960 181
42 52 235 140
42 53 945 210
42 54 987 188
42 55 401 114
42 56 265 192
42 57 573 60
42 58 942 27
42 59 166 205
42 60 252 173
42 61 564 69
43 52 719 39
43 53 500 157
43 54 715 76
43 55 238 114
43 56 314 49
43 57 887 145
43 58 832 305
43 59 781 101
43 60 19 18
43 61 596 352
43 141 16002 192
44 52 675 260
44 53 440 314
44 54 615 223
44 55 383 192
44 56 448 241
44 57 615 41
44 58 396 24
44 59 9 323
44 60 412 181
44 61 439 61
45 52 704 74
45 53 541 207
45 54 683 21
45 55 38 74
45 56 637 273
45 57 492 88
45 58 660 278
45 59 69 51
45 60 977 141
45 61 753 90
46 52 42 318
46 53 7 103
46 54 260 346
46 55 214 20
46 56 817 165
46 57 976 281
46 58 670 112
46 59 917 62
46 60 390 283
46 61 731 245
47 52 231 22
47 53 636 51
47 54 158 67
47 55 517 232
47 56 660 167
47 57 793 56
47 58 612 297
47 59 85 268
47 60 543 285
47 61 543 305
48 52 950 278
48 53 115 324
48 54 684 77
48 55 678 118
48 56 846 279
48 57 211 156
48 58 303 178
48 59 631 226
48 60 765 92
48 61 642 91
48 91 19622 227
49 52 14 196
49 53 15 86
49 54 363 45
49 55 827 253
49 56 834 33
49 57 166 339
49 58 57 230
49 59 481 338
49 60 381 336
49 61 793 128
50 52 57 117
50 53 579 226
50 54 984 134
50 55 682 254
50 56 440 32
50 57 771 167
50 58 401 325
50 59 697 134
50 60 56 242
50 61 151 283
51 52 991 196
51 53 446 180
51 54 720 346
51 55 139 273
51 56 55 57
51 57 242 194
51 58 743 139
51 59 362 264
51 60 709 354
51 61 291 304
52 62 323 225
52 63 224 207
52 64 154 97
52 65 236 119
52 66 698 259
52 67 639 178
52 68 880 5
52 69 951 346
52 70 272 274
52 71 373 204
53 62 2 190
53 63 658 37
53 64 712 171
53 65 665 233
53 66 541 249
53 67 811 111
53 68 826 72
53 69 356 273
53 70 474 226
53 71 972 251
54 62 541 302
54 63 816 229
54 64 567 18
54 65 572 324
54 66 125 286
54 67 916 252
54 68 821 355
54 69 533 224
54 70 368 331
54 71 825 69
55 62 961 36
55 63 157 270
55 64 581 80
55 65 602 123
55 66 102 130
55 67 52 114
55 68 729 264
55 69 468 57
55 70 640 52
55 71 806 312
56 62 9 163
56 63 166 337
56 64 117 54
56 65 284 199
56 66 899 254
56 67 183 273
56 68 893 61
56 69 589 154
56 70 458 36
56 71 765 23
57 62 415 42
57 63 996 163
57 64 757 317
57 65 584 36
57 66 86 92
57 67 526 271
57 68 740 233
57 69 503 325
57 70 975 17
57 71 620 17
58 62 793 287
58 63 28 96
58 64 187 102
58 65 210 231
58 66 572 139
58 67 876 326
58 68 552 321
58 69 197 205
58 70 847 258
58 71 714 91
59 62 986 1
59 63 639 291
59 64 573 235
59 65 773 210
59 66 345 295
59 67 329 314
59 68 490 41
59 69 664 209
59 70 980 268
59 71 906 301
60 62 192 137
60 63 230 258
60 64 971 359
60 65 319 31
60 66 573 5
60 67 996 355
60 68 240 177
60 69 223 194
60 70 463 278
60 71 360 259
61 62 551 245
61 63 438 1
61 64 258 78
61 65 245 223
61 66 693 343
61 67 126 27
61 68 972 6
61 69 265 156
61 70 864 248
61 71 629 342
62 72 762 81
62 73 2 103
62 74 502 274
62 75 169 265
62 76 803 304
62 77 316 334
62 78 509 159
62 79 622 324
62 80 847 323
62 81 440 42
63 72 384 236
63 73 819 123
63 74 344 317
63 75 974 156
63 76 261 206
63 77 882 80
63 78 273 214
63 79 963 292
63 80 502 183
63 81 392 145
64 72 432 277
64 73 206 31
64 74 865 30
64 75 672 143
64 76 818 63
64 77 162 295
64 78 366 103
64 79 71 346
64 80 962 160
64 81 387 116
65 72 172 282
65 73 843 185
65 74 350 269
65 75 202 109
65 76 61 13
65 77 642 183
65 78 58 151
65 79 596 205
65 80 928 45
65 81 378 27
66 72 255 134
66 73 371 138
66 74 53 126
66 75 24 246
66 76 435 106
66 77 617 169
66 78 751 300
66 79 473 141
66 80 773 187
66 81 301 96
67 72 10 315
67 73 177 112
67 74 38 290
67 75 867 162
67 76 491 308
67 77 898 298
67 78 851 258
67 79 164 283
67 80 250 161
67 81 286 84
68 72 540 86
68 73 140 15
68 74 463 174
68 75 905 253
68 76 544 51
68 77 526 159
68 78 465 318
68 79 663 16
68 80 531 217
68 81 280 316
68 110 26352 61
69 72 241 111
69 73 189 17
69 74 146 10
69 75 256 88
69 76 990 309
69 77 784 276
69 78 975 278
69 79 609 163
69 80 674 198
69 81 473 244
70 72 300 354
70 73 284 294
70 74 629 168
70 75 517 49
70 76 494 126
70 77 78 30
70 78 347 268
70 79 721 19
70 80 880 32
70 81 925 107
71 72 373 283
71 73 589 161
71 74 59 23
71 75 399 230
71 76 16 127
71 77 924 157
71 78 44 224
71 79 472 69
71 80 289 69
71 81 952 69
72 82 224 241
72 83 195 168
72 84 755 1
72 85 77 163
72 86 503 66
72 87 939 201
72 88 231 154
72 89 559 268
72 90 242 99
72 91 772 321
73 82 710 249
73 83 780 354
73 84 612 93
73 85 852 258
73 86 968 78
73 87 514 2
73 88 982 272
73 89 742 304
73 90 369 214
73 91 453 165
74 82 307 89
74 83 177 89
74 84 784 61
74 85 238 200
74 86 805 67
74 87 998 310
74 88 606 253
74 89 541 352
74 90 792 82
74 91 442 141
74 135 25698 157
75 82 905 345
75 83 251 93
75 84 345 233
75 85 958 119
75 86 764 226
75 87 360 202
75 88 475 284
75 89 383 95
75 90 215 239
75 91 777 30
75 107 25017 259
76 82 666 44
76 83 589 238
76 84 985 24
76 85 858 47
76 86 255 221
76 87 336 343
76 88 360 199
76 89 223 27
76 90 438 279
76 91 512 286
77 82 893 83
77 83 840 119
77 84 109 8
77 85 535 34
77 86 747 255
77 87 721 123
77 88 849 60
77 89 806 164
77 90 237 320
77 91 103 325
78 82 614 304
78 83 256 183
78 84 919 242
78 85 841 278
78 86 679 140
78 87 407 198
78 88 89 76
78 89 151 91
78 90 235 72
78 91 833 178
79 82 963 44
79 83 506 254
79 84 75 123
79 85 801 2
79 86 435 75
79 87 722 102
79 88 609 300
79 89 638 241
79 90 448 222
79 91 862 173
80 82 618 106
80 83 941 69
80 84 776 244
80 85 702 24
80 86 127 201
80 87 687 118
80 88 231 178
80 89 911 341
80 90 850 209
80 91 828 163
81 82 157 130
81 83 493 231
81 84 598 344
81 85 179 234
81 86 230 213
81 87 72 102
81 88 92 204
81 89 870 164
81 90 601 42
81 91 899 157
81 113 27028 166
82 92 101 281
82 93 938 254
82 94 549 225
82 95 320 158
82 96 990 6
82 97 165 1
82 98 544 97
82 99 970 277
82 100 409 77
82 101 393 70
83 92 904 60
83 93 755 346
83 94 447 27
83 95 203 122
83 96 53 282
83 97 955 49
83 98 450 96
83 99 832 223
83 100 767 340
83 101 592 37
84 92 684 332
84 93 817 134
84 94 958 65
84 95 283 229
84 96 897 130
84 97 531 294
84 98 49 34
84 99 934 42
84 100 855 82
84 101 476 117
85 92 115 246
85 93 663 27
85 94 842 4
85 95 338 107
85 96 403 14
85 97 185 247
85 98 819 145
85 99 574 183
85 100 828 136
85 101 907 351
86 92 724 152
86 93 531 158
86 94 807 86
86 95 555 67
86 96 394 292
86 97 822 305
86 98 506 85
86 99 11 58
86 100 13 156
86 101 466 169
87 92 180 328
87 93 867 352
87 94 827 106
87 95 339 49
87 96 805 159
87 97 247 48
87 98 904 260
87 99 946 274
87 100 735 159
87 101 430 205
88 92 628 115
88 93 519 310
88 94 245 102
88 95 154 336
88 96 350 113
88 97 369 55
88 98 522 7
88 99 220 194
88 100 384 309
88 101 216 249
89 92 302 33
89 93 93 300
89 94 114 229
89 95 666 112
89 96 427 168
89 97 836 211
89 98 943 295
89 99 973 172
89 100 849 187
89 101 993 284
90 92 940 126
90 93 720 42
90 94 252 66
90 95 582 146
90 96 237 123
90 97 504 35
90 98 617 308
90 99 679 96
90 100 365 252
90 101 268 53
91 92 606 257
91 93 953 159
91 94 126 128
91 95 478 172
91 96 68 325
91 97 157 89
91 98 465 250
91 99 147 95
91 100 688 209
91 101 814 302
92 102 750 29
92 103 91 121
92 104 988 46
92 105 805 177
92 106 136 51
92 107 118 174
92 108 270 10
92 109 141 348
92 110 816 257
92 111 135 20
93 102 48 119
93 103 282 136
93 104 657 21
93 105 203 166
93 106 803 179
93 107 210 81
93 108 221 328
93 109 249 65
93 110 973 339
93 111 583 355
94 102 462 153
94 103 492 116
94 104 274 113
94 105 471 169
94 106 559 80
94 107 879 127
94 108 846 138
94 109 690 312
94 110 924 216
94 111 944 78
95 102 438 28
95 103 643 332
95 104 3 72
95 105 311 307
95 106 731 347
95 107 766 194
95 108 684 356
95 109 809 153
95 110 17 112
95 111 797 82
95 137 17723 311
96 102 935 202
96 103 589 149
96 104 699 53
96 105 363 256
96 106 295 297
96 107 57 126
96 108 286 179
96 109 350 257
96 110 519 40
96 111 411 353
96 130 19276 357
97 102 616 286
97 103 460 127
97 104 609 181
97 105 477 246
97 106 215 61
97 107 395 237
97 108 379 196
97 109 987 172
97 110 871 225
97 111 675 90
98 102 320 157
98 103 957 71
98 104 881 313
98 105 977 238
98 106 755 316
98 107 995 160
98 108 374 111
98 109 224 139
98 110 697 341
98 111 613 289
99 102 598 197
99 103 945 6
99 104 857 266
99 105 99 40
99 106 294 121
99 107 727 257
99 108 907 209
99 109 796 255
99 110 835 115
99 111 810 291
100 102 362 329
100 103 355 79
100 104 180 354
100 105 531 198
100 106 193 188
100 107 466 85
100 108 615 184
100 109 596 315
100 110 590 28
100 111 962 5
101 102 526 23
101 103 878 164
101 104 646 186
101 105 784 51
101 106 119 45
101 107 378 192
101 108 13 343
101 109 750 339
101 110 626 195
101 111 786 334
102 112 614 303
102 113 614 96
102 114 400 266
102 115 124 253
102 116 424 141
102 117 890 114
102 118 514 270
102 119 795 149
102 120 755 31
102 121 770 332
102 140 27189 40
103 112 188 126
103 113 820 173
103 114 659 265
103 115 3 326
103 116 511 33
103 117 209 112
103 118 561 127
103 119 211 177
103 120 181 95
103 121 398 88
104 112 990 305
104 113 239 300
104 114 967 223
104 115 355 154
104 116 771 95
104 117 730 67
104 118 559 66
104 119 364 347
104 120 23 305
104 121 112 309
104 129 30814 267
105 112 791 37
105 113 944 280
105 114 838 349
105 115 484 92
105 116 795 310
105 117 154 210
105 118 291 143
105 119 720 331
105 120 197 152
105 121 44 175
106 112 840 65
106 113 300 330
106 114 813 308
106 115 631 26
106 116 807 46
106 117 775 339
106 118 782 158
106 119 239 91
106 120 250 246
106 121 547 107
107 112 272 52
107 113 624 143
107 114 639 155
107 115 190 188
107 116 743 149
107 117 855 91
107 118 513 109
107 119 635 350
107 120 431 127
107 121 785 78
108 112 370 100
108 113 264 166
108 114 381 342
108 115 333 19
108 116 640 192
108 117 687 161
108 118 872 24
108 119 629 82
108 120 448 246
108 121 305 99
109 112 891 81
109 113 637 209
109 114 442 280
109 115 856 221
109 116 464 223
109 117 461 215
109 118 492 357
109 119 445 329
109 120 449 116
109 121 1000 357
110 112 933 164
110 113 491 65
110 114 214 150
110 115 63 12
110 116 283 140
110 117 467 206
110 118 242 242
110 119 569 12
110 120 178 43
110 121 944 1
111 112 972 185
111 113 961 32
111 114 842 288
111 115 131 14
111 116 739 196
111 117 315 46
111 118 667 106
111 119 206 215
111 120 642 348
111 121 199 221
112 122 70 84
112 123 913 134
112 124 327 195
112 125 555 283
112 126 680 6
112 127 114 30
112 128 914 116
112 129 561 248
112 130 449 178
112 131 846 244
113 122 937 226
113 123 469 137
113 124 203 162
113 125 227 161
113 126 243 138
113 127 286 308
113 128 640 133
113 129 616 16
113 130 557 129
113 131 170 189
113 141 26914 20
114 122 441 345
114 123 277 173
114 124 759 269
114 125 390 302
114 126 47 338
114 127 710 196
114 128 749 274
114 129 98 352
114 130 565 339
114 131 628 72
115 122 35 49
115 123 793 303
115 124 770 87
115 125 882 345
115 126 491 178
115 127 579 236
115 128 639 192
115 129 657 289
115 130 290 76
115 131 799 177
116 122 537 283
116 123 686 317
116 124 264 114
116 125 980 269
116 126 154 206
116 127 28 110
116 128 328 330
116 129 570 100
116 130 809 53
116 131 223 336
116 137 29371 328
117 122 603 323
117 123 643 352
117 124 143 302
117 125 866 334
117 126 64 83
117 127 970 124
117 128 31 343
117 129 528 251
117 130 747 302
117 131 595 244
118 122 369 264
118 123 100 7
118 124 180 240
118 125 706 234
118 126 111 38
118 127 205 87
118 128 607 281
118 129 62 185
118 130 61 251
118 131 798 98
118 134 25309 10
119 122 871 199
119 123 588 25
119 124 996 171
119 125 597 302
119 126 787 359
119 127 711 225
119 128 508 113
119 129 656 243
119 130 799 24
119 131 819 78
120 122 301 54
120 123 467 301
120 124 925 250
120 125 980 161
120 126 17 122
120 127 356 296
120 128 50 238
120 129 909 340
120 130 326 80
120 131 445 13
121 122 992 125
121 123 183 86
121 124 734 242
121 125 274 15
121 126 96 36
121 127 468 353
121 128 719 20
121 129 689 5
121 130 885 223
121 131 78 57
122 132 20 131
122 133 818 270
122 134 626 206
122 135 77 66
122 136 402 27
122 137 222 144
122 138 756 61
122 139 360 66
122 140 234 166
122 141 60 325
123 132 610 185
123 133 336 293
123 134 562 212
123 135 501 305
123 136 95 153
123 137 524 311
123 138 78 152
123 139 853 80
123 140 792 105
123 141 282 271
124 132 380 9
124 133 412 53
124 134 237 225
124 135 192 94
124 136 672 268
124 137 900 165
124 138 582 326
124 139 582 211
124 140 405 353
124 141 501 95
125 132 14 62
125 133 292 250
125 134 246 351
125 135 445 25
125 136 403 26
125 137 607 32
125 138 42 276
125 139 498 312
125 140 688 143
125 141 432 21
126 132 129 213
126 133 282 126
126 134 413 254
126 135 767 91
126 136 852 22
126 137 316 237
126 138 868 78
126 139 26 262
126 140 881 65
126 141 308 218
127 132 765 11
127 133 257 319
127 134 364 177
127 135 938 73
127 136 354 109
127 137 366 285
127 138 21 156
127 139 424 46
127 140 338 286
127 141 87 156
128 132 839 226
128 133 849 311
128 134 254 73
128 135 916 302
128 136 886 273
128 137 142 86
128 138 596 38
128 139 519 227
128 140 16 107
128 141 778 226
129 132 83 261
129 133 955 77
129 134 771 69
129 135 847 295
129 136 848 237
129 137 291 336
129 138 792 51
129 139 95 180
129 140 338 265
129 141 684 190
130 132 555 248
130 133 14 190
130 134 371 251
130 135 957 104
130 136 68 234
130 137 362 24
130 138 241 57
130 139 632 5
130 140 256 75
130 141 768 126
131 132 864 349
131 133 849 172
131 134 194 39
131 135 104 90
131 136 193 11
131 137 231 17
131 138 960 276
131 139 954 152
131 140 784 77
131 141 666 87
132 142 36 174
132 143 589 173
132 144 51 154
132 145 336 316
132 146 558 320
132 147 199 124
132 148 353 81
132 149 234 275
132 150 661 64
132 151 833 173
133 142 804 355
133 143 608 46
133 144 286 1
133 145 82 291
133 146 596 42
133 147 543 96
133 148 918 141
133 149 455 142
133 150 243 154
133 151 688 71
134 142 696 181
134 143 205 37
134 144 149 21
134 145 461 293
134 146 340 346
134 147 497 102
134 148 234 2
134 149 617 337
134 150 843 360
134 151 263 323
135 142 41 270
135 143 628 350
135 144 801 141
135 145 971 266
135 146 146 44
135 147 851 285
135 148 343 143
135 149 900 193
135 150 869 64
135 151 713 253
136 142 929 242
136 143 594 89
136 144 172 302
136 145 312 259
136 146 152 344
136 147 195 187
136 148 464 229
136 149 830 319
136 150 907 225
136 151 229 242
137 142 810 323
137 143 102 220
137 144 308 217
137 145 851 262
137 146 766 151
137 147 158 261
137 148 797 175
137 149 604 246
137 150 582 360
137 151 60 144
138 142 764 4
138 143 849 26
138 144 354 254
138 145 722 168
138 146 487 243
138 147 205 18
138 148 807 56
138 149 36 162
138 150 999 303
138 151 969 123
139 142 314 247
139 143 281 164
139 144 582 158
139 145 227 284
139 146 329 335
139 147 500 218
139 148 787 309
139 149 745 174
139 150 871 234
139 151 936 91
140 142 513 64
140 143 679 132
140 144 553 27
140 145 277 350
140 146 267 360
140 147 184 103
140 148 613 278
140 149 156 285
140 150 654 151
140 151 371 18
141 142 799 67
141 143 442 66
141 144 350 158
141 145 904 256
141 146 283 87
141 147 982 323
141 148 652 162
141 149 978 265
141 150 872 239
141 151 931 147
142 152 546 254
143 152 763 49
144 152 940 49
145 152 620 260
146 152 445 215
147 152 990 191
148 152 166 166
149 152 61 222
150 152 433 319
151 152 280 31
