152 1435 1 152 7 359
1 2 624 105
1 3 533 307
1 4 977 143
1 5 437 80
1 6 758 5
1 7 329 53
1 8 57 17
1 9 876 53
1 10 805 294
1 11 920 122
2 12 308 347
2 13 460 354
2 14 857 89
2 15 352 86
2 16 422 78
2 17 527 289
2 18 779 285
2 19 45 171
2 20 203 40
2 21 451 101
3 12 361 252
3 13 913 60
3 14 448 63
3 15 576 282
3 16 903 239
3 17 300 254
3 18 580 78
3 19 797 293
3 20 347 195
3 21 72 342
4 12 147 357
4 13 519 163
4 14 518 54
4 15 52 233
4 16 861 271
4 17 539 177
4 18 234 79
4 19 744 297
4 20 92 82
4 21 664 28
5 12 844 312
5 13 30 317
5 14 289 11
5 15 304 233
5 16 838 142
5 17 273 144
5 18 978 200
5 19 292 79
5 20 560 280
5 21 760 188
6 12 181 100
6 13 242 172
6 14 989 247
6 15 450 188
6 16 769 318
6 17 376 190
6 18 927 281
6 19 694 119
6 20 274 277
6 21 525 24
7 12 289 351
7 13 660 5
7 14 8 283
7 15 711 34
7 16 114 161
7 17 913 233
7 18 814 186
7 19 278 175
7 20 331 186
7 21 438 82
8 12 550 268
8 13 950 2
8 14 732 211
8 15 972 2
8 16 223 136
8 17 808 143
8 18 564 341
8 19 294 219
8 20 439 154
8 21 404 38
9 12 801 214
9 13 938 286
9 14 630 101
9 15 347 345
9 16 51 24
9 17 60 127
9 18 183 191
9 19 418 119
9 20 992 246
9 21 908 340
10 12 432 73
10 13 876 276
10 14 700 4
10 15 68 100
10 16 951 53
10 17 244 189
10 18 937 182
10 19 81 193
10 20 573 345
10 21 729 215
11 12 626 86
11 13 316 215
11 14 352 203
11 15 64 304
11 16 66 88
11 17 111 108
11 18 305 80
11 19 494 64
11 20 455 48
11 21 417 5
12 22 736 326
12 23 906 317
12 24 646 9
12 25 593 352
12 26 790 359
12 27 842 213
12 28 679 159
12 29 472 130
12 30 882 173
12 31 260 248
13 22 930 253
13 23 290 264
13 24 686 85
13 25 497 226
13 26 348 227
13 27 767 298
13 28 582 19
13 29 105 285
13 30 542 7
13 31 343 320
14 22 7 191
14 23 157 174
14 24 840 339
14 25 723 222
14 26 382 111
14 27 822 305
14 28 964 244
14 29 675 51
14 30 163 54
14 31 69 52
15 22 314 108
15 23 167 320
15 24 50 293
15 25 251 126
15 26 270 252
15 27 141 228
15 28 966 174
15 29 828 318
15 30 532 180
15 31 730 317
16 22 12 178
16 23 605 4
16 24 918 301
16 25 219 98
16 26 743 68
16 27 775 219
16 28 769 314
16 29 195 45
16 30 868 291
16 31 763 117
17 22 623 340
17 23 685 53
17 24 784 46
17 25 693 55
17 26 163 179
17 27 400 18
17 28 140 188
17 29 285 29
17 30 226 283
17 31 98 161
18 22 829 290
18 23 146 24
18 24 447 289
18 25 20 40
18 26 912 155
18 27 383 19
18 28 653 47
18 29 901 304
18 30 242 216
18 31 989 271
19 22 839 63
19 23 332 150
19 24 169 163
19 25 259 178
19 26 644 194
19 27 332 338
19 28 480 288
19 29 469 200
19 30 30 89
19 31 421 3
20 22 488 116
20 23 742 72
20 24 978 338
20 25 195 268
20 26 966 268
20 27 262 324
20 28 391 107
20 29 399 121
20 30 708 122
20 31 296 301
21 22 435 277
21 23 685 184
21 24 577 196
21 25 404 251
21 26 345 312
21 27 504 245
21 28 908 305
21 29 435 246
21 30 157 20
21 31 989 318
22 32 947 253
22 33 365 201
22 34 321 345
22 35 27 43
22 36 106 310
22 37 294 146
22 38 250 349
22 39 217 84
22 40 326 23
22 41 422 188
23 32 503 206
23 33 542 162
23 34 837 189
23 35 584 96
23 36 453 110
23 37 44 271
23 38 493 343
23 39 459 130
23 40 97 127
23 41 994 179
24 32 35 76
24 33 334 297
24 34 929 166
24 35 408 215
24 36 323 1
24 37 782 92
24 38 664 40
24 39 924 208
24 40 928 201
24 41 820 226
25 32 672 220
25 33 309 181
25 34 934 357
25 35 105 206
25 36 648 116
25 37 432 35
25 38 45 3
25 39 555 23
25 40 134 136
25 41 259 196
26 32 35 27
26 33 641 317
26 34 404 324
26 35 841 331
26 36 928 291
26 37 974 131
26 38 716 173
26 39 625 341
26 40 388 63
26 41 666 104
27 32 712 62
27 33 530 91
27 34 69 47
27 35 390 222
27 36 589 164
27 37 919 155
27 38 310 96
27 39 507 77
27 40 780 61
27 41 901 355
28 32 892 116
28 33 609 133
28 34 162 326
28 35 875 112
28 36 799 205
28 37 816 72
28 38 746 230
28 39 181 177
28 40 239 162
28 41 274 192
29 32 763 279
29 33 716 243
29 34 342 127
29 35 911 103
29 36 381 239
29 37 573 223
29 38 406 92
29 39 643 134
29 40 856 1
29 41 660 65
29 42 16978 250
30 32 80 161
30 33 45 334
30 34 261 92
30 35 514 130
30 36 559 317
30 37 877 20
30 38 102 57
30 39 873 251
30 40 587 247
30 41 877 181
31 32 496 92
31 33 225 297
31 34 817 85
31 35 111 279
31 36 8 240
31 37 270 180
31 38 891 87
31 39 512 284
31 40 980 107
31 41 598 27
32 42 496 122
32 43 503 148
32 44 531 104
32 45 433 274
32 46 576 166
32 47 680 106
32 48 792 56
32 49 774 16
32 50 196 251
32 51 535 31
33 42 400 82
33 43 149 231
33 44 455 54
33 45 197 107
33 46 153 67
33 47 884 266
33 48 977 30
33 49 72 206
33 50 187 208
33 51 271 246
33 132 21472 296
34 42 297 303
34 43 555 94
34 44 897 292
34 45 867 6
34 46 480 29
34 47 51 101
34 48 388 331
34 49 937 277
34 50 577 193
34 51 922 222
35 42 637 228
35 43 763 352
35 44 764 204
35 45 749 87
35 46 173 279
35 47 853 331
35 48 981 194
35 49 637 165
35 50 217 280
35 51 791 24
36 42 411 247
36 43 77 262
36 44 644 262
36 45 985 33
36 46 234 346
36 47 77 334
36 48 705 311
36 49 362 130
36 50 904 252
36 51 957 126
37 42 800 297
37 43 415 175
37 44 809 214
37 45 165 357
37 46 871 247
37 47 19 214
37 48 308 169
37 49 923 357
37 50 606 57
37 51 296 273
38 42 135 31
38 43 223 98
38 44 259 47
38 45 434 13
38 46 271 47
38 47 390 32
38 48 241 357
38 49 907 103
38 50 277 185
38 51 171 133
39 42 130 59
39 43 726 226
39 44 469 232
39 45 194 16
39 46 831 183
39 47 252 229
39 48 875 255
39 49 702 209
39 50 796 25
39 51 118 217
40 42 525 247
40 43 447 2
40 44 584 299
40 45 684 43
40 46 301 146
40 47 723 164
40 48 362 291
40 49 613 15
40 50 293 303
40 51 641 294
41 42 781 174
41 43 455 153
41 44 38 143
41 45 100 135
41 46 569 75
41 47 775 87
41 48 865 57
41 49 120 296
41 50 608 23
41 51 2 250
41 150 22108 351
42 52 10 128
42 53 102 99
42 54 900 319
42 55 670 143
42 56 897 208
42 57 403 4
42 58 322 67
42 59 896 330
42 60 7 275
42 61 894 121
43 52 158 267
43 53 170 331
43 54 684 2
43 55 803 34
43 56 110 31
43 57 62 117
43 58 7 294
43 59 813 119
43 60 892 173
43 61 778 224
44 52 736 12
44 53 343 79
44 54 713 71
44 55 290 227
44 56 350 126
44 57 682 261
44 58 167 102
44 59 686 344
44 60 427 237
44 61 635 120
45 52 698 42
45 53 359 336
45 54 206 133
45 55 941 40
45 56 224 187
45 57 455 12
45 58 834 262
45 59 326 268
45 60 108 21
45 61 797 232
45 80 22704 303
46 52 425 133
46 53 126 304
46 54 868 294
46 55 854 69
46 56 659 200
46 57 81 261
46 58 214 38
46 59 520 127
46 60 973 250
46 61 861 288
47 52 683 100
47 53 919 71
47 54 781 173
47 55 148 297
47 56 25 223
47 57 934 192
47 58 455 247
47 59 441 138
47 60 576 147
47 61 575 31
48 52 513 223
48 53 276 353
48 54 892 38
48 55 840 168
48 56 674 240
48 57 706 136
48 58 848 104
48 59 937 149
48 60 505 8
48 61 728 229
49 52 595 206
49 53 413 289
49 54 365 21
49 55 512 290
49 56 229 90
49 57 893 167
49 58 640 283
49 59 95 312
49 60 857 283
49 61 268 21
50 52 967 281
50 53 566 234
50 54 300 243
50 55 882 264
50 56 352 210
50 57 257 221
50 58 814 194
50 59 475 248
50 60 233 252
50 61 795 307
51 52 698 18
51 53 350 304
51 54 411 61
51 55 571 306
51 56 777 215
51 57 806 186
51 58 598 303
51 59 36 335
51 60 928 184
51 61 984 222
51 92 22557 351
52 62 950 61
52 63 186 126
52 64 756 94
52 65 950 350
52 66 75 329
52 67 264 235
52 68 445 80
52 69 657 175
52 70 637 222
52 71 860 50
53 62 40 247
53 63 496 71
53 64 612 279
53 65 136 262
53 66 843 332
53 67 155 145
53 68 260 185
53 69 817 59
53 70 66 6
53 71 491 166
54 62 979 206
54 63 733 228
54 64 913 140
54 65 244 144
54 66 557 248
54 67 491 151
54 68 729 318
54 69 65 86
54 70 323 204
54 71 405 218
55 62 647 71
55 63 863 304
55 64 399 208
55 65 13 328
55 66 418 5
55 67 266 19
55 68 525 340
55 69 789 58
55 70 276 173
55 71 27 127
56 62 829 17
56 63 832 273
56 64 88 52
56 65 459 75
56 66 30 74
56 67 513 47
56 68 28 97
56 69 174 76
56 70 823 309
56 71 737 271
56 110 21239 348
57 62 794 72
57 63 244 70
57 64 238 306
57 65 288 92
57 66 641 314
57 67 883 212
57 68 23 62
57 69 748 38
57 70 126 4
57 71 435 186
58 62 355 294
58 63 401 23
58 64 74 153
58 65 499 190
58 66 9 47
58 67 945 65
58 68 454 249
58 69 253 70
58 70 542 158
58 71 49 281
59 62 531 238
59 63 875 59
59 64 104 116
59 65 182 330
59 66 672 280
59 67 76 58
59 68 677 185
59 69 241 70
59 70 964 201
59 71 651 334
60 62 930 263
60 63 774 204
60 64 789 298
60 65 841 86
60 66 797 11
60 67 901 50
60 68 982 197
60 69 474 55
60 70 971 196
60 71 629 7
61 62 552 292
61 63 832 200
61 64 340 17
61 65 688 113
61 66 697 94
61 67 37 22
61 68 803 59
61 69 742 163
61 70 290 329
61 71 704 300
62 72 419 231
62 73 881 51
62 74 127 56
62 75 598 256
62 76 77 230
62 77 862 299
62 78 81 143
62 79 647 10
62 80 699 217
62 81 798 319
63 72 153 216
63 73 960 290
63 74 770 194
63 75 367 21
63 76 572 120
63 77 536 176
63 78 966 356
63 79 212 160
63 80 229 58
63 81 996 155
64 72 99 75
64 73 414 208
64 74 348 31
64 75 980 297
64 76 935 272
64 77 372 222
64 78 933 167
64 79 515 236
64 80 187 310
64 81 708 178
65 72 649 10
65 73 247 62
65 74 154 141
65 75 845 126
65 76 767 307
65 77 988 267
65 78 761 81
65 79 796 235
65 80 59 279
65 81 378 67
66 72 440 32
66 73 370 53
66 74 861 324
66 75 105 122
66 76 721 177
66 77 848 88
66 78 665 295
66 79 130 39
66 80 846 290
66 81 404 348
67 72 694 215
67 73 1000 342
67 74 979 332
67 75 648 196
67 76 866 244
67 77 273 281
67 78 65 126
67 79 113 331
67 80 774 32
67 81 900 148
67 115 19643 39
68 72 677 169
68 73 912 266
68 74 395 252
68 75 446 116
68 76 298 132
68 77 708 66
68 78 568 47
68 79 616 164
68 80 842 329
68 81 28 82
69 72 561 114
69 73 120 299
69 74 470 213
69 75 209 125
69 76 537 233
69 77 111 345
69 78 375 114
69 79 700 345
69 80 336 203
69 81 196 314
70 72 865 253
70 73 835 311
70 74 250 140
70 75 516 350
70 76 154 275
70 77 723 66
70 78 206 172
70 79 92 225
70 80 918 118
70 81 581 150
71 72 394 220
71 73 252 294
71 74 939 126
71 75 119 136
71 76 832 232
71 77 929 127
71 78 368 78
71 79 489 281
71 80 684 348
71 81 69 109
71 91 22612 164
72 82 302 116
72 83 291 150
72 84 778 137
72 85 218 253
72 86 8 168
72 87 787 164
72 88 529 246
72 89 564 116
72 90 793 100
72 91 996 285
73 82 403 177
73 83 51 200
73 84 207 94
73 85 34 108
73 86 655 271
73 87 304 159
73 88 184 174
73 89 119 226
73 90 604 13
73 91 463 119
74 82 385 184
74 83 452 90
74 84 114 94
74 85 781 38
74 86 6 329
74 87 703 81
74 88 530 259
74 89 638 221
74 90 37 154
74 91 467 115
74 130 29642 280
75 82 690 149
75 83 337 7
75 84 255 21
75 85 181 62
75 86 403 80
75 87 67 43
75 88 846 285
75 89 47 19
75 90 721 92
75 91 931 141
76 82 76 126
76 83 697 231
76 84 792 300
76 85 103 310
76 86 479 77
76 87 64 12
76 88 448 119
76 89 439 308
76 90 997 197
76 91 697 195
77 82 885 188
77 83 160 212
77 84 57 79
77 85 33 219
77 86 107 58
77 87 575 169
77 88 11 113
77 89 371 127
77 90 849 255
77 91 840 333
78 82 17 212
78 83 753 273
78 84 832 354
78 85 910 26
78 86 269 340
78 87 161 323
78 88 158 158
78 89 212 271
78 90 761 345
78 91 521 94
79 82 546 21
79 83 184 138
79 84 402 112
79 85 891 154
79 86 896 77
79 87 654 327
79 88 346 154
79 89 308 43
79 90 383 186
79 91 980 204
80 82 84 267
80 83 707 346
80 84 116 221
80 85 425 169
80 86 246 252
80 87 118 230
80 88 73 71
80 89 514 244
80 90 406 19
80 91 576 144
81 82 765 29
81 83 816 95
81 84 812 69
81 85 178 246
81 86 378 48
81 87 812 191
81 88 482 152
81 89 178 47
81 90 266 36
81 91 956 26
81 141 22111 57
82 92 45 33
82 93 4 325
82 94 920 262
82 95 948 61
82 96 539 347
82 97 693 278
82 98 295 178
82 99 599 323
82 100 346 6
82 101 631 288
82 142 21059 23
83 92 153 27
83 93 64 338
83 94 94 98
83 95 772 28
83 96 17 325
83 97 194 310
83 98 181 315
83 99 499 134
83 100 755 198
83 101 962 248
84 92 662 319
84 93 815 275
84 94 857 273
84 95 420 350
84 96 397 57
84 97 867 283
84 98 101 248
84 99 682 149
84 100 18 9
84 101 912 309
85 92 880 109
85 93 348 103
85 94 613 13
85 95 424 133
85 96 990 18
85 97 165 143
85 98 489 70
85 99 259 358
85 100 257 223
85 101 243 168
86 92 185 311
86 93 638 74
86 94 56 89
86 95 984 341
86 96 998 126
86 97 778 145
86 98 452 188
86 99 231 265
86 100 261 179
86 101 844 306
87 92 722 244
87 93 90 278
87 94 212 277
87 95 678 129
87 96 402 77
87 97 132 204
87 98 30 46
87 99 618 170
87 100 248 149
87 101 81 211
88 92 328 293
88 93 636 183
88 94 965 236
88 95 896 341
88 96 351 91
88 97 851 333
88 98 25 178
88 99 717 281
88 100 870 39
88 101 378 228
89 92 930 317
89 93 126 79
89 94 325 126
89 95 186 310
89 96 89 50
89 97 353 280
89 98 581 177
89 99 433 73
89 100 786 278
89 101 76 261
90 92 274 205
90 93 778 244
90 94 600 295
90 95 461 230
90 96 33 151
90 97 5 250
90 98 561 91
90 99 13 177
90 100 416 321
90 101 366 91
91 92 663 228
91 93 330 197
91 94 641 74
91 95 346 119
91 96 128 340
91 97 329 299
91 98 265 2
91 99 243 65
91 100 763 32
91 101 379 327
92 102 46 169
92 103 942 139
92 104 542 185
92 105 579 26
92 106 898 193
92 107 418 200
92 108 606 300
92 109 752 336
92 110 626 203
92 111 522 323
93 102 746 102
93 103 140 245
93 104 508 104
93 105 293 94
93 106 281 208
93 107 61 17
93 108 562 271
93 109 322 345
93 110 243 171
93 111 892 276
94 102 952 312
94 103 627 200
94 104 69 33
94 105 377 112
94 106 863 145
94 107 492 292
94 108 158 248
94 109 541 129
94 110 991 189
94 111 652 334
95 102 474 261
95 103 549 204
95 104 953 302
95 105 951 307
95 106 231 348
95 107 449 328
95 108 244 296
95 109 552 43
95 110 173 116
95 111 748 225
96 102 192 103
96 103 622 295
96 104 326 146
96 105 454 332
96 106 576 14
96 107 38 236
96 108 741 255
96 109 552 254
96 110 894 140
96 111 172 102
97 102 995 336
97 103 868 100
97 104 290 127
97 105 180 328
97 106 808 286
97 107 991 88
97 108 501 79
97 109 114 199
97 110 705 91
97 111 150 344
97 112 28144 259
98 102 108 358
98 103 458 282
98 104 808 304
98 105 262 205
98 106 17 181
98 107 454 327
98 108 97 4
98 109 504 72
98 110 976 139
98 111 110 237
99 102 715 191
99 103 927 188
99 104 397 343
99 105 24 1
99 106 699 248
99 107 109 287
99 108 567 78
99 109 667 268
99 110 406 335
99 111 419 8
100 102 188 59
100 103 428 203
100 104 140 323
100 105 600 193
100 106 375 245
100 107 331 251
100 108 536 2
100 109 940 328
100 110 798 284
100 111 957 259
101 102 829 280
101 103 614 183
101 104 195 210
101 105 746 34
101 106 371 211
101 107 637 219
101 108 795 321
101 109 956 63
101 110 825 198
101 111 112 36
102 112 367 355
102 113 223 305
102 114 858 269
102 115 642 172
102 116 167 254
102 117 577 288
102 118 605 123
102 119 312 103
102 120 883 256
102 121 212 37
103 112 386 11
103 113 461 19
103 114 506 49
103 115 865 280
103 116 494 313
103 117 601 83
103 118 953 248
103 119 260 62
103 120 157 110
103 121 151 292
104 112 276 53
104 113 700 219
104 114 224 153
104 115 599 22
104 116 393 314
104 117 254 88
104 118 623 217
104 119 8 108
104 120 709 134
104 121 570 22
105 112 360 6
105 113 205 136
105 114 777 249
105 115 164 199
105 116 547 302
105 117 128 242
105 118 729 79
105 119 323 281
105 120 978 322
105 121 195 137
106 112 158 212
106 113 616 179
106 114 436 340
106 115 833 15
106 116 320 231
106 117 303 240
106 118 785 229
106 119 905 17
106 120 759 4
106 121 592 346
107 112 873 250
107 113 923 247
107 114 517 354
107 115 558 10
107 116 291 226
107 117 151 183
107 118 739 44
107 119 266 270
107 120 133 190
107 121 78 240
108 112 540 110
108 113 635 145
108 114 222 115
108 115 603 225
108 116 81 191
108 117 595 236
108 118 260 197
108 119 950 116
108 120 695 168
108 121 7 188
109 112 659 94
109 113 161 226
109 114 693 314
109 115 921 202
109 116 715 88
109 117 409 276
109 118 306 267
109 119 221 52
109 120 379 345
109 121 902 130
109 129 17440 32
110 112 70 345
110 113 497 55
110 114 141 85
110 115 326 178
110 116 73 124
110 117 34 9
110 118 441 174
110 119 192 345
110 120 581 58
110 121 516 308
110 142 16112 213
111 112 501 72
111 113 368 60
111 114 51 341
111 115 595 195
111 116 472 18
111 117 753 184
111 118 573 258
111 119 182 308
111 120 56 308
111 121 558 313
112 122 560 319
112 123 333 231
112 124 530 151
112 125 341 161
112 126 601 151
112 127 4 278
112 128 9 51
112 129 90 99
112 130 618 243
112 131 429 3
113 122 507 261
113 123 957 60
113 124 344 40
113 125 389 39
113 126 290 321
113 127 285 143
113 128 637 177
113 129 371 175
113 130 731 313
113 131 8 189
114 122 933 38
114 123 425 288
114 124 401 240
114 125 239 351
114 126 737 24
114 127 290 107
114 128 520 254
114 129 551 279
114 130 138 178
114 131 839 293
114 138 27175 282
115 122 1 200
115 123 344 147
115 124 826 324
115 125 384 136
115 126 815 241
115 127 638 263
115 128 181 272
115 129 771 18
115 130 369 178
115 131 197 282
116 122 295 185
116 123 683 322
116 124 265 156
116 125 615 236
116 126 462 351
116 127 232 350
116 128 675 162
116 129 814 154
116 130 992 105
116 131 349 321
117 122 192 354
117 123 880 122
117 124 29 105
117 125 635 334
117 126 550 286
117 127 392 121
117 128 659 13
117 129 870 121
117 130 533 161
117 131 325 188
118 122 534 343
118 123 269 305
118 124 813 8
118 125 286 211
118 126 238 9
118 127 235 338
118 128 530 131
118 129 650 296
118 130 922 204
118 131 129 230
119 122 276 28
119 123 894 257
119 124 509 44
119 125 912 92
119 126 242 25
119 127 786 182
119 128 758 236
119 129 375 180
119 130 562 316
119 131 759 345
120 122 320 123
120 123 756 290
120 124 567 31
120 125 954 252
120 126 471 223
120 127 298 19
120 128 944 233
120 129 479 3
120 130 175 93
120 131 889 226
121 122 580 284
121 123 974 8
121 124 270 19
121 125 602 216
121 126 116 52
121 127 569 238
121 128 570 139
121 129 499 114
121 130 433 151
121 131 926 223
122 132 442 151
122 133 544 129
122 134 649 114
122 135 613 238
122 136 469 68
122 137 970 87
122 138 149 274
122 139 814 189
122 140 414 226
122 141 516 227
123 132 984 67
123 133 137 166
123 134 27 80
123 135 977 104
123 136 62 8
123 137 161 237
123 138 234 7
123 139 880 12
123 140 136 38
123 141 985 143
124 132 160 104
124 133 714 304
124 134 486 288
124 135 631 284
124 136 288 78
124 137 758 160
124 138 34 250
124 139 899 226
124 140 338 1
124 141 824 283
125 132 759 104
125 133 130 92
125 134 841 118
125 135 272 58
125 136 275 155
125 137 593 167
125 138 121 311
125 139 224 124
125 140 942 32
125 141 478 315
126 132 8 201
126 133 636 169
126 134 791 261
126 135 404 176
126 136 388 103
126 137 957 358
126 138 871 11
126 139 614 310
126 140 376 258
126 141 86 98
127 132 502 255
127 133 615 152
127 134 763 224
127 135 360 49
127 136 748 216
127 137 401 220
127 138 410 294
127 139 275 307
127 140 912 284
127 141 671 159
128 132 667 182
128 133 30 221
128 134 779 59
128 135 623 330
128 136 487 15
128 137 913 32
128 138 59 208
128 139 861 262
128 140 563 73
128 141 303 293
129 132 437 164
129 133 899 199
129 134 205 10
129 135 548 238
129 136 604 304
129 137 730 196
129 138 873 314
129 139 944 26
129 140 767 101
129 141 61 94
130 132 400 327
130 133 625 205
130 134 940 31
130 135 734 283
130 136 794 243
130 137 780 246
130 138 74 351
130 139 285 260
130 140 237 236
130 141 465 23
131 132 838 278
131 133 862 115
131 134 71 117
131 135 603 29
131 136 25 115
131 137 872 275
131 138 17 49
131 139 860 106
131 140 652 343
131 141 253 97
132 142 595 125
132 143 419 181
132 144 83 142
132 145 905 67
132 146 309 66
132 147 578 181
132 148 282 296
132 149 608 141
132 150 395 324
132 151 68 201
133 142 226 162
133 143 750 97
133 144 89 270
133 145 427 207
133 146 323 99
133 147 346 7
133 148 116 181
133 149 842 154
133 150 670 20
133 151 150 183
134 142 932 43
134 143 416 31
134 144 17 269
134 145 835 320
134 146 597 302
134 147 516 167
134 148 903 329
134 149 515 52
134 150 292 259
134 151 692 170
135 142 541 74
135 143 779 78
135 144 272 26
135 145 939 193
135 146 5 26
135 147 503 37
135 148 905 72
135 149 683 265
135 150 209 294
135 151 459 224
136 142 718 328
136 143 819 22
136 144 401 289
136 145 413 73
136 146 554 346
136 147 147 209
136 148 87 324
136 149 862 110
136 150 257 300
136 151 999 71
137 142 943 299
137 143 762 256
137 144 32 114
137 145 716 281
137 146 958 76
137 147 69 31
137 148 319 276
137 149 475 235
137 150 254 87
137 151 615 26
138 142 463 198
138 143 894 296
138 144 258 83
138 145 340 157
138 146 68 302
138 147 775 293
138 148 259 185
138 149 194 260
138 150 457 238
138 151 992 156
139 142 59 265
139 143 851 46
139 144 200 358
139 145 771 315
139 146 182 249
139 147 615 199
139 148 694 209
139 149 64 163
139 150 191 3
139 151 377 282
140 142 259 284
140 143 310 37
140 144 175 110
140 145 359 45
140 146 459 210
140 147 570 2
140 148 172 109
140 149 934 259
140 150 453 152
140 151 825 311
141 142 344 148
141 143 215 144
141 144 903 203
141 145 198 199
141 146 907 114
141 147 254 356
141 148 243 287
141 149 402 214
141 150 143 228
141 151 181 153
142 152 124 146
143 152 170 325
144 152 777 137
145 152 776 346
146 152 831 58
147 152 394 26
148 152 907 3
149 152 118 256
150 152 930 15
151 152 169 271
