152 1444 1 152 7 361
1 2 154 353
1 3 560 290
1 4 933 9
1 5 661 122
1 6 884 162
1 7 285 184
1 8 810 145
1 9 215 243
1 10 197 329
1 11 838 156
2 12 8 286
2 13 837 259
2 14 895 228
2 15 456 77
2 16 119 350
2 17 156 323
2 18 215 238
2 19 904 348
2 20 781 347
2 21 737 37
3 12 540 339
3 13 439 138
3 14 17 299
3 15 654 110
3 16 230 233
3 17 236 149
3 18 548 218
3 19 702 38
3 20 303 115
3 21 956 342
4 12 982 332
4 13 833 98
4 14 860 268
4 15 610 269
4 16 251 50
4 17 770 209
4 18 932 194
4 19 256 65
4 20 797 39
4 21 232 200
5 12 297 3
5 13 84 55
5 14 886 273
5 15 261 82
5 16 222 46
5 17 105 28
5 18 946 148
5 19 815 277
5 20 895 42
5 21 342 185
6 12 957 20
6 13 544 17
6 14 933 237
6 15 350 89
6 16 174 44
6 17 20 243
6 18 464 38
6 19 956 157
6 20 673 25
6 21 770 134
6 48 19764 276
7 12 577 19
7 13 639 214
7 14 670 39
7 15 327 205
7 16 726 61
7 17 266 36
7 18 53 293
7 19 669 251
7 20 451 316
7 21 158 239
8 12 634 284
8 13 467 227
8 14 188 126
8 15 13 111
8 16 565 199
8 17 432 110
8 18 78 28
8 19 969 105
8 20 133 94
8 21 606 24
9 12 320 198
9 13 224 272
9 14 442 266
9 15 481 317
9 16 317 68
9 17 885 318
9 18 747 78
9 19 302 78
9 20 553 72
9 21 176 93
10 12 125 198
10 13 296 112
10 14 704 195
10 15 884 158
10 16 65 183
10 17 145 297
10 18 58 14
10 19 580 354
10 20 25 76
10 21 716 205
11 12 357 334
11 13 435 316
11 14 11 242
11 15 105 148
11 16 25 323
11 17 908 261
11 18 170 315
11 19 867 165
11 20 206 278
11 21 216 37
12 22 298 215
12 23 636 134
12 24 565 271
12 25 983 347
12 26 503 63
12 27 780 147
12 28 982 355
12 29 916 211
12 30 806 226
12 31 5 30
13 22 622 339
13 23 447 51
13 24 397 243
13 25 960 30
13 26 871 338
13 27 185 139
13 28 504 355
13 29 182 112
13 30 409 304
13 31 484 343
14 22 14 318
14 23 885 311
14 24 908 322
14 25 76 171
14 26 213 220
14 27 483 154
14 28 818 166
14 29 360 210
14 30 458 334
14 31 891 152
15 22 211 320
15 23 371 28
15 24 428 199
15 25 697 139
15 26 810 1
15 27 137 106
15 28 47 123
15 29 483 185
15 30 908 96
15 31 869 228
16 22 495 175
16 23 152 89
16 24 491 165
16 25 653 165
16 26 519 108
16 27 117 151
16 28 265 79
16 29 583 187
16 30 717 185
16 31 169 134
17 22 37 190
17 23 296 347
17 24 145 324
17 25 463 72
17 26 843 328
17 27 589 6
17 28 740 89
17 29 390 170
17 30 535 33
17 31 629 189
18 22 673 67
18 23 618 254
18 24 513 16
18 25 121 301
18 26 212 345
18 27 720 184
18 28 472 331
18 29 520 110
18 30 665 64
18 31 407 47
19 22 915 318
19 23 17 249
19 24 972 312
19 25 227 4
19 26 154 153
19 27 327 165
19 28 777 57
19 29 736 179
19 30 553 226
19 31 215 3
20 22 226 106
20 23 385 68
20 24 783 350
20 25 477 211
20 26 151 253
20 27 493 64
20 28 649 67
20 29 104 53
20 30 170 89
20 31 283 183
20 67 20256 218
21 22 725 26
21 23 329 132
21 24 413 45
21 25 31 334
21 26 995 1
21 27 100 253
21 28 313 239
21 29 123 76
21 30 423 3
21 31 276 237
22 32 235 240
22 33 360 15
22 34 91 8
22 35 230 216
22 36 146 358
22 37 217 116
22 38 264 14
22 39 367 342
22 40 951 352
22 41 622 263
22 95 17022 337
23 32 888 210
23 33 574 230
23 34 862 88
23 35 441 128
23 36 633 97
23 37 972 12
23 38 976 292
23 39 413 271
23 40 223 305
23 41 721 153
24 32 824 138
24 33 53 130
24 34 856 326
24 35 971 238
24 36 269 279
24 37 503 318
24 38 265 128
24 39 794 48
24 40 440 338
24 41 332 304
25 32 833 77
25 33 331 3
25 34 912 242
25 35 618 315
25 36 866 10
25 37 319 289
25 38 690 59
25 39 596 216
25 40 243 123
25 41 401 346
26 32 3 48
26 33 172 121
26 34 861 297
26 35 87 146
26 36 855 251
26 37 590 300
26 38 982 329
26 39 430 80
26 40 816 286
26 41 810 15
27 32 848 16
27 33 540 103
27 34 844 341
27 35 838 241
27 36 306 282
27 37 566 182
27 38 222 107
27 39 863 76
27 40 716 114
27 41 377 271
28 32 201 68
28 33 872 110
28 34 508 73
28 35 489 134
28 36 581 227
28 37 698 267
28 38 724 177
28 39 652 234
28 40 648 213
28 41 862 349
29 32 308 290
29 33 995 141
29 34 430 227
29 35 752 182
29 36 897 71
29 37 418 204
29 38 346 60
29 39 788 97
29 40 368 153
29 41 555 48
30 32 889 227
30 33 240 307
30 34 684 6
30 35 785 135
30 36 820 331
30 37 737 34
30 38 943 167
30 39 285 310
30 40 300 119
30 41 531 57
31 32 426 119
31 33 75 80
31 34 27 74
31 35 550 304
31 36 569 144
31 37 737 99
31 38 114 181
31 39 471 310
31 40 914 68
31 41 60 179
32 42 295 157
32 43 961 352
32 44 976 149
32 45 902 210
32 46 815 330
32 47 173 333
32 48 996 334
32 49 498 335
32 50 962 249
32 51 688 328
33 42 237 225
33 43 657 123
33 44 828 83
33 45 226 36
33 46 559 62
33 47 146 219
33 48 856 80
33 49 723 327
33 50 597 209
33 51 420 10
34 42 319 301
34 43 293 336
34 44 701 106
34 45 347 187
34 46 676 148
34 47 296 171
34 48 189 121
34 49 10 137
34 50 198 150
34 51 443 172
35 42 441 217
35 43 946 235
35 44 413 351
35 45 523 40
35 46 391 231
35 47 382 330
35 48 771 276
35 49 855 6
35 50 371 264
35 51 474 344
35 94 22801 319
36 42 22 50
36 43 741 92
36 44 133 108
36 45 230 188
36 46 476 1
36 47 4 235
36 48 705 340
36 49 309 88
36 50 972 338
36 51 90 91
37 42 279 177
37 43 622 229
37 44 559 78
37 45 3 279
37 46 217 254
37 47 257 67
37 48 861 230
37 49 167 95
37 50 893 352
37 51 978 33
38 42 750 95
38 43 82 270
38 44 863 166
38 45 601 132
38 46 991 284
38 47 877 208
38 48 668 297
38 49 299 54
38 50 592 234
38 51 323 191
39 42 669 276
39 43 987 292
39 44 513 216
39 45 312 242
39 46 562 10
39 47 19 88
39 48 602 113
39 49 666 263
39 50 426 167
39 51 960 89
40 42 150 233
40 43 793 102
40 44 480 280
40 45 758 85
40 46 932 122
40 47 608 221
40 48 660 121
40 49 585 123
40 50 640 299
40 51 623 68
41 42 3 108
41 43 698 131
41 44 658 3
41 45 718 259
41 46 789 217
41 47 311 33
41 48 920 164
41 49 2 281
41 50 67 293
41 51 708 307
42 52 215 62
42 53 46 291
42 54 919 173
42 55 106 110
42 56 429 280
42 57 72 63
42 58 372 336
42 59 45 293
42 60 684 99
42 61 343 316
43 52 780 320
43 53 394 150
43 54 743 142
43 55 745 49
43 56 284 2
43 57 565 129
43 58 817 280
43 59 855 333
43 60 163 9
43 61 312 215
44 52 3 304
44 53 268 262
44 54 417 211
44 55 246 181
44 56 619 46
44 57 461 138
44 58 94 81
44 59 957 331
44 60 883 215
44 61 413 73
45 52 700 96
45 53 141 351
45 54 340 135
45 55 792 360
45 56 793 290
45 57 953 122
45 58 924 351
45 59 545 346
45 60 694 112
45 61 606 110
46 52 248 141
46 53 494 87
46 54 536 211
46 55 211 66
46 56 43 234
46 57 601 39
46 58 784 305
46 59 189 216
46 60 448 219
46 61 641 48
47 52 747 179
47 53 56 221
47 54 880 251
47 55 698 17
47 56 465 21
47 57 410 84
47 58 307 217
47 59 583 27
47 60 641 28
47 61 250 81
48 52 218 85
48 53 202 31
48 54 617 113
48 55 370 144
48 56 896 128
48 57 990 7
48 58 439 37
48 59 180 233
48 60 984 40
48 61 276 301
49 52 966 130
49 53 162 214
49 54 874 84
49 55 207 272
49 56 634 308
49 57 568 327
49 58 105 51
49 59 49 301
49 60 129 324
49 61 926 79
50 52 164 212
50 53 154 359
50 54 161 338
50 55 759 261
50 56 63 105
50 57 637 173
50 58 391 270
50 59 709 286
50 60 265 25
50 61 669 288
51 52 860 87
51 53 301 187
51 54 654 205
51 55 875 280
51 56 214 93
51 57 342 39
51 58 585 255
51 59 869 303
51 60 591 105
51 61 151 119
52 62 296 76
52 63 302 132
52 64 646 109
52 65 5 54
52 66 456 172
52 67 109 312
52 68 685 139
52 69 204 106
52 70 961 255
52 71 220 210
53 62 324 92
53 63 106 148
53 64 551 17
53 65 280 328
53 66 927 91
53 67 467 132
53 68 837 353
53 69 957 27
53 70 943 127
53 71 545 70
54 62 350 192
54 63 958 109
54 64 20 178
54 65 629 255
54 66 27 237
54 67 688 112
54 68 614 17
54 69 51 306
54 70 153 146
54 71 275 257
55 62 89 317
55 63 150 33
55 64 527 340
55 65 619 51
55 66 598 331
55 67 140 74
55 68 597 328
55 69 415 193
55 70 116 31
55 71 298 351
56 62 691 79
56 63 360 202
56 64 279 294
56 65 375 221
56 66 961 237
56 67 439 205
56 68 822 244
56 69 338 69
56 70 940 251
56 71 95 273
57 62 402 94
57 63 762 170
57 64 748 168
57 65 986 117
57 66 184 59
57 67 267 20
57 68 27 45
57 69 702 264
57 70 922 320
57 71 358 152
58 62 41 293
58 63 285 357
58 64 697 124
58 65 861 296
58 66 96 322
58 67 72 114
58 68 817 294
58 69 252 111
58 70 423 235
58 71 820 341
59 62 756 84
59 63 3 186
59 64 504 221
59 65 848 176
59 66 791 38
59 67 738 294
59 68 920 308
59 69 357 231
59 70 246 11
59 71 304 1
60 62 510 226
60 63 400 208
60 64 136 86
60 65 389 291
60 66 499 305
60 67 371 346
60 68 502 201
60 69 982 270
60 70 670 19
60 71 983 19
61 62 205 5
61 63 674 292
61 64 88 24
61 65 385 328
61 66 765 231
61 67 234 232
61 68 397 349
61 69 376 11
61 70 217 224
61 71 46 330
62 72 743 313
62 73 229 105
62 74 948 152
62 75 389 37
62 76 64 171
62 77 238 311
62 78 574 51
62 79 92 226
62 80 637 89
62 81 116 270
63 72 766 215
63 73 174 49
63 74 702 242
63 75 126 283
63 76 265 98
63 77 887 269
63 78 488 129
63 79 708 233
63 80 18 212
63 81 992 165
63 121 17638 299
64 72 899 96
64 73 715 111
64 74 673 75
64 75 393 299
64 76 860 65
64 77 753 350
64 78 872 355
64 79 997 315
64 80 606 20
64 81 282 169
65 72 887 7
65 73 701 3
65 74 614 335
65 75 722 100
65 76 35 254
65 77 541 134
65 78 79 220
65 79 823 249
65 80 421 308
65 81 252 236
66 72 199 354
66 73 63 257
66 74 541 107
66 75 527 242
66 76 700 255
66 77 381 353
66 78 494 165
66 79 805 5
66 80 778 128
66 81 174 310
67 72 772 169
67 73 558 322
67 74 990 62
67 75 121 68
67 76 825 340
67 77 870 313
67 78 810 139
67 79 603 350
67 80 188 304
67 81 808 169
67 148 30672 282
68 72 385 50
68 73 880 151
68 74 829 354
68 75 524 99
68 76 342 120
68 77 867 92
68 78 264 316
68 79 981 329
68 80 766 221
68 81 126 324
69 72 65 132
69 73 748 78
69 74 306 214
69 75 40 222
69 76 485 163
69 77 702 45
69 78 231 274
69 79 924 323
69 80 760 201
69 81 192 281
69 94 28625 320
69 144 26208 288
70 72 194 328
70 73 585 150
70 74 573 298
70 75 774 19
70 76 434 117
70 77 909 204
70 78 460 292
70 79 833 330
70 80 100 171
70 81 561 230
70 106 21715 28
71 72 600 83
71 73 344 285
71 74 147 280
71 75 828 197
71 76 706 213
71 77 638 283
71 78 166 122
71 79 404 286
71 80 822 7
71 81 804 144
72 82 206 220
72 83 920 247
72 84 889 216
72 85 468 177
72 86 773 55
72 87 305 150
72 88 597 101
72 89 830 333
72 90 163 129
72 91 641 66
73 82 788 23
73 83 314 211
73 84 762 164
73 85 886 108
73 86 415 141
73 87 127 341
73 88 896 280
73 89 595 191
73 90 36 333
73 91 12 333
74 82 492 44
74 83 493 234
74 84 667 118
74 85 63 174
74 86 346 72
74 87 817 307
74 88 443 330
74 89 660 53
74 90 89 283
74 91 452 87
75 82 762 10
75 83 459 275
75 84 555 254
75 85 745 231
75 86 379 184
75 87 464 194
75 88 975 309
75 89 433 177
75 90 790 335
75 91 359 264
76 82 993 173
76 83 683 287
76 84 281 261
76 85 742 103
76 86 777 16
76 87 935 188
76 88 651 354
76 89 559 140
76 90 988 343
76 91 969 270
77 82 109 118
77 83 127 54
77 84 943 337
77 85 8 175
77 86 392 134
77 87 919 103
77 88 845 353
77 89 321 45
77 90 69 281
77 91 866 37
78 82 367 251
78 83 199 304
78 84 849 296
78 85 105 13
78 86 160 184
78 87 70 110
78 88 970 221
78 89 855 259
78 90 194 136
78 91 735 1
79 82 106 52
79 83 201 276
79 84 495 10
79 85 544 169
79 86 58 110
79 87 55 31
79 88 614 198
79 89 934 235
79 90 170 325
79 91 876 251
80 82 413 358
80 83 728 55
80 84 111 283
80 85 445 81
80 86 910 190
80 87 744 100
80 88 459 73
80 89 574 169
80 90 778 174
80 91 718 303
81 82 40 139
81 83 336 70
81 84 863 334
81 85 867 176
81 86 121 206
81 87 509 86
81 88 345 144
81 89 415 297
81 90 859 8
81 91 596 23
82 92 843 139
82 93 945 43
82 94 651 171
82 95 145 231
82 96 209 93
82 97 214 72
82 98 629 113
82 99 789 361
82 100 555 239
82 101 547 139
83 92 373 356
83 93 14 19
83 94 809 337
83 95 173 5
83 96 666 27
83 97 37 138
83 98 557 119
83 99 629 77
83 100 465 14
83 101 59 60
84 92 541 265
84 93 776 269
84 94 948 198
84 95 654 105
84 96 502 262
84 97 546 25
84 98 90 267
84 99 89 173
84 100 48 356
84 101 266 346
85 92 505 241
85 93 910 39
85 94 48 188
85 95 685 56
85 96 393 21
85 97 815 318
85 98 916 29
85 99 890 141
85 100 117 205
85 101 505 19
85 138 18050 181
86 92 550 349
86 93 987 11
86 94 139 86
86 95 533 256
86 96 319 294
86 97 362 30
86 98 317 300
86 99 663 201
86 100 962 164
86 101 387 29
87 92 374 313
87 93 92 118
87 94 131 35
87 95 119 279
87 96 213 249
87 97 25 264
87 98 468 356
87 99 879 203
87 100 898 306
87 101 825 45
88 92 63 174
88 93 104 145
88 94 212 246
88 95 306 69
88 96 512 59
88 97 942 214
88 98 285 56
88 99 294 13
88 100 55 195
88 101 798 117
89 92 920 275
89 93 88 305
89 94 417 251
89 95 965 337
89 96 185 107
89 97 505 194
89 98 527 296
89 99 785 212
89 100 177 248
89 101 889 318
90 92 833 158
90 93 666 73
90 94 883 70
90 95 522 6
90 96 711 291
90 97 871 34
90 98 145 256
90 99 627 62
90 100 744 85
90 101 863 163
91 92 747 296
91 93 829 121
91 94 971 100
91 95 707 124
91 96 676 243
91 97 493 332
91 98 675 118
91 99 149 293
91 100 79 275
91 101 734 81
91 117 18627 115
92 102 271 275
92 103 457 27
92 104 716 19
92 105 273 159
92 106 791 43
92 107 905 216
92 108 960 82
92 109 169 142
92 110 509 188
92 111 454 101
92 139 27620 270
93 102 499 105
93 103 900 302
93 104 424 271
93 105 967 295
93 106 786 237
93 107 560 328
93 108 151 202
93 109 923 175
93 110 189 21
93 111 225 168
94 102 825 265
94 103 974 295
94 104 12 158
94 105 707 279
94 106 126 183
94 107 698 191
94 108 665 145
94 109 249 157
94 110 102 356
94 111 428 335
95 102 256 273
95 103 522 284
95 104 92 314
95 105 473 82
95 106 529 60
95 107 214 327
95 108 652 317
95 109 640 198
95 110 143 73
95 111 628 124
95 115 30846 150
95 137 16042 208
96 102 363 308
96 103 808 258
96 104 908 32
96 105 435 17
96 106 238 140
96 107 341 301
96 108 518 29
96 109 522 77
96 110 644 315
96 111 872 212
97 102 336 209
97 103 659 248
97 104 99 141
97 105 949 56
97 106 853 229
97 107 363 133
97 108 458 137
97 109 466 16
97 110 688 325
97 111 828 223
98 102 224 12
98 103 580 58
98 104 3 280
98 105 328 140
98 106 363 117
98 107 606 78
98 108 824 209
98 109 753 316
98 110 793 167
98 111 178 163
99 102 568 20
99 103 646 284
99 104 157 312
99 105 871 250
99 106 442 116
99 107 325 300
99 108 3 156
99 109 276 69
99 110 23 253
99 111 485 273
100 102 389 344
100 103 778 82
100 104 113 311
100 105 416 106
100 106 315 292
100 107 856 295
100 108 181 343
100 109 784 169
100 110 103 1
100 111 383 9
101 102 859 187
101 103 797 206
101 104 488 195
101 105 775 82
101 106 118 355
101 107 747 269
101 108 123 103
101 109 353 358
101 110 339 275
101 111 373 176
102 112 59 139
102 113 844 194
102 114 81 84
102 115 217 102
102 116 975 199
102 117 251 248
102 118 181 112
102 119 407 115
102 120 783 143
102 121 644 154
103 112 76 23
103 113 711 298
103 114 52 77
103 115 370 55
103 116 798 150
103 117 608 111
103 118 873 260
103 119 863 221
103 120 835 73
103 121 10 242
103 132 23881 280
104 112 675 57
104 113 958 255
104 114 863 244
104 115 776 257
104 116 382 76
104 117 919 19
104 118 991 110
104 119 673 187
104 120 945 129
104 121 855 282
105 112 413 45
105 113 343 201
105 114 759 208
105 115 558 136
105 116 636 90
105 117 118 87
105 118 988 22
105 119 560 124
105 120 300 246
105 121 518 39
106 112 96 136
106 113 594 248
106 114 446 332
106 115 498 81
106 116 879 202
106 117 634 92
106 118 64 291
106 119 380 238
106 120 531 228
106 121 251 108
107 112 492 71
107 113 324 193
107 114 631 162
107 115 748 219
107 116 66 232
107 117 375 104
107 118 184 79
107 119 764 31
107 120 225 143
107 121 939 14
108 112 676 174
108 113 317 89
108 114 528 351
108 115 400 217
108 116 675 76
108 117 51 223
108 118 628 31
108 119 711 328
108 120 426 301
108 121 88 209
109 112 557 40
109 113 953 89
109 114 996 192
109 115 860 123
109 116 95 259
109 117 233 273
109 118 459 195
109 119 196 74
109 120 188 259
109 121 250 160
110 112 258 288
110 113 552 154
110 114 492 340
110 115 716 105
110 116 218 320
110 117 761 119
110 118 911 17
110 119 658 202
110 120 828 155
110 121 723 115
111 112 471 84
111 113 861 305
111 114 886 108
111 115 2 5
111 116 277 17
111 117 940 261
111 118 260 85
111 119 469 108
111 120 134 248
111 121 671 52
111 136 21332 77
112 122 987 289
112 123 634 93
112 124 54 114
112 125 73 142
112 126 437 320
112 127 577 301
112 128 125 13
112 129 756 119
112 130 455 266
112 131 1 109
113 122 128 43
113 123 461 158
113 124 54 290
113 125 305 175
113 126 775 314
113 127 181 99
113 128 957 271
113 129 440 317
113 130 882 54
113 131 788 283
114 122 525 1
114 123 592 137
114 124 953 148
114 125 235 123
114 126 221 326
114 127 46 141
114 128 656 107
114 129 725 295
114 130 486 94
114 131 204 202
115 122 547 322
115 123 74 292
115 124 623 52
115 125 352 356
115 126 47 83
115 127 17 218
115 128 409 233
115 129 545 11
115 130 824 358
115 131 350 99
115 139 20138 190
116 122 894 188
116 123 544 38
116 124 925 54
116 125 889 194
116 126 284 318
116 127 479 43
116 128 505 356
116 129 307 355
116 130 6 178
116 131 969 274
117 122 498 95
117 123 655 246
117 124 738 12
117 125 763 198
117 126 471 161
117 127 343 82
117 128 556 130
117 129 831 333
117 130 812 280
117 131 536 356
117 134 20311 135
118 122 839 212
118 123 839 245
118 124 930 308
118 125 442 150
118 126 439 85
118 127 903 163
118 128 448 344
118 129 640 32
118 130 583 32
118 131 514 316
118 141 30475 173
118 146 23052 195
119 122 115 353
119 123 642 240
119 124 194 22
119 125 89 296
119 126 338 343
119 127 941 87
119 128 74 182
119 129 67 60
119 130 145 256
119 131 55 310
119 142 17692 46
120 122 377 12
120 123 294 274
120 124 125 196
120 125 792 276
120 126 245 213
120 127 457 39
120 128 63 74
120 129 274 308
120 130 39 88
120 131 521 317
120 145 21171 111
121 122 881 17
121 123 670 190
121 124 576 158
121 125 324 314
121 126 623 240
121 127 531 245
121 128 295 133
121 129 576 288
121 130 304 147
121 131 184 56
121 144 16375 202
122 132 807 22
122 133 210 52
122 134 545 313
122 135 938 224
122 136 203 237
122 137 927 267
122 138 442 45
122 139 857 229
122 140 406 348
122 141 146 194
122 143 18037 98
123 132 849 138
123 133 343 340
123 134 783 107
123 135 162 310
123 136 803 50
123 137 469 360
123 138 507 311
123 139 372 150
123 140 816 207
123 141 318 210
124 132 672 191
124 133 773 351
124 134 342 281
124 135 876 323
124 136 888 314
124 137 62 199
124 138 1 104
124 139 611 276
124 140 803 92
124 141 215 262
125 132 135 19
125 133 654 318
125 134 656 17
125 135 832 1
125 136 942 237
125 137 88 222
125 138 565 85
125 139 518 194
125 140 391 207
125 141 43 53
126 132 623 28
126 133 296 272
126 134 590 159
126 135 727 336
126 136 910 284
126 137 120 117
126 138 71 316
126 139 788 81
126 140 842 205
126 141 735 169
127 132 653 255
127 133 804 173
127 134 766 206
127 135 930 94
127 136 82 106
127 137 435 281
127 138 723 231
127 139 342 194
127 140 731 360
127 141 783 332
128 132 457 69
128 133 833 333
128 134 951 125
128 135 787 254
128 136 160 234
128 137 602 103
128 138 10 140
128 139 740 261
128 140 256 305
128 141 497 294
129 132 393 350
129 133 826 348
129 134 585 315
129 135 665 291
129 136 227 192
129 137 565 331
129 138 260 190
129 139 554 313
129 140 561 27
129 141 186 36
130 132 981 242
130 133 801 113
130 134 593 167
130 135 443 256
130 136 853 181
130 137 225 144
130 138 341 336
130 139 685 293
130 140 820 172
130 141 524 252
131 132 101 45
131 133 352 294
131 134 422 291
131 135 36 334
131 136 702 280
131 137 606 137
131 138 17 28
131 139 617 62
131 140 828 199
131 141 232 137
132 142 574 80
132 143 39 52
132 144 235 120
132 145 189 43
132 146 958 284
132 147 201 189
132 148 167 214
132 149 524 187
132 150 909 88
132 151 432 351
133 142 995 93
133 143 326 285
133 144 339 102
133 145 201 305
133 146 323 11
133 147 707 171
133 148 316 194
133 149 847 117
133 150 501 157
133 151 34 227
134 142 429 121
134 143 791 289
134 144 733 109
134 145 50 231
134 146 42 130
134 147 493 197
134 148 412 194
134 149 635 106
134 150 770 343
134 151 64 233
135 142 766 353
135 143 297 73
135 144 723 7
135 145 414 2
135 146 134 297
135 147 651 245
135 148 709 125
135 149 791 300
135 150 84 307
135 151 705 61
136 142 733 202
136 143 242 103
136 144 547 93
136 145 563 55
136 146 876 227
136 147 826 53
136 148 395 288
136 149 565 360
136 150 45 99
136 151 538 176
137 142 512 174
137 143 111 349
137 144 730 119
137 145 717 126
137 146 961 329
137 147 992 240
137 148 804 322
137 149 131 64
137 150 814 157
137 151 243 41
138 142 547 72
138 143 522 196
138 144 700 248
138 145 423 238
138 146 145 13
138 147 797 64
138 148 535 347
138 149 622 211
138 150 950 278
138 151 336 138
139 142 436 189
139 143 90 231
139 144 862 14
139 145 135 252
139 146 499 281
139 147 950 308
139 148 775 196
139 149 860 256
139 150 475 271
139 151 660 51
140 142 478 321
140 143 81 258
140 144 857 264
140 145 497 196
140 146 314 35
140 147 219 247
140 148 843 101
140 149 635 93
140 150 824 27
140 151 911 313
141 142 125 264
141 143 135 4
141 144 546 238
141 145 896 256
141 146 295 270
141 147 146 91
141 148 248 226
141 149 7 85
141 150 918 53
141 151 892 43
142 152 761 8
143 152 924 32
144 152 69 209
145 152 697 107
146 152 471 325
147 152 941 188
148 152 726 144
149 152 533 124
150 152 597 159
151 152 675 227
