152 1431 1 152 7 358
1 2 770 297
1 3 996 152
1 4 218 111
1 5 65 204
1 6 693 2
1 7 868 304
1 8 458 294
1 9 129 70
1 10 462 317
1 11 786 55
2 12 91 187
2 13 792 109
2 14 800 29
2 15 955 311
2 16 473 249
2 17 202 98
2 18 538 253
2 19 559 47
2 20 611 126
2 21 133 283
3 12 614 131
3 13 774 137
3 14 134 46
3 15 54 315
3 16 786 292
3 17 692 147
3 18 356 87
3 19 839 176
3 20 517 221
3 21 441 355
4 12 450 206
4 13 545 317
4 14 170 318
4 15 334 279
4 16 538 169
4 17 528 78
4 18 366 25
4 19 781 288
4 20 385 151
4 21 166 197
5 12 825 312
5 13 306 197
5 14 417 90
5 15 650 276
5 16 722 40
5 17 798 124
5 18 465 294
5 19 984 254
5 20 111 28
5 21 682 191
5 122 16833 126
6 12 454 2
6 13 202 34
6 14 928 77
6 15 938 235
6 16 125 330
6 17 129 353
6 18 198 92
6 19 142 334
6 20 14 356
6 21 783 299
7 12 574 126
7 13 831 79
7 14 331 111
7 15 821 246
7 16 415 97
7 17 862 57
7 18 828 51
7 19 316 17
7 20 459 160
7 21 820 137
8 12 207 60
8 13 625 32
8 14 112 64
8 15 864 16
8 16 116 334
8 17 952 112
8 18 394 111
8 19 129 157
8 20 502 95
8 21 746 48
9 12 321 278
9 13 574 69
9 14 795 213
9 15 642 254
9 16 943 2
9 17 875 301
9 18 675 223
9 19 185 206
9 20 636 248
9 21 337 231
9 31 16406 72
10 12 886 214
10 13 795 148
10 14 922 151
10 15 790 138
10 16 421 222
10 17 833 295
10 18 961 234
10 19 175 166
10 20 171 290
10 21 8 212
10 141 19384 327
11 12 936 96
11 13 644 26
11 14 549 249
11 15 33 34
11 16 618 120
11 17 656 192
11 18 985 241
11 19 186 273
11 20 261 123
11 21 195 318
12 22 706 110
12 23 4 223
12 24 369 305
12 25 828 50
12 26 599 227
12 27 913 103
12 28 618 151
12 29 931 98
12 30 738 265
12 31 524 58
13 22 461 352
13 23 369 164
13 24 115 36
13 25 451 97
13 26 189 233
13 27 31 58
13 28 164 100
13 29 614 178
13 30 544 190
13 31 296 97
14 22 599 189
14 23 150 75
14 24 41 23
14 25 198 268
14 26 960 52
14 27 848 103
14 28 801 54
14 29 139 238
14 30 523 271
14 31 474 67
15 22 512 317
15 23 625 261
15 24 887 77
15 25 459 53
15 26 138 253
15 27 942 270
15 28 915 40
15 29 534 37
15 30 535 210
15 31 14 85
16 22 760 28
16 23 354 10
16 24 876 347
16 25 313 75
16 26 905 68
16 27 413 97
16 28 254 110
16 29 692 261
16 30 302 109
16 31 409 289
16 72 29043 212
17 22 571 24
17 23 717 44
17 24 417 150
17 25 300 312
17 26 161 169
17 27 881 66
17 28 94 295
17 29 617 126
17 30 30 34
17 31 82 235
18 22 658 182
18 23 334 67
18 24 590 272
18 25 164 254
18 26 8 232
18 27 815 2
18 28 770 211
18 29 284 71
18 30 562 179
18 31 431 301
19 22 558 224
19 23 391 165
19 24 378 199
19 25 692 110
19 26 771 301
19 27 404 244
19 28 656 220
19 29 636 212
19 30 570 161
19 31 436 69
20 22 158 70
20 23 240 11
20 24 836 302
20 25 450 313
20 26 806 94
20 27 887 25
20 28 415 18
20 29 75 188
20 30 550 160
20 31 24 354
21 22 488 348
21 23 942 105
21 24 608 266
21 25 253 181
21 26 236 191
21 27 254 198
21 28 271 94
21 29 247 327
21 30 216 180
21 31 986 189
22 32 853 357
22 33 394 300
22 34 403 119
22 35 954 89
22 36 181 14
22 37 846 272
22 38 682 263
22 39 673 11
22 40 206 198
22 41 800 199
23 32 282 154
23 33 397 303
23 34 590 186
23 35 438 25
23 36 992 135
23 37 623 323
23 38 885 200
23 39 673 250
23 40 635 89
23 41 844 153
24 32 518 104
24 33 893 227
24 34 639 152
24 35 816 307
24 36 976 281
24 37 781 298
24 38 1000 289
24 39 89 47
24 40 796 112
24 41 800 302
25 32 844 122
25 33 691 68
25 34 54 330
25 35 866 109
25 36 18 234
25 37 362 251
25 38 929 98
25 39 774 258
25 40 396 245
25 41 527 259
25 95 19110 318
26 32 392 54
26 33 631 292
26 34 845 284
26 35 33 356
26 36 726 101
26 37 493 341
26 38 607 278
26 39 420 63
26 40 360 273
26 41 258 233
27 32 743 56
27 33 535 294
27 34 585 68
27 35 319 3
27 36 354 296
27 37 816 286
27 38 454 132
27 39 303 28
27 40 153 102
27 41 584 91
28 32 902 67
28 33 397 277
28 34 500 242
28 35 109 205
28 36 56 295
28 37 388 261
28 38 342 321
28 39 510 245
28 40 110 162
28 41 681 221
29 32 731 9
29 33 453 59
29 34 30 213
29 35 728 42
29 36 584 211
29 37 962 353
29 38 523 18
29 39 96 208
29 40 857 214
29 41 864 154
30 32 554 348
30 33 726 16
30 34 197 68
30 35 971 347
30 36 623 68
30 37 764 126
30 38 23 33
30 39 190 221
30 40 224 351
30 41 707 135
31 32 596 323
31 33 63 32
31 34 277 254
31 35 811 335
31 36 930 333
31 37 587 249
31 38 353 37
31 39 151 327
31 40 99 346
31 41 396 73
32 42 519 147
32 43 535 203
32 44 855 305
32 45 464 323
32 46 442 252
32 47 422 229
32 48 787 340
32 49 957 176
32 50 869 177
32 51 414 159
33 42 900 193
33 43 733 311
33 44 622 272
33 45 887 28
33 46 734 289
33 47 867 254
33 48 949 287
33 49 558 180
33 50 175 87
33 51 369 267
34 42 187 73
34 43 16 329
34 44 944 87
34 45 146 273
34 46 311 13
34 47 621 302
34 48 656 230
34 49 606 193
34 50 305 229
34 51 424 333
35 42 690 202
35 43 476 238
35 44 108 28
35 45 249 148
35 46 591 122
35 47 848 123
35 48 68 124
35 49 77 68
35 50 499 145
35 51 606 165
36 42 596 104
36 43 394 282
36 44 608 306
36 45 924 71
36 46 965 218
36 47 129 97
36 48 167 31
36 49 524 288
36 50 35 218
36 51 161 87
37 42 42 178
37 43 238 20
37 44 995 74
37 45 836 121
37 46 449 218
37 47 905 188
37 48 607 28
37 49 504 3
37 50 911 89
37 51 49 162
37 74 22540 93
38 42 726 109
38 43 729 189
38 44 34 353
38 45 426 54
38 46 254 191
38 47 774 127
38 48 725 315
38 49 204 310
38 50 810 165
38 51 631 106
39 42 24 115
39 43 948 89
39 44 624 138
39 45 135 238
39 46 508 261
39 47 713 105
39 48 396 159
39 49 957 290
39 50 84 100
39 51 593 320
40 42 16 32
40 43 567 106
40 44 210 214
40 45 968 320
40 46 677 181
40 47 983 62
40 48 464 282
40 49 342 175
40 50 4 289
40 51 562 293
41 42 781 68
41 43 364 246
41 44 920 5
41 45 522 131
41 46 234 128
41 47 47 97
41 48 183 59
41 49 147 237
41 50 216 225
41 51 803 186
41 122 24199 72
42 52 767 90
42 53 299 107
42 54 785 48
42 55 498 242
42 56 159 221
42 57 451 110
42 58 606 358
42 59 208 49
42 60 94 270
42 61 412 318
43 52 508 45
43 53 707 316
43 54 922 284
43 55 303 17
43 56 638 13
43 57 250 236
43 58 695 44
43 59 940 91
43 60 28 127
43 61 843 276
44 52 275 111
44 53 428 93
44 54 39 190
44 55 642 38
44 56 13 286
44 57 501 104
44 58 768 329
44 59 697 337
44 60 172 290
44 61 2 152
45 52 741 124
45 53 420 44
45 54 324 153
45 55 189 316
45 56 750 288
45 57 913 171
45 58 623 342
45 59 932 273
45 60 90 199
45 61 533 157
46 52 288 91
46 53 129 282
46 54 45 110
46 55 797 148
46 56 369 215
46 57 862 188
46 58 268 22
46 59 685 146
46 60 749 198
46 61 651 328
47 52 795 280
47 53 109 209
47 54 964 90
47 55 330 100
47 56 655 330
47 57 448 23
47 58 33 216
47 59 37 347
47 60 752 324
47 61 349 204
48 52 306 263
48 53 259 337
48 54 323 262
48 55 809 44
48 56 687 46
48 57 796 235
48 58 943 82
48 59 993 157
48 60 176 232
48 61 748 175
49 52 737 327
49 53 768 103
49 54 56 124
49 55 540 327
49 56 971 313
49 57 454 201
49 58 955 169
49 59 642 347
49 60 413 81
49 61 455 195
50 52 54 342
50 53 911 218
50 54 402 342
50 55 388 58
50 56 138 336
50 57 251 163
50 58 343 113
50 59 964 228
50 60 434 282
50 61 965 349
51 52 619 29
51 53 310 220
51 54 293 67
51 55 340 189
51 56 428 302
51 57 361 324
51 58 261 287
51 59 842 74
51 60 280 31
51 61 463 124
52 62 28 72
52 63 58 193
52 64 908 177
52 65 403 254
52 66 473 147
52 67 249 107
52 68 965 49
52 69 356 4
52 70 494 126
52 71 108 316
53 62 903 258
53 63 45 206
53 64 908 61
53 65 401 266
53 66 323 30
53 67 471 155
53 68 693 297
53 69 401 312
53 70 654 191
53 71 64 16
54 62 109 250
54 63 97 77
54 64 178 94
54 65 194 293
54 66 67 98
54 67 441 345
54 68 386 39
54 69 132 243
54 70 315 154
54 71 373 226
55 62 94 232
55 63 300 279
55 64 664 334
55 65 854 63
55 66 923 136
55 67 228 44
55 68 406 192
55 69 285 105
55 70 856 182
55 71 730 24
56 62 784 76
56 63 122 260
56 64 357 20
56 65 971 317
56 66 782 103
56 67 670 332
56 68 656 338
56 69 138 210
56 70 724 125
56 71 635 295
57 62 423 105
57 63 668 99
57 64 724 314
57 65 263 132
57 66 807 325
57 67 39 129
57 68 579 216
57 69 250 329
57 70 365 189
57 71 147 244
58 62 838 114
58 63 766 65
58 64 567 288
58 65 312 207
58 66 777 201
58 67 965 304
58 68 985 309
58 69 873 288
58 70 447 22
58 71 522 81
59 62 421 187
59 63 942 250
59 64 811 338
59 65 626 53
59 66 529 210
59 67 497 127
59 68 391 72
59 69 425 336
59 70 409 86
59 71 987 329
60 62 935 329
60 63 472 147
60 64 986 346
60 65 760 160
60 66 659 62
60 67 560 51
60 68 23 16
60 69 541 348
60 70 42 30
60 71 115 236
61 62 523 127
61 63 303 72
61 64 366 119
61 65 978 287
61 66 387 289
61 67 756 135
61 68 258 288
61 69 373 283
61 70 297 51
61 71 517 119
62 72 925 256
62 73 97 37
62 74 236 126
62 75 698 245
62 76 925 351
62 77 440 290
62 78 934 273
62 79 253 105
62 80 743 253
62 81 307 343
63 72 827 80
63 73 231 22
63 74 960 343
63 75 857 274
63 76 139 271
63 77 422 297
63 78 174 307
63 79 780 317
63 80 927 139
63 81 243 176
64 72 953 287
64 73 824 163
64 74 155 242
64 75 797 236
64 76 604 245
64 77 460 74
64 78 477 340
64 79 569 37
64 80 51 144
64 81 472 287
65 72 832 198
65 73 582 269
65 74 365 125
65 75 918 355
65 76 536 208
65 77 374 87
65 78 183 145
65 79 372 351
65 80 634 136
65 81 247 61
66 72 341 41
66 73 980 262
66 74 417 299
66 75 929 153
66 76 128 96
66 77 191 290
66 78 707 310
66 79 557 273
66 80 983 65
66 81 387 335
67 72 995 101
67 73 323 95
67 74 341 217
67 75 874 174
67 76 981 253
67 77 839 206
67 78 503 313
67 79 319 9
67 80 466 37
67 81 679 54
68 72 474 232
68 73 909 115
68 74 853 293
68 75 904 5
68 76 274 307
68 77 289 74
68 78 835 129
68 79 63 25
68 80 269 294
68 81 677 142
69 72 996 134
69 73 215 141
69 74 675 188
69 75 949 107
69 76 571 149
69 77 816 120
69 78 918 169
69 79 221 116
69 80 732 356
69 81 722 328
70 72 459 19
70 73 721 83
70 74 772 299
70 75 20 338
70 76 923 243
70 77 642 33
70 78 110 223
70 79 374 160
70 80 613 94
70 81 954 111
70 138 28119 4
71 72 566 153
71 73 705 161
71 74 561 124
71 75 819 315
71 76 720 118
71 77 732 94
71 78 533 282
71 79 276 249
71 80 231 157
71 81 429 67
72 82 336 353
72 83 468 298
72 84 590 255
72 85 335 221
72 86 666 65
72 87 282 29
72 88 976 294
72 89 913 323
72 90 603 130
72 91 942 183
73 82 32 339
73 83 769 154
73 84 320 19
73 85 491 198
73 86 354 84
73 87 465 67
73 88 333 282
73 89 345 18
73 90 795 235
73 91 950 214
74 82 206 9
74 83 497 270
74 84 283 138
74 85 713 86
74 86 561 346
74 87 52 135
74 88 364 316
74 89 379 340
74 90 1 159
74 91 821 146
75 82 108 3
75 83 709 316
75 84 876 123
75 85 713 291
75 86 831 196
75 87 923 17
75 88 486 20
75 89 617 152
75 90 790 272
75 91 185 3
76 82 576 216
76 83 739 266
76 84 880 298
76 85 837 109
76 86 849 126
76 87 721 86
76 88 225 3
76 89 986 174
76 90 372 177
76 91 20 306
77 82 875 41
77 83 749 57
77 84 64 304
77 85 204 102
77 86 902 338
77 87 516 212
77 88 722 94
77 89 364 156
77 90 475 23
77 91 175 238
78 82 305 126
78 83 758 47
78 84 629 307
78 85 536 309
78 86 410 132
78 87 724 35
78 88 511 218
78 89 289 281
78 90 843 255
78 91 807 53
79 82 888 239
79 83 510 66
79 84 230 237
79 85 267 195
79 86 63 222
79 87 719 339
79 88 936 234
79 89 833 309
79 90 1000 345
79 91 131 39
80 82 774 174
80 83 105 273
80 84 809 233
80 85 453 81
80 86 763 189
80 87 682 218
80 88 921 158
80 89 389 146
80 90 413 347
80 91 697 146
81 82 232 141
81 83 800 242
81 84 37 177
81 85 8 42
81 86 24 77
81 87 662 289
81 88 868 213
81 89 700 312
81 90 612 257
81 91 164 93
82 92 91 343
82 93 369 260
82 94 407 41
82 95 272 303
82 96 908 232
82 97 476 248
82 98 949 159
82 99 244 117
82 100 221 187
82 101 462 266
83 92 656 165
83 93 160 157
83 94 114 236
83 95 681 64
83 96 20 36
83 97 716 33
83 98 361 194
83 99 629 109
83 100 966 65
83 101 830 235
84 92 479 221
84 93 171 137
84 94 159 342
84 95 283 213
84 96 898 330
84 97 244 339
84 98 264 146
84 99 871 9
84 100 249 318
84 101 509 104
85 92 76 154
85 93 180 351
85 94 779 56
85 95 345 75
85 96 666 286
85 97 512 64
85 98 295 27
85 99 277 148
85 100 539 92
85 101 426 101
86 92 225 288
86 93 33 352
86 94 858 308
86 95 706 238
86 96 341 62
86 97 968 48
86 98 62 251
86 99 933 236
86 100 373 40
86 101 78 261
87 92 748 157
87 93 427 67
87 94 956 229
87 95 252 140
87 96 480 347
87 97 487 195
87 98 142 189
87 99 634 202
87 100 36 48
87 101 658 18
88 92 558 157
88 93 609 96
88 94 202 141
88 95 683 123
88 96 311 315
88 97 395 34
88 98 64 257
88 99 265 149
88 100 478 338
88 101 598 223
89 92 649 344
89 93 67 15
89 94 940 292
89 95 968 172
89 96 610 353
89 97 54 76
89 98 970 182
89 99 177 157
89 100 724 187
89 101 600 207
90 92 159 192
90 93 960 117
90 94 258 139
90 95 722 147
90 96 810 140
90 97 264 216
90 98 933 314
90 99 22 283
90 100 699 99
90 101 941 166
91 92 654 6
91 93 543 192
91 94 500 201
91 95 94 331
91 96 113 152
91 97 850 315
91 98 716 86
91 99 137 265
91 100 946 162
91 101 622 80
92 102 908 357
92 103 937 263
92 104 238 330
92 105 614 339
92 106 29 137
92 107 107 325
92 108 142 8
92 109 890 182
92 110 623 14
92 111 906 79
93 102 96 60
93 103 962 140
93 104 828 251
93 105 238 152
93 106 837 348
93 107 898 296
93 108 165 51
93 109 210 265
93 110 927 105
93 111 153 180
94 102 353 31
94 103 351 121
94 104 7 138
94 105 834 276
94 106 523 193
94 107 434 25
94 108 34 66
94 109 569 98
94 110 564 102
94 111 353 284
95 102 562 104
95 103 359 298
95 104 846 300
95 105 707 134
95 106 855 250
95 107 738 85
95 108 701 357
95 109 983 97
95 110 98 173
95 111 72 48
95 147 25589 173
96 102 983 62
96 103 622 80
96 104 200 95
96 105 716 116
96 106 330 195
96 107 466 93
96 108 514 156
96 109 198 93
96 110 939 248
96 111 914 27
97 102 487 303
97 103 400 312
97 104 259 215
97 105 276 294
97 106 943 126
97 107 563 100
97 108 13 185
97 109 337 345
97 110 700 290
97 111 435 291
98 102 285 230
98 103 876 303
98 104 607 8
98 105 640 174
98 106 645 84
98 107 280 248
98 108 725 325
98 109 216 262
98 110 105 102
98 111 286 71
99 102 775 244
99 103 287 119
99 104 155 13
99 105 489 321
99 106 889 350
99 107 963 272
99 108 520 321
99 109 941 66
99 110 861 217
99 111 851 143
100 102 371 119
100 103 371 184
100 104 913 224
100 105 197 185
100 106 565 6
100 107 515 155
100 108 849 278
100 109 648 98
100 110 517 313
100 111 442 124
101 102 3 119
101 103 759 244
101 104 744 55
101 105 807 184
101 106 963 224
101 107 396 333
101 108 404 190
101 109 956 100
101 110 989 10
101 111 587 122
102 112 559 250
102 113 889 282
102 114 442 208
102 115 646 215
102 116 469 14
102 117 79 269
102 118 217 208
102 119 679 347
102 120 668 177
102 121 84 190
103 112 390 136
103 113 292 165
103 114 771 38
103 115 316 140
103 116 856 193
103 117 473 216
103 118 546 169
103 119 866 64
103 120 396 171
103 121 433 262
104 112 118 140
104 113 537 6
104 114 928 78
104 115 874 23
104 116 95 291
104 117 339 249
104 118 504 154
104 119 615 63
104 120 818 162
104 121 668 197
105 112 801 173
105 113 814 242
105 114 781 42
105 115 95 190
105 116 826 235
105 117 917 111
105 118 712 108
105 119 445 351
105 120 886 14
105 121 402 28
106 112 778 233
106 113 804 6
106 114 813 33
106 115 388 65
106 116 620 228
106 117 83 26
106 118 705 103
106 119 785 320
106 120 100 87
106 121 944 294
107 112 806 94
107 113 592 2
107 114 453 303
107 115 732 60
107 116 649 171
107 117 311 244
107 118 593 224
107 119 380 57
107 120 542 275
107 121 829 32
108 112 635 355
108 113 321 239
108 114 940 153
108 115 515 85
108 116 719 9
108 117 210 96
108 118 151 140
108 119 236 131
108 120 171 217
108 121 403 253
109 112 939 37
109 113 516 133
109 114 824 39
109 115 336 48
109 116 314 9
109 117 279 273
109 118 985 133
109 119 436 198
109 120 246 315
109 121 494 90
110 112 74 35
110 113 718 135
110 114 90 57
110 115 688 329
110 116 778 12
110 117 65 16
110 118 175 66
110 119 717 100
110 120 50 29
110 121 464 225
111 112 665 189
111 113 101 113
111 114 875 168
111 115 223 19
111 116 366 168
111 117 472 308
111 118 780 137
111 119 315 204
111 120 485 234
111 121 468 323
112 122 437 334
112 123 455 268
112 124 898 232
112 125 431 335
112 126 906 345
112 127 722 278
112 128 795 183
112 129 899 347
112 130 250 334
112 131 68 256
113 122 162 213
113 123 517 24
113 124 800 252
113 125 815 202
113 126 972 18
113 127 451 48
113 128 247 27
113 129 948 313
113 130 539 34
113 131 695 225
113 149 24719 26
114 122 633 165
114 123 203 353
114 124 733 76
114 125 518 127
114 126 458 152
114 127 476 182
114 128 574 348
114 129 225 58
114 130 557 211
114 131 472 1
114 140 18708 216
115 122 241 78
115 123 39 258
115 124 482 88
115 125 828 133
115 126 747 266
115 127 547 58
115 128 5 258
115 129 427 2
115 130 613 224
115 131 404 48
116 122 980 55
116 123 826 241
116 124 889 194
116 125 303 76
116 126 926 133
116 127 244 310
116 128 261 192
116 129 830 198
116 130 471 323
116 131 304 232
117 122 278 173
117 123 268 213
117 124 578 164
117 125 118 133
117 126 990 303
117 127 350 336
117 128 799 323
117 129 465 343
117 130 605 132
117 131 71 34
118 122 189 6
118 123 906 54
118 124 854 295
118 125 442 94
118 126 264 336
118 127 491 18
118 128 361 337
118 129 127 27
118 130 677 26
118 131 932 31
119 122 95 119
119 123 931 118
119 124 277 345
119 125 737 232
119 126 594 110
119 127 945 21
119 128 388 333
119 129 648 91
119 130 21 46
119 131 308 8
120 122 387 195
120 123 285 138
120 124 613 215
120 125 446 74
120 126 979 159
120 127 604 209
120 128 852 30
120 129 318 281
120 130 766 218
120 131 278 293
121 122 456 260
121 123 468 265
121 124 767 8
121 125 764 329
121 126 350 314
121 127 683 273
121 128 404 127
121 129 839 114
121 130 611 96
121 131 318 239
122 132 591 28
122 133 532 48
122 134 848 328
122 135 489 358
122 136 344 180
122 137 802 293
122 138 395 182
122 139 132 85
122 140 947 222
122 141 247 253
123 132 749 243
123 133 423 282
123 134 119 274
123 135 834 103
123 136 892 46
123 137 154 257
123 138 986 157
123 139 191 324
123 140 843 221
123 141 768 49
124 132 522 104
124 133 27 244
124 134 83 202
124 135 880 105
124 136 851 81
124 137 551 348
124 138 197 6
124 139 877 27
124 140 427 212
124 141 711 328
125 132 561 22
125 133 344 179
125 134 631 295
125 135 40 357
125 136 655 92
125 137 410 102
125 138 560 163
125 139 604 341
125 140 66 237
125 141 662 263
126 132 187 278
126 133 570 285
126 134 740 243
126 135 778 248
126 136 515 302
126 137 277 8
126 138 896 226
126 139 305 104
126 140 229 232
126 141 257 210
127 132 349 75
127 133 47 148
127 134 754 123
127 135 472 265
127 136 812 17
127 137 544 312
127 138 302 6
127 139 712 94
127 140 164 221
127 141 719 64
128 132 629 226
128 133 856 128
128 134 703 211
128 135 581 166
128 136 83 113
128 137 411 213
128 138 960 96
128 139 444 129
128 140 190 195
128 141 396 247
129 132 936 347
129 133 153 243
129 134 302 15
129 135 925 117
129 136 955 290
129 137 902 38
129 138 742 208
129 139 2 134
129 140 265 344
129 141 222 349
130 132 215 205
130 133 898 84
130 134 743 86
130 135 313 111
130 136 477 318
130 137 483 39
130 138 608 9
130 139 851 109
130 140 628 94
130 141 545 294
131 132 122 356
131 133 739 13
131 134 62 118
131 135 838 139
131 136 863 112
131 137 947 268
131 138 512 141
131 139 873 73
131 140 695 133
131 141 677 123
132 142 998 292
132 143 155 108
132 144 63 341
132 145 454 71
132 146 86 91
132 147 914 226
132 148 942 245
132 149 634 271
132 150 628 281
132 151 767 237
133 142 6 78
133 143 390 113
133 144 454 265
133 145 904 315
133 146 896 152
133 147 185 338
133 148 419 21
133 149 643 339
133 150 590 219
133 151 664 22
134 142 709 253
134 143 497 267
134 144 992 21
134 145 808 165
134 146 364 299
134 147 989 218
134 148 408 167
134 149 902 91
134 150 889 23
134 151 796 252
135 142 710 244
135 143 507 184
135 144 744 112
135 145 384 225
135 146 222 15
135 147 850 9
135 148 947 310
135 149 995 55
135 150 817 274
135 151 788 168
136 142 873 157
136 143 407 79
136 144 158 47
136 145 78 228
136 146 336 54
136 147 513 233
136 148 291 65
136 149 99 89
136 150 842 232
136 151 871 95
137 142 32 4
137 143 900 183
137 144 586 113
137 145 902 53
137 146 457 193
137 147 847 209
137 148 718 299
137 149 66 347
137 150 109 87
137 151 406 111
138 142 179 347
138 143 373 342
138 144 663 14
138 145 56 315
138 146 989 82
138 147 931 5
138 148 744 308
138 149 578 129
138 150 631 97
138 151 815 113
139 142 956 253
139 143 588 268
139 144 416 86
139 145 240 86
139 146 427 280
139 147 555 72
139 148 258 129
139 149 518 89
139 150 752 95
139 151 711 101
140 142 350 260
140 143 402 321
140 144 960 94
140 145 272 295
140 146 336 164
140 147 483 338
140 148 143 44
140 149 558 212
140 150 259 300
140 151 986 126
141 142 129 287
141 143 719 44
141 144 110 234
141 145 160 224
141 146 563 63
141 147 814 271
141 148 878 207
141 149 318 51
141 150 774 323
141 151 291 244
142 152 568 83
143 152 157 27
144 152 652 213
145 152 988 175
146 152 95 104
147 152 597 283
148 152 311 169
149 152 664 107
150 152 937 285
151 152 642 174
