152 1434 1 152 7 358
1 2 628 190
1 3 622 27
1 4 44 5
1 5 440 184
1 6 94 188
1 7 174 262
1 8 78 204
1 9 634 321
1 10 163 296
1 11 898 312
2 12 84 14
2 13 421 92
2 14 435 123
2 15 332 230
2 16 227 230
2 17 672 225
2 18 350 356
2 19 967 10
2 20 497 221
2 21 403 276
3 12 432 323
3 13 239 175
3 14 118 251
3 15 368 39
3 16 415 224
3 17 791 189
3 18 424 111
3 19 230 15
3 20 702 70
3 21 131 25
4 12 648 175
4 13 567 60
4 14 224 198
4 15 703 251
4 16 411 114
4 17 334 346
4 18 861 144
4 19 609 264
4 20 832 189
4 21 850 133
5 12 193 232
5 13 906 221
5 14 881 239
5 15 28 311
5 16 667 162
5 17 165 39
5 18 73 5
5 19 392 167
5 20 965 317
5 21 307 329
6 12 477 5
6 13 122 138
6 14 458 180
6 15 61 231
6 16 294 112
6 17 696 118
6 18 687 330
6 19 200 15
6 20 14 317
6 21 460 135
7 12 805 137
7 13 627 330
7 14 774 145
7 15 162 255
7 16 979 338
7 17 910 137
7 18 881 190
7 19 153 113
7 20 813 107
7 21 56 329
7 82 24742 215
8 12 491 184
8 13 744 352
8 14 819 207
8 15 271 175
8 16 87 111
8 17 548 202
8 18 416 191
8 19 151 287
8 20 160 138
8 21 704 98
9 12 187 137
9 13 501 236
9 14 904 83
9 15 400 86
9 16 580 232
9 17 699 214
9 18 922 267
9 19 891 323
9 20 768 225
9 21 367 173
10 12 32 146
10 13 618 231
10 14 50 216
10 15 452 248
10 16 831 232
10 17 390 173
10 18 407 83
10 19 777 221
10 20 294 260
10 21 338 54
11 12 131 336
11 13 946 260
11 14 571 15
11 15 839 201
11 16 311 57
11 17 456 214
11 18 426 145
11 19 957 237
11 20 218 50
11 21 984 333
11 67 22258 123
12 22 688 93
12 23 671 226
12 24 428 312
12 25 834 20
12 26 617 296
12 27 186 328
12 28 533 245
12 29 874 107
12 30 232 296
12 31 598 341
13 22 942 349
13 23 262 209
13 24 677 136
13 25 979 320
13 26 878 265
13 27 71 30
13 28 749 174
13 29 199 88
13 30 556 217
13 31 177 35
14 22 799 109
14 23 856 49
14 24 556 44
14 25 711 62
14 26 987 154
14 27 484 333
14 28 974 129
14 29 438 4
14 30 969 60
14 31 777 118
15 22 667 81
15 23 476 181
15 24 830 228
15 25 906 139
15 26 59 24
15 27 333 151
15 28 535 201
15 29 975 224
15 30 323 177
15 31 989 224
16 22 786 342
16 23 276 63
16 24 352 121
16 25 399 60
16 26 652 22
16 27 585 21
16 28 928 274
16 29 917 152
16 30 518 64
16 31 581 307
17 22 903 345
17 23 487 1
17 24 531 76
17 25 840 355
17 26 70 288
17 27 466 266
17 28 760 118
17 29 458 66
17 30 350 234
17 31 206 67
18 22 375 7
18 23 225 127
18 24 628 164
18 25 260 11
18 26 501 339
18 27 893 43
18 28 221 317
18 29 378 199
18 30 87 2
18 31 754 352
19 22 801 44
19 23 184 207
19 24 522 155
19 25 528 41
19 26 913 355
19 27 242 54
19 28 509 97
19 29 450 137
19 30 963 112
19 31 188 98
20 22 583 195
20 23 462 74
20 24 336 323
20 25 322 190
20 26 696 206
20 27 486 325
20 28 35 58
20 29 11 267
20 30 89 126
20 31 282 336
20 109 25775 217
21 22 409 163
21 23 80 207
21 24 413 349
21 25 483 350
21 26 869 128
21 27 315 17
21 28 611 213
21 29 492 95
21 30 298 264
21 31 651 206
22 32 265 343
22 33 854 309
22 34 191 34
22 35 459 139
22 36 49 94
22 37 158 178
22 38 847 49
22 39 640 34
22 40 153 171
22 41 988 139
23 32 609 271
23 33 788 195
23 34 466 200
23 35 110 23
23 36 536 259
23 37 901 263
23 38 848 178
23 39 20 329
23 40 381 192
23 41 635 132
24 32 868 333
24 33 261 138
24 34 443 157
24 35 238 112
24 36 562 105
24 37 666 26
24 38 378 29
24 39 197 322
24 40 820 60
24 41 661 51
25 32 554 263
25 33 199 72
25 34 262 347
25 35 760 76
25 36 662 259
25 37 802 202
25 38 633 139
25 39 218 322
25 40 20 15
25 41 534 112
26 32 775 351
26 33 252 65
26 34 119 115
26 35 882 253
26 36 403 237
26 37 136 228
26 38 125 293
26 39 55 333
26 40 612 187
26 41 496 19
27 32 377 155
27 33 861 265
27 34 626 310
27 35 747 13
27 36 365 157
27 37 408 318
27 38 421 219
27 39 635 111
27 40 862 293
27 41 770 138
28 32 855 291
28 33 262 351
28 34 911 39
28 35 313 280
28 36 926 282
28 37 406 357
28 38 248 244
28 39 632 46
28 40 57 307
28 41 94 284
29 32 68 296
29 33 708 280
29 34 143 277
29 35 525 340
29 36 242 37
29 37 810 324
29 38 267 309
29 39 334 147
29 40 11 1
29 41 539 254
30 32 839 28
30 33 505 145
30 34 183 61
30 35 833 287
30 36 896 83
30 37 738 225
30 38 20 294
30 39 351 331
30 40 853 160
30 41 421 71
31 32 329 198
31 33 353 291
31 34 289 333
31 35 494 167
31 36 493 220
31 37 768 225
31 38 785 271
31 39 135 69
31 40 5 150
31 41 402 163
32 42 580 285
32 43 13 251
32 44 984 43
32 45 148 329
32 46 764 101
32 47 1000 238
32 48 191 299
32 49 252 272
32 50 150 159
32 51 820 298
33 42 31 201
33 43 876 65
33 44 657 167
33 45 709 147
33 46 140 358
33 47 329 264
33 48 454 3
33 49 582 308
33 50 529 238
33 51 969 51
34 42 406 287
34 43 719 111
34 44 104 174
34 45 818 137
34 46 114 117
34 47 136 204
34 48 942 56
34 49 454 191
34 50 482 286
34 51 807 103
35 42 447 97
35 43 434 348
35 44 807 7
35 45 447 54
35 46 54 192
35 47 139 261
35 48 634 206
35 49 61 20
35 50 673 209
35 51 909 30
36 42 900 244
36 43 259 130
36 44 326 266
36 45 181 107
36 46 210 349
36 47 430 261
36 48 837 11
36 49 293 185
36 50 127 352
36 51 297 229
36 52 27190 308
37 42 584 38
37 43 198 110
37 44 662 35
37 45 589 50
37 46 25 111
37 47 219 258
37 48 230 19
37 49 187 107
37 50 683 188
37 51 847 296
38 42 782 5
38 43 966 340
38 44 427 190
38 45 373 102
38 46 590 305
38 47 970 252
38 48 879 206
38 49 378 269
38 50 235 132
38 51 493 71
38 80 28310 162
39 42 310 13
39 43 173 349
39 44 861 281
39 45 316 263
39 46 802 93
39 47 268 82
39 48 281 266
39 49 164 316
39 50 436 5
39 51 766 181
40 42 899 294
40 43 732 341
40 44 944 167
40 45 594 112
40 46 928 312
40 47 557 165
40 48 336 310
40 49 620 217
40 50 699 45
40 51 112 252
41 42 409 299
41 43 186 17
41 44 606 55
41 45 804 155
41 46 929 194
41 47 613 156
41 48 82 233
41 49 719 346
41 50 835 191
41 51 44 16
42 52 204 284
42 53 278 186
42 54 731 292
42 55 799 176
42 56 25 272
42 57 854 9
42 58 949 212
42 59 915 1
42 60 520 314
42 61 463 259
43 52 603 57
43 53 359 66
43 54 41 183
43 55 241 14
43 56 345 252
43 57 583 203
43 58 508 135
43 59 988 15
43 60 122 57
43 61 549 213
44 52 631 69
44 53 590 297
44 54 894 50
44 55 40 341
44 56 432 28
44 57 373 333
44 58 461 100
44 59 575 154
44 60 308 247
44 61 183 252
45 52 651 344
45 53 785 183
45 54 722 52
45 55 534 331
45 56 741 163
45 57 102 189
45 58 523 116
45 59 874 251
45 60 593 169
45 61 440 268
46 52 187 119
46 53 251 95
46 54 385 238
46 55 764 37
46 56 994 342
46 57 785 53
46 58 706 177
46 59 291 125
46 60 848 270
46 61 773 59
47 52 898 36
47 53 931 136
47 54 222 74
47 55 889 172
47 56 13 358
47 57 77 146
47 58 450 328
47 59 326 151
47 60 939 225
47 61 529 54
48 52 137 75
48 53 950 31
48 54 17 60
48 55 810 53
48 56 380 218
48 57 211 20
48 58 94 339
48 59 442 3
48 60 673 297
48 61 480 264
48 144 19546 344
49 52 169 188
49 53 276 153
49 54 453 296
49 55 973 151
49 56 330 137
49 57 270 148
49 58 433 114
49 59 111 147
49 60 496 334
49 61 682 227
50 52 300 136
50 53 784 129
50 54 878 98
50 55 443 199
50 56 235 169
50 57 989 94
50 58 365 43
50 59 576 223
50 60 656 313
50 61 969 276
51 52 184 243
51 53 870 282
51 54 273 193
51 55 16 3
51 56 349 174
51 57 333 143
51 58 993 68
51 59 737 82
51 60 505 258
51 61 370 189
52 62 30 124
52 63 398 311
52 64 693 165
52 65 190 275
52 66 223 8
52 67 643 247
52 68 571 1
52 69 452 280
52 70 974 16
52 71 373 281
53 62 826 117
53 63 210 244
53 64 400 75
53 65 208 272
53 66 245 281
53 67 795 283
53 68 60 23
53 69 842 281
53 70 210 58
53 71 203 56
54 62 332 322
54 63 154 47
54 64 527 289
54 65 89 195
54 66 515 297
54 67 671 245
54 68 32 105
54 69 611 251
54 70 318 146
54 71 538 170
55 62 65 26
55 63 43 242
55 64 414 289
55 65 359 261
55 66 175 78
55 67 813 340
55 68 695 198
55 69 125 356
55 70 458 170
55 71 248 133
56 62 638 274
56 63 390 227
56 64 867 314
56 65 778 96
56 66 771 216
56 67 755 240
56 68 291 102
56 69 778 259
56 70 364 111
56 71 581 51
57 62 334 121
57 63 465 85
57 64 730 288
57 65 780 41
57 66 372 112
57 67 888 293
57 68 601 80
57 69 482 287
57 70 507 322
57 71 441 214
58 62 780 87
58 63 95 221
58 64 522 108
58 65 202 203
58 66 924 159
58 67 227 60
58 68 71 64
58 69 760 216
58 70 902 78
58 71 991 313
59 62 907 219
59 63 16 57
59 64 347 76
59 65 980 300
59 66 957 247
59 67 850 21
59 68 443 126
59 69 230 159
59 70 751 148
59 71 978 241
60 62 110 330
60 63 476 325
60 64 773 249
60 65 639 217
60 66 307 227
60 67 566 283
60 68 486 328
60 69 800 61
60 70 821 91
60 71 934 340
61 62 732 347
61 63 257 270
61 64 612 152
61 65 175 42
61 66 561 89
61 67 309 80
61 68 871 58
61 69 608 35
61 70 784 183
61 71 755 274
62 72 663 129
62 73 852 125
62 74 593 260
62 75 562 27
62 76 899 279
62 77 880 192
62 78 353 303
62 79 403 332
62 80 901 325
62 81 821 128
63 72 772 140
63 73 221 129
63 74 540 310
63 75 787 157
63 76 480 14
63 77 104 357
63 78 148 30
63 79 768 160
63 80 773 8
63 81 422 164
64 72 629 47
64 73 709 327
64 74 425 349
64 75 772 141
64 76 852 343
64 77 758 136
64 78 606 307
64 79 538 98
64 80 382 22
64 81 870 326
65 72 309 188
65 73 947 58
65 74 416 135
65 75 380 39
65 76 88 174
65 77 564 258
65 78 741 25
65 79 534 244
65 80 918 62
65 81 411 143
65 98 16656 332
66 72 14 96
66 73 517 183
66 74 115 146
66 75 559 254
66 76 112 164
66 77 1000 99
66 78 109 170
66 79 12 6
66 80 593 223
66 81 418 149
66 107 22301 270
67 72 134 161
67 73 641 57
67 74 1 231
67 75 217 332
67 76 505 287
67 77 902 88
67 78 646 251
67 79 28 328
67 80 785 167
67 81 171 64
68 72 541 285
68 73 68 144
68 74 90 254
68 75 997 58
68 76 546 255
68 77 351 247
68 78 743 178
68 79 218 103
68 80 953 326
68 81 540 90
69 72 930 230
69 73 893 264
69 74 583 238
69 75 953 255
69 76 748 183
69 77 194 176
69 78 879 322
69 79 840 30
69 80 130 308
69 81 688 150
70 72 488 27
70 73 569 124
70 74 413 161
70 75 420 249
70 76 220 289
70 77 737 51
70 78 529 270
70 79 798 112
70 80 229 197
70 81 695 77
71 72 90 306
71 73 416 2
71 74 991 273
71 75 422 236
71 76 763 197
71 77 951 38
71 78 992 345
71 79 900 272
71 80 637 345
71 81 818 201
72 82 75 19
72 83 245 170
72 84 502 62
72 85 239 105
72 86 262 32
72 87 896 150
72 88 605 154
72 89 66 3
72 90 589 59
72 91 677 108
72 94 19309 231
73 82 591 77
73 83 75 164
73 84 560 272
73 85 596 86
73 86 977 286
73 87 273 174
73 88 733 143
73 89 326 354
73 90 352 97
73 91 249 89
74 82 316 197
74 83 430 91
74 84 924 263
74 85 199 57
74 86 576 158
74 87 961 125
74 88 84 98
74 89 398 343
74 90 937 15
74 91 951 143
75 82 758 345
75 83 233 179
75 84 436 239
75 85 322 160
75 86 154 279
75 87 385 106
75 88 980 71
75 89 367 113
75 90 994 102
75 91 644 352
76 82 683 237
76 83 948 271
76 84 339 90
76 85 255 39
76 86 413 16
76 87 363 161
76 88 743 109
76 89 27 29
76 90 702 36
76 91 643 113
77 82 680 189
77 83 711 261
77 84 889 252
77 85 21 7
77 86 560 282
77 87 307 301
77 88 920 33
77 89 826 46
77 90 381 308
77 91 158 251
78 82 215 93
78 83 779 192
78 84 668 122
78 85 417 341
78 86 178 265
78 87 890 212
78 88 573 185
78 89 857 128
78 90 804 335
78 91 455 19
79 82 859 163
79 83 593 205
79 84 523 344
79 85 856 255
79 86 250 206
79 87 898 324
79 88 483 113
79 89 479 83
79 90 285 63
79 91 276 196
80 82 441 69
80 83 550 131
80 84 231 89
80 85 826 311
80 86 947 325
80 87 720 255
80 88 182 150
80 89 851 315
80 90 219 75
80 91 298 324
81 82 427 247
81 83 489 176
81 84 531 237
81 85 300 322
81 86 532 26
81 87 197 281
81 88 359 188
81 89 72 93
81 90 880 201
81 91 50 66
82 92 177 143
82 93 402 88
82 94 949 203
82 95 16 324
82 96 152 229
82 97 243 19
82 98 476 91
82 99 173 2
82 100 820 116
82 101 978 147
83 92 158 124
83 93 902 15
83 94 891 177
83 95 393 252
83 96 648 136
83 97 915 176
83 98 776 249
83 99 711 173
83 100 737 330
83 101 503 145
83 111 22910 167
84 92 683 185
84 93 900 184
84 94 9 204
84 95 382 55
84 96 784 234
84 97 613 180
84 98 809 323
84 99 637 66
84 100 287 250
84 101 425 319
85 92 392 171
85 93 684 265
85 94 726 33
85 95 103 203
85 96 75 237
85 97 745 136
85 98 226 182
85 99 824 57
85 100 290 214
85 101 591 99
86 92 222 292
86 93 573 133
86 94 920 265
86 95 107 121
86 96 730 294
86 97 78 352
86 98 187 71
86 99 204 46
86 100 393 339
86 101 837 167
87 92 331 174
87 93 380 137
87 94 465 75
87 95 31 69
87 96 690 300
87 97 98 171
87 98 970 112
87 99 597 287
87 100 472 276
87 101 847 167
88 92 329 121
88 93 613 193
88 94 973 105
88 95 817 312
88 96 935 62
88 97 340 315
88 98 522 249
88 99 368 338
88 100 853 206
88 101 210 77
89 92 13 283
89 93 827 73
89 94 250 329
89 95 822 336
89 96 15 197
89 97 415 121
89 98 951 85
89 99 962 208
89 100 583 153
89 101 666 92
90 92 767 6
90 93 644 126
90 94 480 261
90 95 918 334
90 96 217 189
90 97 494 170
90 98 281 163
90 99 278 137
90 100 917 74
90 101 84 86
91 92 746 233
91 93 129 143
91 94 864 158
91 95 564 108
91 96 49 138
91 97 695 190
91 98 606 199
91 99 956 99
91 100 475 315
91 101 706 62
91 132 15746 233
92 102 44 116
92 103 259 259
92 104 618 14
92 105 1 174
92 106 538 147
92 107 573 11
92 108 243 105
92 109 710 205
92 110 133 54
92 111 53 118
93 102 229 162
93 103 634 318
93 104 894 248
93 105 639 215
93 106 471 111
93 107 766 112
93 108 299 214
93 109 891 318
93 110 624 90
93 111 597 149
94 102 300 164
94 103 284 94
94 104 996 228
94 105 227 147
94 106 968 242
94 107 737 178
94 108 250 240
94 109 157 284
94 110 273 330
94 111 799 317
95 102 180 143
95 103 275 293
95 104 744 269
95 105 492 177
95 106 948 311
95 107 368 259
95 108 405 50
95 109 14 70
95 110 314 248
95 111 99 56
96 102 287 256
96 103 727 23
96 104 811 99
96 105 694 212
96 106 610 14
96 107 355 182
96 108 257 240
96 109 148 330
96 110 785 28
96 111 568 189
97 102 811 354
97 103 759 326
97 104 825 357
97 105 415 243
97 106 35 250
97 107 96 289
97 108 133 87
97 109 592 178
97 110 917 167
97 111 98 198
98 102 575 257
98 103 345 146
98 104 256 136
98 105 631 350
98 106 737 218
98 107 899 144
98 108 596 46
98 109 151 114
98 110 245 315
98 111 737 68
99 102 392 237
99 103 922 263
99 104 407 97
99 105 388 20
99 106 800 222
99 107 517 90
99 108 385 187
99 109 296 49
99 110 512 99
99 111 190 14
99 128 25030 121
100 102 242 316
100 103 207 294
100 104 81 190
100 105 344 91
100 106 400 70
100 107 241 123
100 108 300 21
100 109 343 18
100 110 520 40
100 111 680 264
101 102 284 50
101 103 778 184
101 104 594 59
101 105 508 314
101 106 553 17
101 107 308 285
101 108 175 168
101 109 46 239
101 110 824 229
101 111 318 21
102 112 397 237
102 113 45 202
102 114 957 261
102 115 58 243
102 116 366 206
102 117 897 335
102 118 400 97
102 119 984 4
102 120 985 127
102 121 486 67
103 112 72 221
103 113 975 31
103 114 982 6
103 115 593 147
103 116 397 198
103 117 296 117
103 118 477 208
103 119 320 193
103 120 522 329
103 121 221 182
104 112 924 336
104 113 118 60
104 114 697 4
104 115 34 149
104 116 202 64
104 117 834 50
104 118 206 242
104 119 564 264
104 120 68 214
104 121 574 16
105 112 187 303
105 113 625 315
105 114 216 162
105 115 656 157
105 116 883 246
105 117 307 319
105 118 823 210
105 119 187 89
105 120 950 26
105 121 601 321
106 112 43 239
106 113 353 264
106 114 824 187
106 115 155 18
106 116 507 235
106 117 546 338
106 118 623 239
106 119 940 158
106 120 141 261
106 121 409 326
107 112 794 7
107 113 476 238
107 114 44 237
107 115 839 347
107 116 450 322
107 117 513 113
107 118 877 171
107 119 854 106
107 120 484 179
107 121 421 4
108 112 251 89
108 113 45 310
108 114 641 196
108 115 332 152
108 116 76 73
108 117 688 333
108 118 68 118
108 119 546 118
108 120 139 167
108 121 362 121
109 112 177 287
109 113 784 28
109 114 553 252
109 115 968 6
109 116 908 5
109 117 114 68
109 118 226 193
109 119 849 102
109 120 41 301
109 121 49 50
110 112 104 69
110 113 226 213
110 114 850 291
110 115 431 67
110 116 667 224
110 117 702 186
110 118 965 165
110 119 77 58
110 120 418 15
110 121 34 100
111 112 243 61
111 113 15 34
111 114 344 56
111 115 681 225
111 116 34 5
111 117 622 118
111 118 987 60
111 119 921 8
111 120 671 205
111 121 597 328
112 122 492 265
112 123 583 164
112 124 266 11
112 125 217 113
112 126 947 234
112 127 246 317
112 128 680 324
112 129 589 214
112 130 961 183
112 131 290 8
113 122 505 22
113 123 476 353
113 124 861 17
113 125 16 129
113 126 213 210
113 127 938 48
113 128 569 98
113 129 798 281
113 130 873 267
113 131 194 189
114 122 279 4
114 123 584 13
114 124 16 209
114 125 747 65
114 126 493 92
114 127 758 234
114 128 442 241
114 129 743 125
114 130 422 204
114 131 524 71
115 122 579 126
115 123 150 215
115 124 830 245
115 125 744 264
115 126 241 189
115 127 141 182
115 128 726 344
115 129 23 166
115 130 278 253
115 131 689 174
116 122 28 219
116 123 148 246
116 124 99 41
116 125 939 312
116 126 411 94
116 127 608 246
116 128 960 168
116 129 506 27
116 130 719 249
116 131 37 168
117 122 276 314
117 123 567 11
117 124 209 35
117 125 622 338
117 126 405 321
117 127 632 128
117 128 624 83
117 129 849 9
117 130 695 240
117 131 991 41
118 122 695 295
118 123 308 110
118 124 210 62
118 125 239 41
118 126 965 101
118 127 315 34
118 128 203 263
118 129 329 281
118 130 901 173
118 131 730 216
119 122 741 233
119 123 292 295
119 124 344 184
119 125 226 332
119 126 963 3
119 127 433 51
119 128 53 212
119 129 16 194
119 130 910 318
119 131 948 353
120 122 791 237
120 123 433 282
120 124 168 274
120 125 492 338
120 126 812 169
120 127 865 66
120 128 681 332
120 129 310 210
120 130 288 183
120 131 852 334
121 122 745 35
121 123 392 93
121 124 877 184
121 125 900 142
121 126 559 287
121 127 520 217
121 128 123 144
121 129 297 14
121 130 29 244
121 131 727 339
122 132 124 294
122 133 352 154
122 134 498 23
122 135 537 104
122 136 136 236
122 137 827 267
122 138 742 20
122 139 496 329
122 140 618 294
122 141 116 47
123 132 571 164
123 133 162 354
123 134 598 76
123 135 544 25
123 136 505 323
123 137 506 59
123 138 922 8
123 139 180 269
123 140 474 28
123 141 755 70
124 132 272 128
124 133 749 350
124 134 585 217
124 135 639 245
124 136 837 242
124 137 185 19
124 138 853 328
124 139 698 204
124 140 346 7
124 141 347 315
124 143 19531 204
125 132 284 197
125 133 260 64
125 134 343 69
125 135 176 50
125 136 540 186
125 137 887 50
125 138 770 315
125 139 193 172
125 140 386 303
125 141 240 29
126 132 630 81
126 133 312 281
126 134 703 334
126 135 621 150
126 136 577 223
126 137 514 334
126 138 772 216
126 139 593 66
126 140 610 133
126 141 727 1
127 132 533 130
127 133 303 40
127 134 990 67
127 135 719 103
127 136 348 319
127 137 803 3
127 138 146 147
127 139 370 102
127 140 655 83
127 141 176 80
128 132 411 319
128 133 655 66
128 134 240 86
128 135 236 129
128 136 408 123
128 137 880 267
128 138 903 80
128 139 470 317
128 140 240 335
128 141 291 61
129 132 83 195
129 133 34 134
129 134 764 273
129 135 199 55
129 136 654 155
129 137 610 268
129 138 578 168
129 139 173 106
129 140 644 191
129 141 203 235
130 132 832 208
130 133 625 73
130 134 589 8
130 135 597 196
130 136 91 6
130 137 272 268
130 138 228 75
130 139 485 217
130 140 929 281
130 141 370 140
130 148 23065 11
131 132 650 349
131 133 765 208
131 134 803 110
131 135 931 179
131 136 379 28
131 137 562 279
131 138 101 348
131 139 398 186
131 140 594 218
131 141 903 223
132 142 125 4
132 143 617 89
132 144 267 217
132 145 785 244
132 146 519 45
132 147 409 163
132 148 869 261
132 149 296 89
132 150 73 188
132 151 553 341
133 142 504 333
133 143 756 327
133 144 512 104
133 145 183 191
133 146 875 253
133 147 838 102
133 148 215 71
133 149 850 67
133 150 318 169
133 151 907 165
134 142 317 35
134 143 633 215
134 144 150 346
134 145 384 281
134 146 827 285
134 147 935 168
134 148 206 276
134 149 376 273
134 150 576 126
134 151 431 108
135 142 916 135
135 143 279 313
135 144 292 97
135 145 69 190
135 146 330 301
135 147 792 310
135 148 317 117
135 149 817 112
135 150 645 232
135 151 314 28
136 142 771 78
136 143 750 349
136 144 754 87
136 145 30 40
136 146 557 43
136 147 756 68
136 148 96 219
136 149 27 320
136 150 640 13
136 151 445 139
137 142 718 274
137 143 532 194
137 144 339 263
137 145 138 74
137 146 381 351
137 147 945 170
137 148 391 326
137 149 189 171
137 150 100 241
137 151 144 272
138 142 735 263
138 143 356 320
138 144 280 241
138 145 997 52
138 146 419 328
138 147 475 171
138 148 393 17
138 149 597 109
138 150 804 241
138 151 711 244
139 142 756 37
139 143 112 195
139 144 897 37
139 145 794 55
139 146 620 314
139 147 226 317
139 148 846 356
139 149 949 239
139 150 495 317
139 151 920 333
140 142 39 122
140 143 5 186
140 144 27 80
140 145 751 226
140 146 425 294
140 147 399 96
140 148 696 340
140 149 547 50
140 150 161 257
140 151 443 124
141 142 860 313
141 143 270 71
141 144 33 57
141 145 556 200
141 146 801 338
141 147 338 306
141 148 732 182
141 149 249 64
141 150 874 183
141 151 906 146
142 152 560 5
143 152 197 260
144 152 237 145
145 152 286 291
146 152 388 220
147 152 594 337
148 152 412 14
149 152 241 347
150 152 497 300
151 152 87 89
