152 1434 1 152 7 358
1 2 245 352
1 3 987 15
1 4 741 190
1 5 798 131
1 6 473 289
1 7 742 281
1 8 864 47
1 9 488 136
1 10 919 218
1 11 781 30
2 12 588 200
2 13 774 252
2 14 343 30
2 15 807 47
2 16 685 335
2 17 615 38
2 18 308 199
2 19 878 118
2 20 423 279
2 21 959 147
3 12 84 43
3 13 598 283
3 14 223 212
3 15 250 236
3 16 874 62
3 17 779 251
3 18 12 128
3 19 389 77
3 20 447 249
3 21 540 124
3 113 27659 274
4 12 595 172
4 13 927 312
4 14 203 76
4 15 980 162
4 16 320 21
4 17 822 175
4 18 324 204
4 19 503 83
4 20 836 199
4 21 520 215
5 12 477 338
5 13 509 158
5 14 161 330
5 15 262 296
5 16 274 67
5 17 472 338
5 18 503 26
5 19 28 188
5 20 359 122
5 21 114 12
6 12 255 51
6 13 325 313
6 14 140 127
6 15 488 346
6 16 153 346
6 17 282 303
6 18 656 347
6 19 196 341
6 20 647 213
6 21 984 293
7 12 204 88
7 13 56 46
7 14 266 151
7 15 253 302
7 16 189 3
7 17 435 111
7 18 875 139
7 19 107 250
7 20 290 122
7 21 339 7
8 12 345 97
8 13 725 324
8 14 75 191
8 15 881 253
8 16 967 194
8 17 152 11
8 18 247 256
8 19 814 87
8 20 940 24
8 21 158 342
9 12 430 345
9 13 635 50
9 14 81 116
9 15 551 267
9 16 415 91
9 17 125 23
9 18 267 335
9 19 173 348
9 20 250 276
9 21 593 107
10 12 749 214
10 13 261 55
10 14 885 113
10 15 339 16
10 16 663 26
10 17 66 76
10 18 193 353
10 19 475 223
10 20 610 286
10 21 600 355
11 12 75 176
11 13 461 222
11 14 59 254
11 15 4 167
11 16 713 168
11 17 563 116
11 18 14 327
11 19 896 125
11 20 167 101
11 21 123 122
12 22 969 304
12 23 672 162
12 24 157 168
12 25 605 343
12 26 857 53
12 27 184 17
12 28 219 213
12 29 454 52
12 30 276 201
12 31 175 48
13 22 363 16
13 23 771 204
13 24 393 246
13 25 408 157
13 26 522 69
13 27 547 94
13 28 154 206
13 29 811 303
13 30 583 112
13 31 511 115
14 22 423 244
14 23 506 61
14 24 352 71
14 25 890 233
14 26 320 136
14 27 732 96
14 28 414 324
14 29 663 10
14 30 129 265
14 31 840 291
15 22 770 62
15 23 96 340
15 24 18 65
15 25 677 332
15 26 99 322
15 27 483 83
15 28 118 116
15 29 309 53
15 30 572 206
15 31 947 85
16 22 17 339
16 23 536 340
16 24 307 19
16 25 36 239
16 26 891 130
16 27 981 299
16 28 292 252
16 29 621 81
16 30 653 326
16 31 979 164
17 22 548 87
17 23 221 121
17 24 396 234
17 25 661 313
17 26 515 132
17 27 892 70
17 28 552 11
17 29 692 51
17 30 633 205
17 31 574 124
18 22 796 266
18 23 365 180
18 24 102 339
18 25 880 45
18 26 850 197
18 27 659 10
18 28 43 218
18 29 170 31
18 30 561 203
18 31 1000 343
19 22 948 236
19 23 153 169
19 24 173 143
19 25 175 149
19 26 52 47
19 27 732 31
19 28 172 312
19 29 388 104
19 30 898 152
19 31 351 154
20 22 627 169
20 23 188 154
20 24 211 203
20 25 987 294
20 26 815 244
20 27 375 340
20 28 620 242
20 29 746 64
20 30 943 157
20 31 475 27
21 22 514 267
21 23 242 313
21 24 643 353
21 25 190 220
21 26 513 209
21 27 762 240
21 28 147 180
21 29 845 133
21 30 325 350
21 31 793 25
22 32 77 117
22 33 889 350
22 34 653 347
22 35 772 217
22 36 913 91
22 37 606 298
22 38 549 233
22 39 711 144
22 40 32 56
22 41 802 114
23 32 803 28
23 33 868 173
23 34 592 51
23 35 879 219
23 36 814 51
23 37 184 260
23 38 425 210
23 39 209 74
23 40 681 218
23 41 791 196
24 32 963 30
24 33 292 25
24 34 961 115
24 35 498 301
24 36 943 349
24 37 792 273
24 38 687 255
24 39 365 69
24 40 596 343
24 41 223 70
25 32 737 11
25 33 982 94
25 34 149 53
25 35 297 128
25 36 437 200
25 37 539 246
25 38 81 11
25 39 314 69
25 40 893 16
25 41 359 335
25 141 22959 97
26 32 925 234
26 33 345 174
26 34 970 153
26 35 969 208
26 36 689 8
26 37 13 158
26 38 68 255
26 39 995 314
26 40 64 92
26 41 288 3
27 32 951 248
27 33 803 147
27 34 508 87
27 35 45 141
27 36 938 19
27 37 623 143
27 38 857 356
27 39 830 135
27 40 779 10
27 41 840 116
28 32 288 146
28 33 435 186
28 34 505 55
28 35 879 197
28 36 530 55
28 37 279 56
28 38 59 114
28 39 990 234
28 40 67 345
28 41 323 121
29 32 855 65
29 33 311 83
29 34 129 284
29 35 942 353
29 36 756 304
29 37 123 86
29 38 676 108
29 39 674 222
29 40 449 61
29 41 292 50
30 32 260 339
30 33 598 258
30 34 569 246
30 35 161 54
30 36 713 45
30 37 421 183
30 38 227 60
30 39 795 113
30 40 178 323
30 41 880 355
31 32 954 209
31 33 464 72
31 34 194 29
31 35 838 144
31 36 493 104
31 37 342 260
31 38 858 12
31 39 585 94
31 40 354 293
31 41 566 118
32 42 765 99
32 43 131 9
32 44 521 310
32 45 167 174
32 46 312 6
32 47 199 78
32 48 76 147
32 49 503 288
32 50 892 272
32 51 534 182
33 42 782 326
33 43 603 100
33 44 489 246
33 45 900 333
33 46 321 161
33 47 787 283
33 48 370 183
33 49 471 201
33 50 798 323
33 51 687 70
34 42 8 150
34 43 721 245
34 44 735 160
34 45 18 261
34 46 352 292
34 47 514 218
34 48 43 319
34 49 530 84
34 50 236 119
34 51 341 192
35 42 478 85
35 43 983 238
35 44 723 87
35 45 902 198
35 46 982 183
35 47 824 108
35 48 874 122
35 49 246 15
35 50 130 95
35 51 405 231
36 42 849 110
36 43 100 275
36 44 576 156
36 45 44 283
36 46 913 67
36 47 738 95
36 48 252 204
36 49 535 275
36 50 484 60
36 51 500 44
37 42 282 243
37 43 735 120
37 44 665 207
37 45 663 310
37 46 814 167
37 47 246 201
37 48 435 32
37 49 2 193
37 50 256 7
37 51 372 117
38 42 686 106
38 43 20 90
38 44 405 280
38 45 566 304
38 46 243 352
38 47 104 348
38 48 333 22
38 49 280 329
38 50 945 242
38 51 607 3
39 42 515 212
39 43 1000 222
39 44 143 104
39 45 130 5
39 46 544 7
39 47 575 325
39 48 225 282
39 49 106 146
39 50 122 199
39 51 371 44
39 69 23441 128
40 42 834 270
40 43 889 83
40 44 781 124
40 45 474 336
40 46 795 45
40 47 107 220
40 48 808 149
40 49 781 159
40 50 564 352
40 51 312 315
40 120 22136 161
41 42 462 107
41 43 368 196
41 44 96 114
41 45 394 220
41 46 89 130
41 47 677 49
41 48 524 75
41 49 331 159
41 50 183 76
41 51 275 62
41 67 17664 4
42 52 809 143
42 53 407 222
42 54 914 10
42 55 325 178
42 56 837 221
42 57 574 131
42 58 674 78
42 59 355 334
42 60 482 280
42 61 115 76
42 132 23437 246
43 52 229 331
43 53 486 55
43 54 375 263
43 55 965 131
43 56 918 229
43 57 426 294
43 58 875 21
43 59 411 328
43 60 636 254
43 61 953 58
44 52 420 42
44 53 325 307
44 54 69 313
44 55 667 32
44 56 833 303
44 57 265 320
44 58 564 53
44 59 790 174
44 60 968 7
44 61 979 37
45 52 729 209
45 53 199 266
45 54 635 333
45 55 585 290
45 56 445 234
45 57 107 252
45 58 758 114
45 59 620 145
45 60 698 265
45 61 945 70
46 52 889 129
46 53 558 255
46 54 140 323
46 55 775 124
46 56 621 7
46 57 790 189
46 58 444 128
46 59 145 237
46 60 70 35
46 61 155 204
46 130 26662 64
47 52 597 109
47 53 595 255
47 54 186 21
47 55 851 73
47 56 94 96
47 57 830 131
47 58 924 144
47 59 250 310
47 60 527 144
47 61 534 335
48 52 832 213
48 53 443 226
48 54 39 72
48 55 144 68
48 56 482 325
48 57 290 103
48 58 393 56
48 59 205 137
48 60 385 132
48 61 700 335
49 52 900 147
49 53 412 264
49 54 441 293
49 55 445 135
49 56 648 158
49 57 604 314
49 58 837 178
49 59 304 168
49 60 744 314
49 61 218 254
50 52 270 336
50 53 701 323
50 54 595 85
50 55 85 39
50 56 229 78
50 57 812 230
50 58 940 337
50 59 582 317
50 60 973 102
50 61 841 6
51 52 688 247
51 53 251 98
51 54 543 278
51 55 7 167
51 56 275 35
51 57 757 78
51 58 712 331
51 59 678 250
51 60 630 180
51 61 202 124
52 62 939 185
52 63 203 179
52 64 230 178
52 65 227 233
52 66 953 131
52 67 265 316
52 68 454 273
52 69 444 304
52 70 361 347
52 71 185 168
53 62 257 195
53 63 274 176
53 64 346 129
53 65 541 340
53 66 770 317
53 67 352 209
53 68 818 33
53 69 111 242
53 70 779 49
53 71 105 29
53 113 22598 49
54 62 272 187
54 63 535 45
54 64 315 63
54 65 407 80
54 66 541 51
54 67 46 126
54 68 624 234
54 69 863 22
54 70 27 246
54 71 675 142
55 62 332 167
55 63 917 315
55 64 597 73
55 65 903 157
55 66 100 98
55 67 698 110
55 68 159 60
55 69 528 46
55 70 106 48
55 71 195 270
56 62 632 156
56 63 97 299
56 64 776 95
56 65 966 226
56 66 596 347
56 67 420 326
56 68 673 65
56 69 476 327
56 70 614 161
56 71 147 238
57 62 314 238
57 63 137 169
57 64 453 342
57 65 916 140
57 66 167 152
57 67 689 353
57 68 108 153
57 69 503 63
57 70 164 23
57 71 754 338
58 62 880 117
58 63 376 42
58 64 603 11
58 65 350 50
58 66 668 67
58 67 55 76
58 68 678 322
58 69 881 311
58 70 382 130
58 71 129 25
59 62 756 183
59 63 392 160
59 64 625 189
59 65 208 160
59 66 23 169
59 67 546 32
59 68 858 189
59 69 468 302
59 70 434 48
59 71 721 312
59 138 24135 16
60 62 636 59
60 63 650 205
60 64 662 100
60 65 712 247
60 66 363 192
60 67 585 41
60 68 74 203
60 69 418 218
60 70 810 306
60 71 737 137
61 62 490 244
61 63 256 273
61 64 525 272
61 65 678 259
61 66 782 91
61 67 2 91
61 68 941 295
61 69 49 304
61 70 335 10
61 71 349 173
62 72 339 42
62 73 389 251
62 74 32 305
62 75 872 15
62 76 407 117
62 77 322 108
62 78 239 199
62 79 834 182
62 80 795 340
62 81 358 64
63 72 834 341
63 73 829 101
63 74 412 35
63 75 905 118
63 76 386 334
63 77 676 61
63 78 852 49
63 79 983 76
63 80 557 113
63 81 700 37
64 72 610 241
64 73 135 142
64 74 202 199
64 75 70 331
64 76 715 44
64 77 177 80
64 78 736 75
64 79 178 163
64 80 122 257
64 81 211 207
65 72 802 271
65 73 225 137
65 74 271 84
65 75 439 350
65 76 350 16
65 77 856 314
65 78 238 121
65 79 643 38
65 80 971 126
65 81 442 100
66 72 679 260
66 73 452 293
66 74 883 334
66 75 631 106
66 76 686 183
66 77 772 316
66 78 643 145
66 79 942 351
66 80 695 207
66 81 495 238
67 72 845 102
67 73 751 225
67 74 166 10
67 75 196 69
67 76 645 234
67 77 724 185
67 78 1000 4
67 79 676 207
67 80 430 231
67 81 896 284
68 72 558 218
68 73 307 229
68 74 540 346
68 75 325 120
68 76 533 100
68 77 925 263
68 78 790 189
68 79 997 308
68 80 820 200
68 81 60 37
69 72 575 28
69 73 333 321
69 74 853 243
69 75 151 209
69 76 474 198
69 77 96 96
69 78 531 33
69 79 419 179
69 80 639 196
69 81 264 36
70 72 930 157
70 73 767 99
70 74 507 218
70 75 831 261
70 76 101 247
70 77 642 27
70 78 849 287
70 79 638 88
70 80 656 252
70 81 351 80
71 72 552 258
71 73 751 168
71 74 916 190
71 75 410 85
71 76 415 201
71 77 385 249
71 78 957 105
71 79 449 93
71 80 230 225
71 81 831 148
72 82 458 214
72 83 147 63
72 84 615 139
72 85 944 135
72 86 215 301
72 87 199 243
72 88 423 19
72 89 186 148
72 90 406 209
72 91 728 319
73 82 749 105
73 83 266 183
73 84 700 269
73 85 287 357
73 86 992 121
73 87 777 70
73 88 38 92
73 89 85 202
73 90 926 150
73 91 570 137
74 82 846 32
74 83 391 136
74 84 519 231
74 85 241 193
74 86 762 339
74 87 842 158
74 88 211 59
74 89 777 324
74 90 255 190
74 91 94 100
75 82 326 165
75 83 752 276
75 84 945 201
75 85 841 326
75 86 585 339
75 87 571 66
75 88 301 3
75 89 297 86
75 90 592 344
75 91 653 187
76 82 303 289
76 83 465 139
76 84 727 230
76 85 559 195
76 86 315 291
76 87 108 92
76 88 297 119
76 89 959 259
76 90 825 194
76 91 802 121
77 82 265 59
77 83 290 100
77 84 242 267
77 85 114 163
77 86 527 338
77 87 875 317
77 88 880 137
77 89 532 28
77 90 984 341
77 91 386 30
78 82 694 353
78 83 159 182
78 84 430 64
78 85 579 147
78 86 250 131
78 87 836 313
78 88 630 295
78 89 629 25
78 90 68 58
78 91 261 38
79 82 496 287
79 83 39 248
79 84 558 78
79 85 73 289
79 86 665 246
79 87 937 76
79 88 178 62
79 89 923 45
79 90 129 134
79 91 502 74
80 82 503 84
80 83 608 49
80 84 208 341
80 85 799 258
80 86 303 124
80 87 227 4
80 88 877 195
80 89 862 318
80 90 785 103
80 91 774 61
81 82 69 43
81 83 809 233
81 84 271 101
81 85 171 108
81 86 115 147
81 87 106 17
81 88 555 243
81 89 920 139
81 90 537 316
81 91 211 329
82 92 733 64
82 93 79 281
82 94 64 333
82 95 857 335
82 96 599 63
82 97 734 110
82 98 886 127
82 99 651 8
82 100 252 125
82 101 592 56
83 92 184 262
83 93 626 242
83 94 678 179
83 95 488 13
83 96 288 295
83 97 210 302
83 98 747 159
83 99 966 222
83 100 369 336
83 101 110 281
84 92 123 274
84 93 220 267
84 94 579 69
84 95 16 155
84 96 738 118
84 97 306 223
84 98 737 174
84 99 51 235
84 100 840 218
84 101 290 108
85 92 258 343
85 93 652 247
85 94 971 102
85 95 792 224
85 96 746 116
85 97 207 182
85 98 509 341
85 99 623 297
85 100 252 180
85 101 843 14
86 92 116 238
86 93 84 114
86 94 214 219
86 95 662 117
86 96 264 6
86 97 344 8
86 98 196 67
86 99 997 29
86 100 983 344
86 101 967 210
87 92 711 117
87 93 361 286
87 94 344 15
87 95 926 131
87 96 628 296
87 97 352 49
87 98 425 194
87 99 709 169
87 100 805 97
87 101 113 213
88 92 867 126
88 93 630 180
88 94 989 331
88 95 91 79
88 96 182 327
88 97 547 82
88 98 597 332
88 99 857 279
88 100 809 329
88 101 64 239
89 92 824 69
89 93 45 159
89 94 474 144
89 95 117 36
89 96 142 111
89 97 298 2
89 98 596 22
89 99 545 338
89 100 891 237
89 101 165 235
90 92 762 200
90 93 654 65
90 94 984 118
90 95 802 9
90 96 399 270
90 97 57 226
90 98 986 275
90 99 773 119
90 100 19 142
90 101 196 345
91 92 245 219
91 93 811 239
91 94 933 76
91 95 509 197
91 96 311 229
91 97 343 242
91 98 869 224
91 99 717 350
91 100 858 5
91 101 206 318
92 102 135 73
92 103 880 354
92 104 421 25
92 105 737 86
92 106 584 98
92 107 34 266
92 108 996 348
92 109 123 92
92 110 730 267
92 111 323 332
92 147 21606 25
93 102 45 25
93 103 121 176
93 104 187 300
93 105 821 302
93 106 660 241
93 107 518 179
93 108 327 86
93 109 337 241
93 110 566 53
93 111 686 307
94 102 461 10
94 103 822 101
94 104 824 259
94 105 753 342
94 106 632 116
94 107 803 126
94 108 130 139
94 109 294 252
94 110 174 168
94 111 585 83
95 102 886 121
95 103 271 103
95 104 715 89
95 105 264 214
95 106 786 317
95 107 205 138
95 108 958 303
95 109 82 57
95 110 804 239
95 111 690 304
96 102 731 243
96 103 430 219
96 104 565 298
96 105 897 343
96 106 315 288
96 107 231 178
96 108 998 275
96 109 411 242
96 110 895 79
96 111 288 238
97 102 202 293
97 103 552 155
97 104 654 80
97 105 820 179
97 106 921 222
97 107 555 34
97 108 953 311
97 109 283 328
97 110 366 54
97 111 327 74
98 102 94 57
98 103 608 232
98 104 113 313
98 105 201 196
98 106 792 218
98 107 272 336
98 108 603 225
98 109 990 79
98 110 637 63
98 111 420 147
99 102 370 293
99 103 944 164
99 104 46 13
99 105 802 298
99 106 178 287
99 107 196 329
99 108 586 345
99 109 209 347
99 110 559 113
99 111 280 289
100 102 766 358
100 103 358 120
100 104 113 126
100 105 258 194
100 106 593 257
100 107 926 146
100 108 486 52
100 109 174 116
100 110 120 98
100 111 983 346
101 102 910 154
101 103 306 241
101 104 365 283
101 105 131 12
101 106 826 125
101 107 993 312
101 108 367 326
101 109 579 303
101 110 317 238
101 111 246 104
102 112 465 357
102 113 433 101
102 114 658 50
102 115 707 4
102 116 960 238
102 117 827 294
102 118 759 186
102 119 285 136
102 120 132 63
102 121 33 54
103 112 490 312
103 113 651 114
103 114 468 245
103 115 596 194
103 116 40 284
103 117 187 232
103 118 392 236
103 119 191 262
103 120 807 93
103 121 797 237
103 141 18409 201
104 112 604 120
104 113 212 231
104 114 930 319
104 115 563 137
104 116 248 207
104 117 379 259
104 118 60 101
104 119 771 357
104 120 392 10
104 121 33 284
105 112 92 109
105 113 671 52
105 114 337 75
105 115 355 236
105 116 912 235
105 117 403 199
105 118 102 203
105 119 226 192
105 120 865 111
105 121 486 19
106 112 453 251
106 113 427 342
106 114 994 122
106 115 257 189
106 116 339 208
106 117 415 246
106 118 20 243
106 119 355 317
106 120 668 36
106 121 713 262
107 112 412 283
107 113 537 139
107 114 822 323
107 115 459 306
107 116 15 285
107 117 968 56
107 118 567 200
107 119 288 90
107 120 684 327
107 121 127 153
108 112 211 281
108 113 121 205
108 114 608 233
108 115 345 209
108 116 754 349
108 117 496 266
108 118 966 117
108 119 891 162
108 120 105 148
108 121 61 10
109 112 187 248
109 113 371 269
109 114 683 127
109 115 898 109
109 116 681 261
109 117 927 318
109 118 176 136
109 119 861 102
109 120 288 345
109 121 461 51
110 112 685 247
110 113 525 23
110 114 605 27
110 115 417 19
110 116 55 258
110 117 69 51
110 118 505 351
110 119 660 170
110 120 362 78
110 121 833 356
111 112 440 277
111 113 286 191
111 114 504 163
111 115 730 158
111 116 904 164
111 117 244 41
111 118 273 280
111 119 830 206
111 120 572 76
111 121 862 191
112 122 635 186
112 123 737 255
112 124 443 295
112 125 700 37
112 126 537 5
112 127 740 136
112 128 32 309
112 129 1 347
112 130 913 69
112 131 867 54
113 122 936 322
113 123 651 143
113 124 310 325
113 125 513 10
113 126 610 209
113 127 938 164
113 128 692 280
113 129 705 113
113 130 833 273
113 131 828 62
114 122 1000 162
114 123 748 242
114 124 652 311
114 125 81 61
114 126 560 197
114 127 38 42
114 128 376 285
114 129 2 16
114 130 437 21
114 131 782 225
115 122 349 44
115 123 955 321
115 124 990 191
115 125 837 335
115 126 144 129
115 127 888 299
115 128 638 18
115 129 976 151
115 130 924 139
115 131 760 262
116 122 417 267
116 123 391 203
116 124 221 257
116 125 363 173
116 126 838 247
116 127 682 87
116 128 772 22
116 129 145 317
116 130 67 306
116 131 267 221
117 122 225 223
117 123 173 310
117 124 604 59
117 125 567 12
117 126 570 67
117 127 199 27
117 128 408 150
117 129 368 241
117 130 754 178
117 131 623 115
118 122 513 185
118 123 253 319
118 124 18 173
118 125 237 191
118 126 861 21
118 127 77 149
118 128 358 204
118 129 261 128
118 130 189 39
118 131 694 144
118 142 26142 104
119 122 983 124
119 123 286 1
119 124 262 301
119 125 991 5
119 126 970 282
119 127 6 137
119 128 499 115
119 129 196 10
119 130 849 91
119 131 270 215
120 122 698 140
120 123 457 25
120 124 920 151
120 125 941 336
120 126 191 243
120 127 941 28
120 128 734 29
120 129 223 222
120 130 136 179
120 131 23 71
121 122 387 284
121 123 593 262
121 124 265 232
121 125 790 26
121 126 181 161
121 127 490 115
121 128 788 291
121 129 771 350
121 130 619 13
121 131 206 278
122 132 15 107
122 133 593 4
122 134 246 154
122 135 644 352
122 136 474 217
122 137 690 170
122 138 352 195
122 139 207 76
122 140 137 168
122 141 97 203
122 150 30274 191
123 132 823 29
123 133 38 310
123 134 925 7
123 135 369 130
123 136 324 20
123 137 225 249
123 138 791 67
123 139 16 340
123 140 816 106
123 141 401 252
124 132 928 347
124 133 892 178
124 134 721 118
124 135 639 12
124 136 893 105
124 137 456 98
124 138 87 317
124 139 113 173
124 140 478 264
124 141 886 92
125 132 24 83
125 133 927 243
125 134 337 102
125 135 747 67
125 136 980 244
125 137 857 156
125 138 168 318
125 139 966 245
125 140 539 24
125 141 138 67
126 132 706 286
126 133 213 299
126 134 242 16
126 135 970 99
126 136 884 44
126 137 345 81
126 138 552 123
126 139 183 53
126 140 430 350
126 141 493 271
127 132 983 194
127 133 749 184
127 134 389 171
127 135 780 123
127 136 921 183
127 137 268 287
127 138 808 161
127 139 136 31
127 140 840 289
127 141 712 115
127 146 24210 274
128 132 355 196
128 133 522 158
128 134 796 188
128 135 715 315
128 136 212 141
128 137 179 309
128 138 449 242
128 139 493 37
128 140 166 159
128 141 783 12
129 132 833 35
129 133 447 328
129 134 389 29
129 135 696 37
129 136 674 298
129 137 230 5
129 138 699 60
129 139 589 17
129 140 915 306
129 141 280 202
130 132 577 225
130 133 92 164
130 134 953 158
130 135 807 77
130 136 224 29
130 137 292 213
130 138 192 187
130 139 974 358
130 140 348 273
130 141 165 343
131 132 756 343
131 133 280 148
131 134 915 275
131 135 997 66
131 136 143 101
131 137 489 181
131 138 132 94
131 139 649 163
131 140 577 156
131 141 753 243
132 142 22 79
132 143 153 266
132 144 574 72
132 145 368 229
132 146 17 121
132 147 146 7
132 148 609 149
132 149 925 32
132 150 362 266
132 151 683 216
133 142 468 125
133 143 968 334
133 144 828 93
133 145 929 25
133 146 712 299
133 147 705 163
133 148 160 16
133 149 372 328
133 150 237 322
133 151 365 43
134 142 11 325
134 143 494 241
134 144 810 247
134 145 423 351
134 146 927 225
134 147 206 298
134 148 538 242
134 149 452 337
134 150 396 270
134 151 544 263
135 142 647 290
135 143 706 310
135 144 65 130
135 145 186 143
135 146 760 302
135 147 809 104
135 148 311 282
135 149 365 58
135 150 786 305
135 151 272 123
136 142 787 164
136 143 285 68
136 144 579 295
136 145 906 154
136 146 9 194
136 147 690 11
136 148 928 38
136 149 418 26
136 150 672 188
136 151 776 220
137 142 516 329
137 143 335 48
137 144 409 101
137 145 973 326
137 146 85 246
137 147 619 353
137 148 916 71
137 149 524 165
137 150 968 6
137 151 893 308
138 142 702 111
138 143 708 209
138 144 404 31
138 145 457 107
138 146 74 332
138 147 99 308
138 148 948 29
138 149 43 98
138 150 384 102
138 151 397 46
139 142 33 50
139 143 147 65
139 144 565 95
139 145 278 101
139 146 862 119
139 147 729 256
139 148 500 276
139 149 614 186
139 150 647 157
139 151 347 265
140 142 646 288
140 143 699 226
140 144 354 86
140 145 373 263
140 146 372 5
140 147 70 178
140 148 43 68
140 149 406 312
140 150 822 125
140 151 545 96
141 142 154 217
141 143 18 36
141 144 55 239
141 145 851 338
141 146 353 147
141 147 253 352
141 148 389 145
141 149 246 265
141 150 421 55
141 151 81 347
142 152 765 298
143 152 760 276
144 152 741 312
145 152 976 28
146 152 492 56
147 152 282 351
148 152 384 300
149 152 878 346
150 152 140 61
151 152 829 79
