152 1430 1 152 7 358
1 2 974 28
1 3 797 353
1 4 643 200
1 5 395 242
1 6 149 311
1 7 867 333
1 8 249 235
1 9 648 23
1 10 709 101
1 11 667 12
2 12 238 19
2 13 824 346
2 14 822 152
2 15 915 88
2 16 510 7
2 17 711 63
2 18 474 55
2 19 233 95
2 20 754 35
2 21 691 132
3 12 934 22
3 13 763 36
3 14 295 261
3 15 465 221
3 16 581 281
3 17 90 195
3 18 569 111
3 19 403 55
3 20 635 275
3 21 460 5
4 12 431 110
4 13 559 170
4 14 991 208
4 15 11 261
4 16 332 157
4 17 309 283
4 18 930 73
4 19 790 166
4 20 385 133
4 21 593 65
5 12 61 154
5 13 255 8
5 14 458 36
5 15 505 335
5 16 511 95
5 17 133 349
5 18 6 302
5 19 297 344
5 20 465 326
5 21 971 251
6 12 242 91
6 13 597 343
6 14 178 186
6 15 49 123
6 16 158 326
6 17 361 94
6 18 217 144
6 19 401 205
6 20 958 239
6 21 501 311
7 12 716 308
7 13 592 137
7 14 24 98
7 15 477 355
7 16 271 265
7 17 786 312
7 18 660 72
7 19 521 71
7 20 484 299
7 21 995 21
8 12 617 193
8 13 163 306
8 14 247 42
8 15 572 352
8 16 547 206
8 17 35 7
8 18 967 12
8 19 235 355
8 20 257 262
8 21 963 121
9 12 382 318
9 13 89 277
9 14 460 204
9 15 386 195
9 16 73 44
9 17 654 132
9 18 708 176
9 19 933 45
9 20 826 349
9 21 780 214
10 12 358 160
10 13 329 120
10 14 424 205
10 15 665 93
10 16 187 77
10 17 809 107
10 18 200 251
10 19 861 83
10 20 759 261
10 21 65 319
11 12 917 12
11 13 774 260
11 14 687 46
11 15 130 233
11 16 983 7
11 17 380 55
11 18 207 75
11 19 881 64
11 20 650 309
11 21 684 135
12 22 123 239
12 23 782 321
12 24 57 71
12 25 691 118
12 26 875 70
12 27 443 155
12 28 857 330
12 29 903 247
12 30 151 190
12 31 887 269
13 22 314 85
13 23 168 91
13 24 144 44
13 25 365 121
13 26 721 75
13 27 866 23
13 28 709 145
13 29 675 270
13 30 35 288
13 31 253 219
14 22 372 289
14 23 351 61
14 24 905 5
14 25 685 332
14 26 149 7
14 27 370 31
14 28 435 198
14 29 117 204
14 30 904 307
14 31 618 69
15 22 759 312
15 23 641 254
15 24 12 42
15 25 689 307
15 26 700 6
15 27 4 13
15 28 760 199
15 29 652 138
15 30 997 299
15 31 7 208
16 22 511 49
16 23 972 196
16 24 278 228
16 25 461 49
16 26 174 198
16 27 42 8
16 28 484 173
16 29 686 310
16 30 478 331
16 31 138 36
17 22 118 204
17 23 394 160
17 24 720 277
17 25 256 114
17 26 989 114
17 27 954 338
17 28 514 35
17 29 442 258
17 30 751 25
17 31 550 41
18 22 727 242
18 23 579 281
18 24 555 305
18 25 305 89
18 26 642 40
18 27 170 231
18 28 754 132
18 29 132 122
18 30 334 330
18 31 544 234
19 22 959 168
19 23 479 337
19 24 706 180
19 25 619 78
19 26 323 284
19 27 126 249
19 28 169 63
19 29 544 130
19 30 51 36
19 31 153 329
19 126 29670 207
20 22 798 139
20 23 973 267
20 24 845 258
20 25 56 313
20 26 466 299
20 27 469 88
20 28 127 149
20 29 751 285
20 30 29 105
20 31 500 131
21 22 605 89
21 23 987 92
21 24 563 2
21 25 800 178
21 26 301 191
21 27 228 248
21 28 30 137
21 29 728 247
21 30 292 316
21 31 622 60
22 32 169 18
22 33 984 306
22 34 205 82
22 35 712 139
22 36 505 287
22 37 670 176
22 38 12 336
22 39 164 72
22 40 180 199
22 41 293 128
23 32 508 143
23 33 880 184
23 34 841 123
23 35 830 344
23 36 330 309
23 37 408 129
23 38 423 258
23 39 242 195
23 40 198 119
23 41 767 211
24 32 242 107
24 33 379 101
24 34 661 83
24 35 536 305
24 36 941 289
24 37 371 258
24 38 699 110
24 39 512 294
24 40 786 84
24 41 789 315
25 32 241 226
25 33 558 165
25 34 885 295
25 35 630 335
25 36 686 234
25 37 320 36
25 38 452 88
25 39 44 290
25 40 969 82
25 41 402 267
26 32 26 141
26 33 609 317
26 34 616 269
26 35 52 191
26 36 163 173
26 37 214 326
26 38 2 138
26 39 366 259
26 40 94 81
26 41 672 3
27 32 496 319
27 33 483 122
27 34 417 199
27 35 349 207
27 36 617 48
27 37 392 155
27 38 616 338
27 39 826 296
27 40 483 345
27 41 39 254
28 32 393 239
28 33 706 68
28 34 443 336
28 35 389 93
28 36 900 183
28 37 180 319
28 38 483 128
28 39 508 325
28 40 125 302
28 41 44 73
29 32 299 67
29 33 208 245
29 34 543 42
29 35 509 66
29 36 483 245
29 37 406 273
29 38 990 83
29 39 818 338
29 40 376 317
29 41 466 68
30 32 154 101
30 33 1 63
30 34 612 301
30 35 814 259
30 36 510 168
30 37 100 197
30 38 743 340
30 39 663 258
30 40 180 191
30 41 99 250
31 32 545 332
31 33 758 338
31 34 706 216
31 35 502 274
31 36 996 155
31 37 804 289
31 38 948 31
31 39 526 126
31 40 166 133
31 41 869 175
32 42 738 161
32 43 727 38
32 44 45 345
32 45 287 209
32 46 62 301
32 47 889 34
32 48 618 176
32 49 22 71
32 50 472 100
32 51 908 45
33 42 402 94
33 43 695 27
33 44 338 2
33 45 706 301
33 46 519 63
33 47 539 129
33 48 457 167
33 49 197 259
33 50 142 30
33 51 231 114
34 42 662 247
34 43 413 251
34 44 696 100
34 45 292 248
34 46 68 211
34 47 765 136
34 48 813 63
34 49 246 151
34 50 63 113
34 51 408 129
35 42 606 108
35 43 410 26
35 44 380 115
35 45 65 335
35 46 189 178
35 47 684 135
35 48 651 123
35 49 674 250
35 50 405 157
35 51 546 290
36 42 767 218
36 43 209 312
36 44 462 64
36 45 69 89
36 46 720 323
36 47 972 12
36 48 242 139
36 49 913 290
36 50 53 156
36 51 168 185
37 42 655 257
37 43 677 300
37 44 165 122
37 45 630 292
37 46 213 90
37 47 187 236
37 48 833 111
37 49 164 107
37 50 242 245
37 51 378 309
38 42 648 323
38 43 687 130
38 44 997 229
38 45 238 283
38 46 544 55
38 47 851 285
38 48 809 77
38 49 684 318
38 50 838 218
38 51 846 136
39 42 363 313
39 43 735 300
39 44 618 84
39 45 499 259
39 46 438 244
39 47 315 283
39 48 380 289
39 49 711 73
39 50 470 96
39 51 870 333
40 42 771 2
40 43 829 180
40 44 495 192
40 45 264 352
40 46 863 183
40 47 732 87
40 48 449 189
40 49 807 57
40 50 297 8
40 51 521 169
41 42 681 301
41 43 262 56
41 44 55 150
41 45 734 346
41 46 620 159
41 47 586 55
41 48 694 327
41 49 259 37
41 50 311 25
41 51 103 246
42 52 518 163
42 53 927 45
42 54 836 283
42 55 293 203
42 56 363 218
42 57 946 288
42 58 832 314
42 59 526 22
42 60 807 85
42 61 603 10
43 52 904 269
43 53 720 304
43 54 123 28
43 55 260 118
43 56 404 42
43 57 554 70
43 58 367 194
43 59 284 142
43 60 108 142
43 61 306 42
43 81 26361 118
44 52 574 243
44 53 433 177
44 54 712 101
44 55 635 205
44 56 525 92
44 57 450 37
44 58 419 114
44 59 101 146
44 60 724 265
44 61 161 218
45 52 206 317
45 53 882 181
45 54 792 150
45 55 996 327
45 56 121 101
45 57 280 276
45 58 738 200
45 59 83 101
45 60 224 137
45 61 396 284
46 52 126 277
46 53 159 124
46 54 89 169
46 55 397 287
46 56 461 171
46 57 775 105
46 58 326 247
46 59 436 157
46 60 580 239
46 61 99 313
47 52 623 233
47 53 126 183
47 54 255 71
47 55 822 105
47 56 19 338
47 57 719 35
47 58 946 303
47 59 854 69
47 60 543 256
47 61 488 99
48 52 1 186
48 53 643 202
48 54 764 241
48 55 821 67
48 56 301 351
48 57 15 334
48 58 516 293
48 59 651 301
48 60 780 141
48 61 464 80
48 96 20016 298
49 52 438 103
49 53 432 19
49 54 450 271
49 55 790 279
49 56 98 93
49 57 590 158
49 58 165 347
49 59 922 224
49 60 899 200
49 61 655 46
50 52 714 31
50 53 591 270
50 54 756 291
50 55 861 21
50 56 318 258
50 57 117 27
50 58 124 283
50 59 966 106
50 60 79 294
50 61 909 30
51 52 816 15
51 53 959 57
51 54 968 242
51 55 774 10
51 56 16 109
51 57 740 42
51 58 568 147
51 59 359 26
51 60 260 246
51 61 864 215
52 62 89 225
52 63 754 65
52 64 327 38
52 65 991 25
52 66 824 228
52 67 989 326
52 68 875 77
52 69 518 200
52 70 909 217
52 71 477 219
53 62 575 306
53 63 326 217
53 64 606 138
53 65 126 207
53 66 249 232
53 67 108 204
53 68 698 218
53 69 512 120
53 70 161 19
53 71 259 351
54 62 963 97
54 63 359 16
54 64 48 317
54 65 615 268
54 66 894 343
54 67 55 345
54 68 822 23
54 69 965 187
54 70 448 73
54 71 725 26
55 62 163 168
55 63 749 49
55 64 863 105
55 65 908 246
55 66 666 316
55 67 31 195
55 68 833 114
55 69 67 37
55 70 839 245
55 71 593 111
56 62 179 168
56 63 792 77
56 64 871 244
56 65 595 93
56 66 12 244
56 67 356 184
56 68 723 284
56 69 897 209
56 70 134 29
56 71 939 161
57 62 885 133
57 63 219 158
57 64 328 174
57 65 902 105
57 66 684 136
57 67 627 36
57 68 473 282
57 69 943 228
57 70 771 287
57 71 902 33
58 62 230 143
58 63 5 353
58 64 360 234
58 65 236 138
58 66 578 8
58 67 176 310
58 68 401 329
58 69 286 154
58 70 347 105
58 71 239 83
59 62 545 211
59 63 157 314
59 64 870 27
59 65 535 292
59 66 401 53
59 67 384 81
59 68 778 133
59 69 349 263
59 70 373 282
59 71 468 268
60 62 330 280
60 63 511 231
60 64 546 305
60 65 520 85
60 66 797 106
60 67 386 296
60 68 957 319
60 69 423 47
60 70 911 318
60 71 359 160
61 62 229 32
61 63 8 261
61 64 467 312
61 65 345 209
61 66 243 214
61 67 8 30
61 68 637 148
61 69 448 76
61 70 811 84
61 71 178 259
62 72 762 22
62 73 573 60
62 74 64 68
62 75 245 6
62 76 294 331
62 77 129 296
62 78 149 114
62 79 420 330
62 80 315 211
62 81 457 351
63 72 647 224
63 73 93 266
63 74 330 63
63 75 607 335
63 76 425 322
63 77 501 124
63 78 194 227
63 79 95 160
63 80 598 241
63 81 842 194
64 72 535 180
64 73 603 55
64 74 740 90
64 75 816 355
64 76 931 275
64 77 75 204
64 78 12 2
64 79 104 271
64 80 318 59
64 81 675 282
65 72 537 304
65 73 281 52
65 74 400 216
65 75 522 256
65 76 289 321
65 77 616 318
65 78 237 312
65 79 171 358
65 80 262 250
65 81 779 306
66 72 187 266
66 73 391 246
66 74 677 152
66 75 10 269
66 76 214 174
66 77 504 82
66 78 73 302
66 79 500 280
66 80 341 57
66 81 837 311
67 72 596 354
67 73 126 170
67 74 51 191
67 75 145 207
67 76 327 110
67 77 285 35
67 78 954 137
67 79 415 177
67 80 45 271
67 81 791 30
68 72 437 122
68 73 871 164
68 74 244 344
68 75 653 337
68 76 60 80
68 77 106 8
68 78 411 264
68 79 178 356
68 80 447 252
68 81 142 59
69 72 634 340
69 73 746 156
69 74 890 269
69 75 734 335
69 76 405 94
69 77 930 255
69 78 24 149
69 79 761 285
69 80 945 227
69 81 681 221
69 115 30433 97
70 72 991 124
70 73 121 270
70 74 945 218
70 75 888 340
70 76 61 212
70 77 816 64
70 78 125 229
70 79 207 336
70 80 851 13
70 81 65 202
71 72 25 188
71 73 728 4
71 74 559 67
71 75 174 180
71 76 761 14
71 77 274 191
71 78 460 343
71 79 780 21
71 80 788 33
71 81 109 113
72 82 70 252
72 83 59 128
72 84 440 125
72 85 927 235
72 86 574 6
72 87 708 194
72 88 660 263
72 89 303 78
72 90 302 88
72 91 311 146
73 82 546 31
73 83 972 121
73 84 105 13
73 85 564 28
73 86 932 200
73 87 29 263
73 88 381 138
73 89 454 267
73 90 168 202
73 91 811 214
74 82 651 110
74 83 720 189
74 84 313 261
74 85 85 357
74 86 858 122
74 87 578 21
74 88 305 187
74 89 838 315
74 90 476 246
74 91 225 116
75 82 24 83
75 83 84 231
75 84 18 18
75 85 120 106
75 86 341 332
75 87 214 276
75 88 569 232
75 89 283 267
75 90 365 54
75 91 123 266
76 82 72 188
76 83 467 25
76 84 531 51
76 85 279 29
76 86 470 148
76 87 651 185
76 88 312 208
76 89 948 170
76 90 949 46
76 91 144 283
77 82 291 230
77 83 683 199
77 84 50 290
77 85 860 29
77 86 35 13
77 87 715 55
77 88 751 228
77 89 509 105
77 90 883 227
77 91 909 321
78 82 394 315
78 83 350 160
78 84 757 67
78 85 8 220
78 86 798 260
78 87 832 125
78 88 341 73
78 89 403 251
78 90 455 130
78 91 352 165
79 82 507 225
79 83 802 260
79 84 127 60
79 85 953 43
79 86 578 200
79 87 464 87
79 88 166 343
79 89 602 325
79 90 611 23
79 91 450 334
80 82 882 193
80 83 50 94
80 84 242 43
80 85 119 252
80 86 33 227
80 87 887 3
80 88 505 310
80 89 147 280
80 90 693 265
80 91 101 23
81 82 581 164
81 83 165 86
81 84 814 172
81 85 817 206
81 86 939 151
81 87 8 64
81 88 507 272
81 89 121 220
81 90 510 6
81 91 99 191
82 92 873 125
82 93 862 150
82 94 450 11
82 95 659 4
82 96 937 330
82 97 96 88
82 98 585 325
82 99 894 24
82 100 668 35
82 101 756 93
83 92 648 22
83 93 172 32
83 94 290 172
83 95 65 334
83 96 563 93
83 97 518 93
83 98 554 341
83 99 836 111
83 100 765 251
83 101 267 347
84 92 414 352
84 93 738 223
84 94 68 227
84 95 691 339
84 96 935 133
84 97 354 149
84 98 759 247
84 99 482 130
84 100 376 308
84 101 875 306
84 142 24675 15
85 92 986 314
85 93 886 179
85 94 831 34
85 95 761 297
85 96 164 105
85 97 62 304
85 98 320 151
85 99 276 130
85 100 640 344
85 101 915 154
85 111 18572 348
86 92 480 55
86 93 130 132
86 94 968 7
86 95 62 320
86 96 11 270
86 97 994 154
86 98 482 209
86 99 121 331
86 100 660 278
86 101 437 151
87 92 25 168
87 93 762 240
87 94 864 19
87 95 498 77
87 96 87 202
87 97 419 125
87 98 110 358
87 99 524 131
87 100 491 88
87 101 276 253
88 92 367 95
88 93 839 300
88 94 270 299
88 95 880 105
88 96 233 243
88 97 875 38
88 98 70 258
88 99 919 123
88 100 529 282
88 101 876 213
89 92 173 163
89 93 141 277
89 94 849 47
89 95 968 53
89 96 954 324
89 97 840 140
89 98 458 143
89 99 329 180
89 100 381 203
89 101 47 75
90 92 124 83
90 93 225 28
90 94 151 246
90 95 400 257
90 96 936 279
90 97 326 234
90 98 38 287
90 99 1 168
90 100 975 349
90 101 818 152
91 92 367 294
91 93 591 21
91 94 375 183
91 95 353 233
91 96 735 80
91 97 358 202
91 98 835 29
91 99 187 198
91 100 748 333
91 101 476 287
92 102 365 312
92 103 448 15
92 104 510 30
92 105 10 134
92 106 236 305
92 107 280 173
92 108 151 42
92 109 170 309
92 110 694 261
92 111 454 143
93 102 602 28
93 103 321 84
93 104 133 219
93 105 83 20
93 106 139 271
93 107 277 8
93 108 457 185
93 109 860 199
93 110 372 146
93 111 117 196
94 102 50 322
94 103 180 295
94 104 84 148
94 105 604 172
94 106 120 65
94 107 838 124
94 108 980 211
94 109 275 315
94 110 634 323
94 111 666 32
95 102 354 225
95 103 134 307
95 104 963 269
95 105 744 264
95 106 833 166
95 107 399 41
95 108 82 355
95 109 436 169
95 110 880 91
95 111 818 138
95 115 29360 138
96 102 234 222
96 103 275 26
96 104 800 357
96 105 429 285
96 106 864 237
96 107 722 81
96 108 773 187
96 109 543 214
96 110 306 357
96 111 621 118
96 116 27424 299
97 102 960 230
97 103 305 57
97 104 174 22
97 105 630 300
97 106 324 148
97 107 984 97
97 108 787 85
97 109 114 334
97 110 677 145
97 111 148 222
98 102 725 173
98 103 100 242
98 104 506 353
98 105 990 80
98 106 285 292
98 107 81 248
98 108 86 257
98 109 987 277
98 110 912 170
98 111 16 209
99 102 470 219
99 103 127 326
99 104 775 242
99 105 227 210
99 106 950 214
99 107 442 171
99 108 182 216
99 109 952 354
99 110 661 125
99 111 619 219
100 102 205 250
100 103 426 12
100 104 609 280
100 105 618 57
100 106 862 143
100 107 349 305
100 108 733 204
100 109 875 263
100 110 742 195
100 111 151 268
101 102 43 274
101 103 509 17
101 104 217 218
101 105 917 115
101 106 705 160
101 107 132 304
101 108 426 103
101 109 840 271
101 110 601 153
101 111 669 66
102 112 173 130
102 113 375 266
102 114 571 301
102 115 806 214
102 116 53 41
102 117 634 98
102 118 694 110
102 119 136 242
102 120 885 263
102 121 71 250
103 112 409 191
103 113 514 126
103 114 796 204
103 115 630 141
103 116 152 311
103 117 154 60
103 118 602 220
103 119 534 221
103 120 741 247
103 121 906 141
104 112 441 71
104 113 52 138
104 114 19 353
104 115 132 10
104 116 2 53
104 117 248 75
104 118 18 335
104 119 287 125
104 120 656 250
104 121 913 215
105 112 132 332
105 113 927 170
105 114 969 309
105 115 79 71
105 116 507 329
105 117 944 84
105 118 143 314
105 119 567 146
105 120 425 183
105 121 929 247
106 112 787 28
106 113 684 153
106 114 922 242
106 115 393 322
106 116 662 188
106 117 485 300
106 118 475 178
106 119 680 187
106 120 354 65
106 121 489 161
107 112 822 145
107 113 523 323
107 114 87 46
107 115 683 314
107 116 834 211
107 117 124 279
107 118 238 291
107 119 774 345
107 120 758 315
107 121 918 314
108 112 561 118
108 113 841 19
108 114 579 285
108 115 156 231
108 116 498 283
108 117 479 116
108 118 249 133
108 119 937 93
108 120 35 320
108 121 441 254
109 112 480 173
109 113 333 291
109 114 899 122
109 115 664 67
109 116 831 14
109 117 205 145
109 118 499 342
109 119 790 263
109 120 286 161
109 121 150 346
110 112 15 161
110 113 865 73
110 114 37 210
110 115 17 119
110 116 217 34
110 117 123 6
110 118 906 184
110 119 275 139
110 120 453 259
110 121 144 180
111 112 461 189
111 113 629 342
111 114 519 180
111 115 942 301
111 116 41 78
111 117 374 64
111 118 768 116
111 119 213 321
111 120 660 303
111 121 663 65
112 122 134 324
112 123 565 132
112 124 122 76
112 125 516 228
112 126 81 72
112 127 100 39
112 128 799 7
112 129 245 220
112 130 579 325
112 131 11 126
113 122 59 211
113 123 30 295
113 124 336 164
113 125 799 70
113 126 114 160
113 127 74 14
113 128 928 20
113 129 750 130
113 130 543 84
113 131 25 39
114 122 28 69
114 123 799 193
114 124 900 89
114 125 167 96
114 126 12 84
114 127 275 175
114 128 530 155
114 129 69 299
114 130 984 82
114 131 194 115
115 122 662 355
115 123 418 29
115 124 269 117
115 125 773 94
115 126 387 123
115 127 691 330
115 128 785 164
115 129 26 187
115 130 36 19
115 131 474 122
116 122 377 348
116 123 841 207
116 124 433 321
116 125 499 215
116 126 237 345
116 127 645 331
116 128 437 72
116 129 625 216
116 130 630 217
116 131 212 251
117 122 424 183
117 123 315 240
117 124 138 168
117 125 971 173
117 126 260 175
117 127 777 155
117 128 46 287
117 129 676 299
117 130 179 95
117 131 933 57
118 122 461 243
118 123 384 63
118 124 323 50
118 125 35 114
118 126 456 324
118 127 771 339
118 128 62 329
118 129 141 123
118 130 413 50
118 131 91 285
119 122 843 187
119 123 35 45
119 124 394 75
119 125 315 24
119 126 988 210
119 127 105 151
119 128 301 117
119 129 731 331
119 130 427 20
119 131 683 274
120 122 849 280
120 123 655 291
120 124 808 40
120 125 423 212
120 126 193 200
120 127 133 109
120 128 487 273
120 129 364 315
120 130 323 293
120 131 617 50
121 122 340 19
121 123 892 113
121 124 517 260
121 125 735 135
121 126 796 127
121 127 366 355
121 128 862 91
121 129 773 126
121 130 569 286
121 131 474 48
122 132 955 346
122 133 64 281
122 134 271 71
122 135 243 195
122 136 892 7
122 137 652 260
122 138 614 71
122 139 233 72
122 140 490 34
122 141 345 127
123 132 352 190
123 133 207 55
123 134 822 60
123 135 841 219
123 136 888 62
123 137 692 119
123 138 766 86
123 139 351 355
123 140 364 288
123 141 337 322
124 132 80 93
124 133 310 108
124 134 517 175
124 135 874 295
124 136 278 169
124 137 102 299
124 138 510 218
124 139 474 224
124 140 697 235
124 141 204 27
125 132 945 196
125 133 682 209
125 134 420 277
125 135 527 69
125 136 878 271
125 137 62 182
125 138 352 334
125 139 412 330
125 140 237 303
125 141 488 203
125 143 29462 238
126 132 898 246
126 133 222 87
126 134 550 13
126 135 556 13
126 136 968 238
126 137 306 311
126 138 485 86
126 139 994 213
126 140 64 182
126 141 25 314
127 132 87 344
127 133 341 251
127 134 997 143
127 135 85 191
127 136 984 210
127 137 851 105
127 138 604 182
127 139 364 314
127 140 595 50
127 141 192 228
128 132 397 232
128 133 956 4
128 134 547 190
128 135 734 16
128 136 162 84
128 137 169 289
128 138 304 199
128 139 798 246
128 140 554 210
128 141 300 133
129 132 253 38
129 133 68 197
129 134 537 122
129 135 849 278
129 136 635 339
129 137 364 255
129 138 619 92
129 139 739 339
129 140 298 293
129 141 181 20
129 146 26677 80
130 132 774 303
130 133 548 84
130 134 611 299
130 135 556 133
130 136 919 29
130 137 833 353
130 138 665 286
130 139 660 107
130 140 601 342
130 141 806 320
131 132 905 316
131 133 277 252
131 134 686 225
131 135 541 230
131 136 79 122
131 137 481 162
131 138 529 326
131 139 566 328
131 140 524 63
131 141 664 283
132 142 179 324
132 143 692 277
132 144 876 149
132 145 293 51
132 146 396 133
132 147 224 307
132 148 870 125
132 149 533 113
132 150 674 108
132 151 402 188
133 142 793 277
133 143 839 44
133 144 619 206
133 145 638 298
133 146 700 282
133 147 194 110
133 148 5 339
133 149 841 197
133 150 977 232
133 151 24 58
134 142 393 3
134 143 307 268
134 144 439 116
134 145 182 202
134 146 175 120
134 147 923 343
134 148 857 58
134 149 559 130
134 150 232 344
134 151 528 242
135 142 685 348
135 143 584 119
135 144 632 34
135 145 237 242
135 146 629 121
135 147 645 49
135 148 222 17
135 149 469 333
135 150 360 117
135 151 831 186
136 142 337 103
136 143 755 344
136 144 913 15
136 145 437 351
136 146 779 227
136 147 984 176
136 148 611 67
136 149 780 6
136 150 247 229
136 151 770 202
137 142 770 116
137 143 489 277
137 144 235 250
137 145 445 141
137 146 965 260
137 147 808 358
137 148 809 32
137 149 571 306
137 150 510 250
137 151 366 350
138 142 724 294
138 143 686 4
138 144 42 114
138 145 742 125
138 146 147 345
138 147 186 120
138 148 499 194
138 149 208 344
138 150 202 95
138 151 14 103
139 142 856 232
139 143 75 85
139 144 190 40
139 145 35 200
139 146 278 180
139 147 766 164
139 148 681 157
139 149 893 292
139 150 53 65
139 151 408 303
140 142 556 327
140 143 440 289
140 144 970 142
140 145 407 43
140 146 985 52
140 147 739 91
140 148 93 194
140 149 122 90
140 150 230 240
140 151 605 328
141 142 681 258
141 143 364 183
141 144 27 276
141 145 999 162
141 146 575 6
141 147 58 227
141 148 371 23
141 149 676 239
141 150 605 69
141 151 137 50
142 152 387 135
143 152 384 342
144 152 622 109
145 152 836 320
146 152 388 39
147 152 12 155
148 152 724 192
149 152 804 278
150 152 226 333
151 152 117 33
