152 1420 1 152 7 355
1 2 568 56
1 3 316 2
1 4 360 300
1 5 106 331
1 6 254 158
1 7 685 299
1 8 987 303
1 9 980 116
1 10 438 295
1 11 19 313
2 12 726 107
2 13 757 67
2 14 73 224
2 15 535 44
2 16 104 187
2 17 541 3
2 18 737 231
2 19 24 189
2 20 172 165
2 21 140 184
3 12 896 33
3 13 314 328
3 14 143 169
3 15 471 200
3 16 243 70
3 17 769 247
3 18 415 3
3 19 966 302
3 20 269 209
3 21 62 108
4 12 332 218
4 13 612 181
4 14 400 102
4 15 986 155
4 16 610 253
4 17 443 162
4 18 271 267
4 19 511 262
4 20 149 326
4 21 878 56
5 12 978 309
5 13 504 80
5 14 735 36
5 15 18 61
5 16 287 252
5 17 132 181
5 18 976 121
5 19 20 34
5 20 149 253
5 21 77 254
6 12 92 47
6 13 494 281
6 14 275 310
6 15 926 52
6 16 378 211
6 17 29 142
6 18 24 242
6 19 416 345
6 20 74 173
6 21 715 246
7 12 287 41
7 13 640 152
7 14 622 321
7 15 427 109
7 16 553 212
7 17 714 201
7 18 632 28
7 19 388 21
7 20 95 42
7 21 613 259
8 12 242 192
8 13 168 218
8 14 642 338
8 15 799 110
8 16 772 73
8 17 7 142
8 18 731 337
8 19 331 322
8 20 623 355
8 21 414 175
9 12 77 123
9 13 672 208
9 14 123 42
9 15 743 185
9 16 786 68
9 17 95 87
9 18 4 93
9 19 777 92
9 20 890 294
9 21 343 351
10 12 383 43
10 13 165 250
10 14 32 122
10 15 616 318
10 16 265 69
10 17 282 105
10 18 521 2
10 19 874 122
10 20 114 213
10 21 357 270
11 12 722 133
11 13 513 210
11 14 71 287
11 15 902 266
11 16 579 76
11 17 406 265
11 18 531 213
11 19 315 105
11 20 810 99
11 21 853 302
12 22 873 297
12 23 449 43
12 24 186 297
12 25 832 187
12 26 936 252
12 27 154 115
12 28 405 155
12 29 496 172
12 30 210 143
12 31 846 55
13 22 918 209
13 23 308 331
13 24 508 152
13 25 36 337
13 26 587 128
13 27 714 133
13 28 642 123
13 29 273 123
13 30 15 354
13 31 226 165
14 22 335 219
14 23 605 349
14 24 934 98
14 25 291 83
14 26 604 146
14 27 442 102
14 28 105 59
14 29 6 325
14 30 811 252
14 31 280 39
15 22 275 55
15 23 411 293
15 24 333 37
15 25 986 208
15 26 841 195
15 27 249 152
15 28 741 290
15 29 71 312
15 30 892 255
15 31 707 134
16 22 30 143
16 23 440 54
16 24 762 60
16 25 436 44
16 26 462 57
16 27 776 177
16 28 202 111
16 29 514 116
16 30 768 89
16 31 189 196
17 22 302 214
17 23 62 197
17 24 257 57
17 25 145 78
17 26 58 146
17 27 51 205
17 28 181 248
17 29 54 176
17 30 417 163
17 31 541 157
18 22 160 263
18 23 550 234
18 24 605 224
18 25 734 111
18 26 943 129
18 27 910 214
18 28 953 28
18 29 880 125
18 30 421 130
18 31 512 324
19 22 618 95
19 23 339 189
19 24 709 96
19 25 323 122
19 26 827 17
19 27 525 297
19 28 128 40
19 29 470 162
19 30 627 329
19 31 323 138
20 22 116 224
20 23 208 99
20 24 546 147
20 25 528 63
20 26 997 79
20 27 294 295
20 28 703 137
20 29 47 119
20 30 946 233
20 31 770 228
21 22 131 12
21 23 790 347
21 24 849 195
21 25 683 21
21 26 408 178
21 27 828 237
21 28 81 105
21 29 378 184
21 30 393 197
21 31 976 10
22 32 486 249
22 33 409 199
22 34 252 183
22 35 547 114
22 36 561 4
22 37 647 190
22 38 343 112
22 39 834 329
22 40 170 185
22 41 885 197
23 32 793 294
23 33 51 268
23 34 600 45
23 35 962 317
23 36 731 198
23 37 77 30
23 38 242 293
23 39 498 274
23 40 674 352
23 41 493 6
24 32 981 180
24 33 866 105
24 34 399 261
24 35 627 304
24 36 847 141
24 37 522 2
24 38 205 165
24 39 702 211
24 40 27 351
24 41 736 168
25 32 987 291
25 33 289 39
25 34 870 329
25 35 512 160
25 36 294 322
25 37 353 314
25 38 160 293
25 39 5 77
25 40 738 28
25 41 447 88
26 32 442 125
26 33 760 333
26 34 549 169
26 35 163 168
26 36 182 165
26 37 906 176
26 38 193 47
26 39 28 104
26 40 339 343
26 41 753 39
27 32 368 193
27 33 43 57
27 34 883 84
27 35 752 262
27 36 602 194
27 37 3 220
27 38 759 276
27 39 915 58
27 40 447 145
27 41 343 72
28 32 770 334
28 33 849 144
28 34 876 188
28 35 209 30
28 36 470 124
28 37 385 191
28 38 951 131
28 39 743 156
28 40 849 114
28 41 547 315
29 32 506 79
29 33 342 245
29 34 32 308
29 35 420 205
29 36 976 264
29 37 981 61
29 38 696 290
29 39 698 302
29 40 882 160
29 41 767 26
30 32 537 74
30 33 532 67
30 34 842 56
30 35 453 47
30 36 754 328
30 37 401 39
30 38 479 252
30 39 209 65
30 40 562 176
30 41 779 192
31 32 941 143
31 33 598 186
31 34 600 93
31 35 1000 192
31 36 389 71
31 37 933 40
31 38 641 298
31 39 268 271
31 40 556 67
31 41 824 152
32 42 412 154
32 43 740 67
32 44 723 59
32 45 767 238
32 46 147 219
32 47 767 256
32 48 740 19
32 49 642 111
32 50 698 270
32 51 539 71
33 42 359 205
33 43 580 327
33 44 996 35
33 45 215 70
33 46 315 124
33 47 69 137
33 48 537 167
33 49 373 265
33 50 232 236
33 51 708 344
34 42 989 111
34 43 822 277
34 44 756 327
34 45 976 104
34 46 157 291
34 47 523 308
34 48 684 322
34 49 946 241
34 50 634 51
34 51 586 194
35 42 664 151
35 43 738 150
35 44 978 30
35 45 612 345
35 46 940 265
35 47 342 274
35 48 554 141
35 49 484 305
35 50 836 63
35 51 893 108
36 42 500 180
36 43 951 324
36 44 398 82
36 45 612 221
36 46 578 350
36 47 386 288
36 48 780 88
36 49 795 45
36 50 141 232
36 51 57 134
37 42 6 182
37 43 598 102
37 44 339 322
37 45 886 39
37 46 345 80
37 47 813 181
37 48 499 264
37 49 86 84
37 50 890 306
37 51 994 75
38 42 668 275
38 43 839 268
38 44 433 94
38 45 202 44
38 46 450 235
38 47 180 138
38 48 87 207
38 49 48 163
38 50 298 296
38 51 759 34
39 42 408 50
39 43 421 225
39 44 529 234
39 45 133 284
39 46 826 333
39 47 199 330
39 48 524 155
39 49 196 202
39 50 294 319
39 51 191 313
40 42 437 353
40 43 881 201
40 44 88 301
40 45 451 278
40 46 318 86
40 47 544 146
40 48 295 228
40 49 255 229
40 50 313 36
40 51 134 297
41 42 489 10
41 43 669 298
41 44 401 141
41 45 636 174
41 46 430 267
41 47 190 111
41 48 261 205
41 49 300 222
41 50 924 109
41 51 593 234
42 52 554 141
42 53 831 259
42 54 334 203
42 55 322 7
42 56 155 60
42 57 620 338
42 58 358 306
42 59 41 168
42 60 400 195
42 61 820 222
43 52 818 171
43 53 780 163
43 54 750 293
43 55 198 70
43 56 779 138
43 57 725 100
43 58 355 259
43 59 641 45
43 60 308 187
43 61 231 163
44 52 711 298
44 53 130 43
44 54 533 132
44 55 941 133
44 56 355 123
44 57 430 316
44 58 484 75
44 59 191 58
44 60 152 253
44 61 24 89
45 52 693 188
45 53 184 89
45 54 820 297
45 55 81 337
45 56 43 336
45 57 28 296
45 58 563 261
45 59 678 22
45 60 213 287
45 61 552 308
46 52 987 16
46 53 431 160
46 54 409 269
46 55 776 273
46 56 829 311
46 57 657 30
46 58 904 238
46 59 814 52
46 60 772 72
46 61 591 44
47 52 295 76
47 53 721 248
47 54 455 183
47 55 666 77
47 56 830 241
47 57 268 274
47 58 841 295
47 59 141 307
47 60 77 228
47 61 407 149
48 52 721 61
48 53 719 119
48 54 165 209
48 55 971 276
48 56 598 154
48 57 638 68
48 58 436 169
48 59 323 7
48 60 660 40
48 61 689 308
49 52 16 40
49 53 422 199
49 54 455 329
49 55 314 133
49 56 630 101
49 57 13 203
49 58 81 134
49 59 214 309
49 60 671 258
49 61 551 42
50 52 808 174
50 53 907 335
50 54 352 304
50 55 985 172
50 56 756 198
50 57 982 158
50 58 717 28
50 59 354 199
50 60 508 353
50 61 535 21
51 52 589 236
51 53 101 275
51 54 293 128
51 55 640 24
51 56 585 300
51 57 601 12
51 58 450 243
51 59 733 151
51 60 713 311
51 61 407 190
52 62 355 259
52 63 657 116
52 64 60 91
52 65 450 183
52 66 561 152
52 67 850 229
52 68 402 247
52 69 742 215
52 70 742 139
52 71 967 233
53 62 391 153
53 63 995 121
53 64 311 118
53 65 768 22
53 66 506 217
53 67 666 8
53 68 608 160
53 69 421 268
53 70 108 89
53 71 484 164
54 62 192 137
54 63 817 269
54 64 887 68
54 65 866 175
54 66 444 129
54 67 677 91
54 68 624 12
54 69 275 174
54 70 996 17
54 71 593 17
55 62 667 336
55 63 623 285
55 64 257 208
55 65 630 110
55 66 435 338
55 67 599 323
55 68 357 156
55 69 384 171
55 70 843 307
55 71 735 150
56 62 748 33
56 63 835 1
56 64 403 4
56 65 750 244
56 66 657 291
56 67 868 168
56 68 783 211
56 69 80 342
56 70 544 82
56 71 326 110
57 62 21 233
57 63 711 202
57 64 391 342
57 65 20 204
57 66 940 177
57 67 145 342
57 68 190 36
57 69 668 345
57 70 681 104
57 71 491 217
58 62 30 3
58 63 390 204
58 64 547 26
58 65 142 323
58 66 399 199
58 67 697 229
58 68 578 263
58 69 841 232
58 70 610 267
58 71 563 72
59 62 218 290
59 63 512 257
59 64 465 320
59 65 772 22
59 66 700 125
59 67 54 16
59 68 959 199
59 69 849 113
59 70 298 250
59 71 92 33
60 62 282 299
60 63 662 6
60 64 474 144
60 65 571 323
60 66 790 309
60 67 900 39
60 68 444 29
60 69 916 295
60 70 5 233
60 71 937 169
61 62 87 109
61 63 578 113
61 64 694 150
61 65 938 12
61 66 824 242
61 67 419 168
61 68 751 347
61 69 737 119
61 70 55 167
61 71 595 335
62 72 300 216
62 73 197 56
62 74 74 86
62 75 961 328
62 76 482 60
62 77 458 263
62 78 733 138
62 79 979 144
62 80 50 69
62 81 367 199
63 72 528 38
63 73 384 325
63 74 964 191
63 75 673 170
63 76 958 84
63 77 430 61
63 78 516 21
63 79 512 268
63 80 746 33
63 81 103 174
64 72 93 229
64 73 447 162
64 74 127 305
64 75 824 281
64 76 404 69
64 77 607 152
64 78 771 348
64 79 666 94
64 80 610 36
64 81 678 169
65 72 450 289
65 73 636 176
65 74 16 347
65 75 515 107
65 76 6 1
65 77 169 50
65 78 260 44
65 79 729 122
65 80 937 280
65 81 29 163
66 72 129 327
66 73 26 269
66 74 463 241
66 75 935 79
66 76 488 288
66 77 823 66
66 78 948 49
66 79 439 267
66 80 22 174
66 81 432 351
67 72 351 213
67 73 964 71
67 74 284 21
67 75 101 254
67 76 273 37
67 77 12 276
67 78 78 248
67 79 608 43
67 80 208 336
67 81 891 38
68 72 812 225
68 73 975 227
68 74 426 235
68 75 936 266
68 76 447 196
68 77 516 184
68 78 852 217
68 79 782 210
68 80 782 198
68 81 942 114
69 72 990 170
69 73 95 26
69 74 623 253
69 75 477 144
69 76 930 186
69 77 657 203
69 78 607 239
69 79 135 354
69 80 103 310
69 81 180 345
70 72 143 115
70 73 39 174
70 74 596 190
70 75 486 23
70 76 443 216
70 77 485 257
70 78 397 300
70 79 362 308
70 80 603 123
70 81 297 234
71 72 103 350
71 73 227 279
71 74 238 68
71 75 434 220
71 76 434 238
71 77 962 248
71 78 768 249
71 79 124 260
71 80 293 19
71 81 397 88
72 82 713 310
72 83 33 325
72 84 628 74
72 85 842 273
72 86 952 61
72 87 515 170
72 88 6 194
72 89 704 191
72 90 88 52
72 91 368 42
73 82 355 323
73 83 186 60
73 84 552 308
73 85 211 151
73 86 421 87
73 87 477 295
73 88 410 144
73 89 661 330
73 90 283 101
73 91 958 79
74 82 171 297
74 83 414 340
74 84 618 293
74 85 583 350
74 86 631 320
74 87 905 274
74 88 861 157
74 89 819 273
74 90 816 335
74 91 791 75
75 82 630 1
75 83 556 176
75 84 327 248
75 85 118 193
75 86 899 193
75 87 340 156
75 88 486 191
75 89 140 165
75 90 495 206
75 91 886 305
76 82 656 87
76 83 844 152
76 84 184 334
76 85 4 266
76 86 42 109
76 87 240 147
76 88 733 226
76 89 352 247
76 90 529 68
76 91 846 186
77 82 899 306
77 83 138 83
77 84 589 103
77 85 349 332
77 86 350 66
77 87 666 307
77 88 820 151
77 89 712 228
77 90 309 5
77 91 780 250
78 82 752 196
78 83 804 33
78 84 999 52
78 85 590 179
78 86 861 6
78 87 546 232
78 88 86 57
78 89 314 15
78 90 216 143
78 91 12 248
79 82 260 207
79 83 205 89
79 84 746 245
79 85 883 131
79 86 503 328
79 87 214 174
79 88 13 352
79 89 712 197
79 90 766 232
79 91 485 296
80 82 859 332
80 83 665 221
80 84 855 267
80 85 876 154
80 86 572 75
80 87 693 355
80 88 878 308
80 89 211 245
80 90 999 298
80 91 590 31
81 82 310 91
81 83 56 75
81 84 29 341
81 85 505 237
81 86 9 252
81 87 908 199
81 88 291 151
81 89 36 227
81 90 423 341
81 91 76 294
82 92 106 229
82 93 528 196
82 94 392 186
82 95 896 306
82 96 339 342
82 97 524 10
82 98 670 282
82 99 713 146
82 100 417 234
82 101 705 336
83 92 96 333
83 93 283 39
83 94 922 59
83 95 163 242
83 96 610 306
83 97 630 77
83 98 252 324
83 99 834 303
83 100 642 295
83 101 773 39
84 92 223 298
84 93 345 13
84 94 861 185
84 95 419 22
84 96 87 295
84 97 327 311
84 98 357 178
84 99 876 212
84 100 633 307
84 101 716 151
85 92 714 296
85 93 306 329
85 94 1000 8
85 95 704 111
85 96 341 17
85 97 938 342
85 98 1000 133
85 99 156 347
85 100 567 118
85 101 2 8
86 92 365 280
86 93 624 108
86 94 406 233
86 95 142 213
86 96 876 331
86 97 656 136
86 98 394 256
86 99 278 157
86 100 101 280
86 101 463 163
87 92 204 213
87 93 275 8
87 94 77 227
87 95 887 350
87 96 496 96
87 97 650 34
87 98 636 325
87 99 426 258
87 100 638 146
87 101 290 282
88 92 50 319
88 93 7 318
88 94 628 97
88 95 796 60
88 96 244 112
88 97 81 197
88 98 608 130
88 99 457 281
88 100 125 192
88 101 237 5
89 92 650 265
89 93 398 82
89 94 103 98
89 95 43 264
89 96 515 26
89 97 651 253
89 98 316 289
89 99 771 169
89 100 280 210
89 101 847 65
90 92 261 102
90 93 346 350
90 94 679 63
90 95 783 149
90 96 522 134
90 97 194 238
90 98 602 333
90 99 744 144
90 100 84 15
90 101 320 96
91 92 777 32
91 93 10 185
91 94 709 113
91 95 453 302
91 96 977 172
91 97 141 286
91 98 19 320
91 99 649 96
91 100 177 331
91 101 996 76
92 102 552 337
92 103 531 246
92 104 186 224
92 105 613 93
92 106 360 260
92 107 193 236
92 108 312 328
92 109 485 127
92 110 882 350
92 111 629 99
93 102 325 331
93 103 155 280
93 104 392 43
93 105 312 187
93 106 166 4
93 107 564 164
93 108 857 207
93 109 222 120
93 110 357 64
93 111 115 191
94 102 483 90
94 103 55 311
94 104 891 44
94 105 717 188
94 106 725 93
94 107 785 216
94 108 385 156
94 109 476 181
94 110 267 115
94 111 917 305
95 102 229 263
95 103 301 247
95 104 837 91
95 105 829 211
95 106 278 143
95 107 647 240
95 108 508 334
95 109 165 74
95 110 154 213
95 111 808 51
96 102 877 118
96 103 571 130
96 104 980 304
96 105 498 343
96 106 872 233
96 107 716 212
96 108 853 222
96 109 540 344
96 110 813 114
96 111 561 157
97 102 832 220
97 103 966 172
97 104 672 301
97 105 203 10
97 106 117 227
97 107 196 59
97 108 554 164
97 109 373 187
97 110 186 151
97 111 452 160
98 102 523 346
98 103 704 244
98 104 905 307
98 105 766 61
98 106 444 275
98 107 641 186
98 108 824 59
98 109 140 45
98 110 991 308
98 111 368 115
99 102 251 157
99 103 818 255
99 104 340 12
99 105 320 245
99 106 250 12
99 107 880 313
99 108 847 225
99 109 261 316
99 110 688 150
99 111 152 347
100 102 156 292
100 103 644 27
100 104 251 96
100 105 241 41
100 106 632 248
100 107 246 122
100 108 29 165
100 109 354 293
100 110 361 232
100 111 427 228
101 102 510 211
101 103 486 90
101 104 613 112
101 105 609 270
101 106 580 132
101 107 451 50
101 108 915 42
101 109 550 33
101 110 570 229
101 111 443 35
102 112 996 267
102 113 247 243
102 114 212 186
102 115 237 268
102 116 714 258
102 117 857 131
102 118 273 271
102 119 747 210
102 120 806 343
102 121 773 51
103 112 482 336
103 113 288 27
103 114 612 50
103 115 706 137
103 116 454 274
103 117 572 68
103 118 456 189
103 119 387 52
103 120 272 47
103 121 477 5
104 112 905 171
104 113 176 274
104 114 582 275
104 115 226 133
104 116 950 44
104 117 624 11
104 118 320 227
104 119 224 56
104 120 816 232
104 121 327 19
105 112 373 119
105 113 219 315
105 114 686 62
105 115 713 204
105 116 553 135
105 117 829 14
105 118 72 144
105 119 403 195
105 120 862 36
105 121 165 13
106 112 264 180
106 113 641 54
106 114 559 24
106 115 381 34
106 116 22 19
106 117 339 125
106 118 408 252
106 119 568 308
106 120 274 184
106 121 578 119
107 112 847 312
107 113 145 236
107 114 864 284
107 115 301 164
107 116 390 178
107 117 547 279
107 118 879 77
107 119 165 282
107 120 85 234
107 121 427 308
108 112 180 331
108 113 737 215
108 114 987 145
108 115 158 72
108 116 482 156
108 117 995 105
108 118 215 262
108 119 695 229
108 120 799 193
108 121 928 30
109 112 480 196
109 113 571 102
109 114 174 120
109 115 834 178
109 116 964 92
109 117 926 193
109 118 426 292
109 119 434 250
109 120 852 64
109 121 524 52
110 112 379 151
110 113 338 344
110 114 999 60
110 115 538 276
110 116 840 259
110 117 385 241
110 118 598 130
110 119 342 62
110 120 98 66
110 121 991 7
111 112 787 110
111 113 684 40
111 114 779 259
111 115 975 19
111 116 904 316
111 117 695 127
111 118 887 285
111 119 927 321
111 120 865 245
111 121 636 323
112 122 333 348
112 123 561 333
112 124 912 198
112 125 239 39
112 126 558 130
112 127 687 73
112 128 227 102
112 129 480 220
112 130 885 159
112 131 98 255
113 122 795 238
113 123 960 209
113 124 861 133
113 125 136 282
113 126 921 316
113 127 466 39
113 128 864 41
113 129 666 92
113 130 850 243
113 131 649 86
114 122 227 244
114 123 535 139
114 124 482 260
114 125 475 182
114 126 100 263
114 127 740 150
114 128 37 102
114 129 877 186
114 130 550 151
114 131 977 270
115 122 540 151
115 123 63 82
115 124 276 330
115 125 913 304
115 126 170 183
115 127 419 32
115 128 794 343
115 129 721 137
115 130 582 134
115 131 854 1
116 122 388 273
116 123 536 275
116 124 472 147
116 125 660 160
116 126 153 146
116 127 450 213
116 128 838 341
116 129 339 314
116 130 208 18
116 131 334 158
117 122 178 155
117 123 497 336
117 124 888 9
117 125 731 195
117 126 84 106
117 127 506 242
117 128 131 290
117 129 807 69
117 130 347 133
117 131 61 237
118 122 906 4
118 123 600 6
118 124 721 28
118 125 563 207
118 126 291 262
118 127 193 142
118 128 997 291
118 129 934 125
118 130 364 105
118 131 537 221
119 122 764 306
119 123 660 74
119 124 792 30
119 125 984 316
119 126 890 79
119 127 727 334
119 128 275 63
119 129 245 18
119 130 706 104
119 131 970 62
120 122 730 192
120 123 952 223
120 124 539 154
120 125 256 150
120 126 953 134
120 127 970 216
120 128 173 215
120 129 345 298
120 130 19 229
120 131 353 207
121 122 787 316
121 123 565 230
121 124 906 329
121 125 885 216
121 126 647 313
121 127 156 61
121 128 646 198
121 129 877 59
121 130 451 91
121 131 818 262
122 132 818 43
122 133 427 337
122 134 328 73
122 135 172 161
122 136 398 295
122 137 66 321
122 138 507 25
122 139 41 90
122 140 887 338
122 141 997 88
123 132 36 219
123 133 259 250
123 134 797 334
123 135 93 340
123 136 314 310
123 137 457 306
123 138 835 94
123 139 120 19
123 140 989 280
123 141 311 3
124 132 653 263
124 133 777 221
124 134 709 3
124 135 165 87
124 136 288 106
124 137 744 290
124 138 455 290
124 139 119 225
124 140 602 25
124 141 249 292
125 132 797 33
125 133 92 108
125 134 680 331
125 135 11 323
125 136 332 71
125 137 720 303
125 138 583 318
125 139 983 17
125 140 491 234
125 141 151 220
126 132 331 165
126 133 691 84
126 134 575 354
126 135 892 270
126 136 100 95
126 137 685 329
126 138 255 355
126 139 875 91
126 140 509 18
126 141 683 30
127 132 953 77
127 133 404 223
127 134 176 279
127 135 103 276
127 136 490 345
127 137 465 330
127 138 700 228
127 139 812 171
127 140 725 215
127 141 607 137
128 132 70 96
128 133 390 231
128 134 210 199
128 135 227 330
128 136 662 12
128 137 277 39
128 138 287 2
128 139 339 234
128 140 188 210
128 141 625 101
129 132 64 302
129 133 895 171
129 134 670 93
129 135 14 159
129 136 423 80
129 137 152 256
129 138 361 39
129 139 336 59
129 140 645 144
129 141 268 18
130 132 108 321
130 133 640 82
130 134 525 298
130 135 767 99
130 136 690 324
130 137 817 84
130 138 301 164
130 139 641 10
130 140 393 69
130 141 578 274
131 132 968 223
131 133 86 346
131 134 385 170
131 135 983 159
131 136 573 184
131 137 55 161
131 138 691 73
131 139 355 61
131 140 85 204
131 141 811 70
132 142 39 52
132 143 165 50
132 144 178 310
132 145 375 192
132 146 669 293
132 147 8 46
132 148 811 37
132 149 823 291
132 150 234 77
132 151 673 321
133 142 672 218
133 143 654 110
133 144 917 287
133 145 232 236
133 146 405 237
133 147 413 221
133 148 691 317
133 149 514 202
133 150 92 313
133 151 395 88
134 142 102 40
134 143 285 147
134 144 529 115
134 145 435 297
134 146 332 227
134 147 616 76
134 148 203 234
134 149 660 232
134 150 781 207
134 151 955 72
135 142 369 333
135 143 447 264
135 144 196 155
135 145 747 333
135 146 461 246
135 147 820 104
135 148 958 266
135 149 549 154
135 150 512 220
135 151 999 238
136 142 463 145
136 143 240 37
136 144 19 313
136 145 219 195
136 146 156 351
136 147 23 61
136 148 613 193
136 149 281 126
136 150 521 279
136 151 95 103
137 142 35 93
137 143 167 215
137 144 345 247
137 145 577 182
137 146 486 182
137 147 191 193
137 148 154 136
137 149 263 295
137 150 947 333
137 151 693 124
138 142 52 93
138 143 686 10
138 144 550 351
138 145 224 171
138 146 223 93
138 147 242 30
138 148 548 300
138 149 93 220
138 150 986 156
138 151 234 9
139 142 692 5
139 143 363 34
139 144 241 346
139 145 263 327
139 146 185 333
139 147 656 224
139 148 597 189
139 149 232 92
139 150 708 47
139 151 1 239
140 142 741 101
140 143 732 141
140 144 100 230
140 145 351 268
140 146 911 15
140 147 245 141
140 148 735 136
140 149 326 321
140 150 325 194
140 151 547 318
141 142 135 315
141 143 874 43
141 144 211 217
141 145 736 333
141 146 696 145
141 147 607 111
141 148 782 244
141 149 170 70
141 150 335 257
141 151 347 287
142 152 170 13
143 152 615 252
144 152 931 13
145 152 343 284
146 152 897 145
147 152 351 225
148 152 550 277
149 152 709 225
150 152 799 19
151 152 305 88
