152 1445 1 152 7 361
1 2 235 293
1 3 589 3
1 4 108 33
1 5 938 15
1 6 520 26
1 7 764 180
1 8 443 258
1 9 711 17
1 10 520 328
1 11 848 7
2 12 301 193
2 13 211 60
2 14 229 258
2 15 181 137
2 16 152 82
2 17 393 136
2 18 612 216
2 19 175 50
2 20 420 329
2 21 831 74
3 12 197 307
3 13 343 60
3 14 352 4
3 15 771 138
3 16 644 125
3 17 81 325
3 18 88 88
3 19 231 89
3 20 891 61
3 21 585 308
4 12 414 122
4 13 746 152
4 14 867 65
4 15 574 56
4 16 733 300
4 17 954 322
4 18 220 27
4 19 518 98
4 20 894 317
4 21 373 65
5 12 210 281
5 13 675 144
5 14 842 95
5 15 651 329
5 16 48 359
5 17 450 60
5 18 181 154
5 19 977 189
5 20 372 92
5 21 945 81
6 12 356 244
6 13 250 148
6 14 624 233
6 15 41 176
6 16 482 228
6 17 68 263
6 18 881 305
6 19 795 337
6 20 45 243
6 21 815 192
7 12 383 305
7 13 24 50
7 14 411 269
7 15 875 271
7 16 527 171
7 17 879 261
7 18 946 256
7 19 990 237
7 20 510 176
7 21 847 135
8 12 607 75
8 13 931 193
8 14 196 46
8 15 223 200
8 16 482 212
8 17 12 122
8 18 178 196
8 19 393 206
8 20 126 351
8 21 70 361
9 12 881 79
9 13 478 146
9 14 282 123
9 15 302 55
9 16 885 113
9 17 380 292
9 18 202 45
9 19 384 64
9 20 882 357
9 21 897 307
10 12 438 302
10 13 559 256
10 14 374 166
10 15 776 336
10 16 326 328
10 17 732 12
10 18 326 51
10 19 566 38
10 20 352 11
10 21 792 162
11 12 940 312
11 13 286 127
11 14 957 244
11 15 294 317
11 16 141 62
11 17 800 127
11 18 930 226
11 19 161 135
11 20 632 339
11 21 962 349
12 22 857 171
12 23 540 315
12 24 728 118
12 25 488 192
12 26 843 56
12 27 251 147
12 28 382 249
12 29 417 283
12 30 282 190
12 31 666 256
13 22 146 49
13 23 621 127
13 24 257 192
13 25 313 253
13 26 973 212
13 27 858 38
13 28 753 285
13 29 329 187
13 30 387 27
13 31 574 264
14 22 821 167
14 23 33 357
14 24 585 290
14 25 833 14
14 26 81 136
14 27 722 134
14 28 375 172
14 29 365 161
14 30 526 16
14 31 348 15
15 22 635 232
15 23 750 248
15 24 444 208
15 25 49 65
15 26 238 318
15 27 787 47
15 28 31 311
15 29 554 348
15 30 145 205
15 31 86 292
16 22 836 191
16 23 876 157
16 24 700 274
16 25 736 194
16 26 99 304
16 27 824 328
16 28 146 140
16 29 846 28
16 30 295 114
16 31 69 88
17 22 41 201
17 23 809 140
17 24 11 109
17 25 483 321
17 26 962 303
17 27 285 15
17 28 71 78
17 29 656 222
17 30 769 235
17 31 513 112
17 47 24879 188
18 22 749 163
18 23 211 157
18 24 926 253
18 25 144 178
18 26 660 336
18 27 469 353
18 28 855 143
18 29 671 248
18 30 397 174
18 31 321 111
19 22 917 272
19 23 195 305
19 24 175 358
19 25 933 246
19 26 193 1
19 27 782 218
19 28 527 213
19 29 25 312
19 30 931 91
19 31 202 189
20 22 823 333
20 23 616 45
20 24 21 264
20 25 695 242
20 26 926 90
20 27 521 101
20 28 287 67
20 29 712 282
20 30 908 268
20 31 587 57
21 22 608 20
21 23 316 74
21 24 658 72
21 25 452 360
21 26 942 199
21 27 464 34
21 28 551 29
21 29 332 55
21 30 984 9
21 31 820 306
22 32 368 322
22 33 427 25
22 34 555 18
22 35 305 137
22 36 225 144
22 37 881 239
22 38 440 358
22 39 370 240
22 40 338 71
22 41 954 64
23 32 687 121
23 33 901 53
23 34 884 236
23 35 174 200
23 36 930 62
23 37 735 334
23 38 26 173
23 39 764 294
23 40 997 60
23 41 219 120
24 32 456 246
24 33 163 359
24 34 570 199
24 35 828 204
24 36 544 133
24 37 15 260
24 38 187 291
24 39 365 28
24 40 907 340
24 41 431 321
25 32 924 212
25 33 156 113
25 34 315 207
25 35 491 15
25 36 835 172
25 37 720 296
25 38 17 209
25 39 419 76
25 40 949 342
25 41 521 163
25 108 27765 268
26 32 825 183
26 33 910 193
26 34 538 361
26 35 772 138
26 36 310 155
26 37 204 9
26 38 487 93
26 39 175 43
26 40 28 57
26 41 395 289
27 32 777 92
27 33 860 84
27 34 336 161
27 35 863 41
27 36 379 107
27 37 927 117
27 38 183 154
27 39 154 287
27 40 735 232
27 41 516 21
28 32 917 294
28 33 93 106
28 34 845 240
28 35 195 345
28 36 250 130
28 37 338 73
28 38 86 192
28 39 390 235
28 40 437 173
28 41 239 336
29 32 843 13
29 33 637 129
29 34 219 72
29 35 162 292
29 36 628 50
29 37 610 47
29 38 952 236
29 39 442 3
29 40 483 283
29 41 406 109
30 32 438 158
30 33 587 319
30 34 777 44
30 35 225 63
30 36 643 167
30 37 84 281
30 38 794 24
30 39 990 96
30 40 565 71
30 41 39 26
31 32 980 351
31 33 933 1
31 34 417 193
31 35 977 325
31 36 311 282
31 37 625 18
31 38 915 249
31 39 104 1
31 40 166 74
31 41 158 44
32 42 214 156
32 43 125 168
32 44 154 247
32 45 405 113
32 46 810 165
32 47 173 259
32 48 924 240
32 49 323 156
32 50 323 318
32 51 798 154
33 42 624 216
33 43 946 73
33 44 387 192
33 45 213 261
33 46 365 52
33 47 381 338
33 48 774 44
33 49 492 137
33 50 644 87
33 51 834 116
33 94 22736 294
34 42 918 331
34 43 967 263
34 44 539 339
34 45 678 288
34 46 93 312
34 47 498 155
34 48 555 77
34 49 358 17
34 50 302 32
34 51 758 100
35 42 856 20
35 43 893 125
35 44 363 25
35 45 592 136
35 46 455 169
35 47 836 64
35 48 80 325
35 49 92 336
35 50 511 173
35 51 375 202
36 42 701 347
36 43 490 169
36 44 263 109
36 45 667 27
36 46 763 185
36 47 425 228
36 48 72 176
36 49 7 173
36 50 2 134
36 51 160 125
37 42 620 17
37 43 698 317
37 44 923 40
37 45 60 226
37 46 699 180
37 47 125 84
37 48 909 226
37 49 940 29
37 50 817 20
37 51 371 177
38 42 510 235
38 43 652 10
38 44 199 266
38 45 260 148
38 46 551 144
38 47 686 253
38 48 311 22
38 49 3 158
38 50 594 59
38 51 402 52
39 42 948 257
39 43 438 74
39 44 328 200
39 45 216 104
39 46 826 45
39 47 469 158
39 48 942 151
39 49 439 88
39 50 651 171
39 51 174 261
40 42 982 117
40 43 335 340
40 44 149 141
40 45 769 79
40 46 465 123
40 47 597 112
40 48 165 80
40 49 352 8
40 50 177 180
40 51 20 128
40 81 26075 304
41 42 888 192
41 43 952 108
41 44 324 255
41 45 248 287
41 46 832 115
41 47 311 296
41 48 897 26
41 49 427 283
41 50 863 97
41 51 977 301
41 142 18245 10
42 52 799 169
42 53 430 272
42 54 227 286
42 55 90 94
42 56 702 130
42 57 886 16
42 58 820 265
42 59 894 344
42 60 74 232
42 61 978 150
43 52 486 48
43 53 552 190
43 54 479 225
43 55 279 306
43 56 85 336
43 57 917 321
43 58 531 9
43 59 567 99
43 60 921 354
43 61 633 129
44 52 946 164
44 53 606 44
44 54 377 261
44 55 505 196
44 56 226 61
44 57 87 221
44 58 117 316
44 59 680 10
44 60 770 88
44 61 242 119
44 102 28404 75
44 146 20432 261
45 52 526 228
45 53 616 66
45 54 222 185
45 55 191 175
45 56 978 77
45 57 300 263
45 58 146 228
45 59 264 12
45 60 488 39
45 61 842 59
46 52 77 11
46 53 425 182
46 54 174 16
46 55 84 25
46 56 302 347
46 57 289 264
46 58 410 173
46 59 785 54
46 60 198 197
46 61 549 326
46 102 18520 231
47 52 208 16
47 53 90 21
47 54 311 292
47 55 173 334
47 56 160 54
47 57 703 166
47 58 105 5
47 59 83 277
47 60 249 130
47 61 957 24
48 52 772 299
48 53 183 72
48 54 991 44
48 55 498 230
48 56 735 89
48 57 714 169
48 58 292 344
48 59 782 25
48 60 774 87
48 61 184 355
48 115 21385 46
49 52 297 355
49 53 923 260
49 54 302 44
49 55 483 118
49 56 504 185
49 57 779 119
49 58 92 177
49 59 741 126
49 60 991 194
49 61 549 98
50 52 617 25
50 53 517 294
50 54 923 252
50 55 278 232
50 56 574 74
50 57 711 150
50 58 719 293
50 59 366 164
50 60 435 290
50 61 140 222
50 143 18682 30
51 52 305 45
51 53 511 83
51 54 5 318
51 55 96 141
51 56 286 308
51 57 851 290
51 58 980 133
51 59 492 266
51 60 951 229
51 61 705 278
52 62 526 345
52 63 971 342
52 64 486 105
52 65 137 175
52 66 32 337
52 67 382 177
52 68 605 275
52 69 659 75
52 70 840 22
52 71 236 139
53 62 731 42
53 63 986 270
53 64 328 263
53 65 94 105
53 66 987 323
53 67 331 176
53 68 129 345
53 69 324 135
53 70 271 341
53 71 807 123
54 62 983 356
54 63 830 52
54 64 18 357
54 65 473 251
54 66 762 93
54 67 462 265
54 68 973 37
54 69 561 323
54 70 939 35
54 71 429 36
55 62 410 156
55 63 376 43
55 64 253 241
55 65 536 235
55 66 85 241
55 67 366 322
55 68 870 22
55 69 899 14
55 70 982 229
55 71 854 134
56 62 573 213
56 63 433 126
56 64 506 97
56 65 666 334
56 66 361 70
56 67 353 78
56 68 284 194
56 69 828 90
56 70 11 133
56 71 236 87
57 62 860 213
57 63 727 165
57 64 162 91
57 65 490 224
57 66 191 101
57 67 625 103
57 68 427 351
57 69 641 333
57 70 719 347
57 71 946 168
58 62 795 112
58 63 725 97
58 64 507 21
58 65 227 269
58 66 35 287
58 67 37 300
58 68 834 237
58 69 312 218
58 70 570 32
58 71 832 202
59 62 593 164
59 63 640 128
59 64 512 43
59 65 962 265
59 66 880 196
59 67 514 270
59 68 988 165
59 69 703 140
59 70 604 279
59 71 891 173
60 62 960 88
60 63 658 94
60 64 690 245
60 65 264 233
60 66 255 299
60 67 872 31
60 68 659 192
60 69 508 204
60 70 23 25
60 71 468 68
61 62 901 299
61 63 953 41
61 64 858 190
61 65 528 152
61 66 939 49
61 67 52 150
61 68 233 92
61 69 214 266
61 70 595 326
61 71 989 246
62 72 556 328
62 73 596 110
62 74 665 75
62 75 505 205
62 76 941 227
62 77 960 316
62 78 389 77
62 79 773 356
62 80 816 256
62 81 875 351
63 72 657 318
63 73 668 30
63 74 925 319
63 75 367 59
63 76 50 221
63 77 400 331
63 78 449 282
63 79 974 65
63 80 34 31
63 81 571 225
64 72 165 125
64 73 937 212
64 74 358 32
64 75 776 31
64 76 341 357
64 77 879 294
64 78 625 127
64 79 385 282
64 80 74 140
64 81 248 71
65 72 595 71
65 73 745 194
65 74 930 82
65 75 27 260
65 76 646 259
65 77 76 311
65 78 117 198
65 79 502 128
65 80 648 147
65 81 317 90
66 72 327 342
66 73 144 326
66 74 264 133
66 75 827 335
66 76 798 147
66 77 55 266
66 78 50 336
66 79 100 327
66 80 839 221
66 81 935 5
67 72 348 25
67 73 327 124
67 74 989 316
67 75 258 162
67 76 885 184
67 77 245 39
67 78 102 80
67 79 931 111
67 80 862 142
67 81 120 124
68 72 135 180
68 73 516 123
68 74 366 188
68 75 441 59
68 76 373 306
68 77 173 36
68 78 497 184
68 79 434 262
68 80 416 151
68 81 750 332
69 72 551 76
69 73 273 138
69 74 710 308
69 75 220 182
69 76 335 60
69 77 193 288
69 78 475 224
69 79 440 170
69 80 8 170
69 81 836 102
69 148 15839 202
70 72 991 148
70 73 203 74
70 74 91 277
70 75 127 233
70 76 658 307
70 77 443 354
70 78 985 194
70 79 708 225
70 80 69 55
70 81 507 279
71 72 477 277
71 73 244 140
71 74 913 323
71 75 302 345
71 76 432 313
71 77 117 334
71 78 340 169
71 79 831 248
71 80 223 339
71 81 873 226
72 82 645 330
72 83 528 316
72 84 210 84
72 85 658 34
72 86 722 133
72 87 758 252
72 88 948 272
72 89 182 11
72 90 837 357
72 91 644 270
72 122 19965 87
73 82 439 22
73 83 617 285
73 84 374 182
73 85 841 83
73 86 653 196
73 87 633 82
73 88 261 338
73 89 623 120
73 90 910 285
73 91 875 232
74 82 760 59
74 83 877 126
74 84 707 162
74 85 509 354
74 86 602 27
74 87 590 208
74 88 138 209
74 89 819 331
74 90 292 215
74 91 274 267
74 117 28239 312
75 82 737 142
75 83 539 348
75 84 577 8
75 85 11 59
75 86 874 268
75 87 333 112
75 88 556 100
75 89 982 39
75 90 481 145
75 91 303 333
76 82 468 24
76 83 793 303
76 84 735 108
76 85 821 135
76 86 165 17
76 87 556 349
76 88 822 181
76 89 787 199
76 90 540 156
76 91 118 140
77 82 245 188
77 83 829 113
77 84 892 358
77 85 764 170
77 86 752 20
77 87 580 267
77 88 688 21
77 89 677 74
77 90 6 358
77 91 919 198
78 82 617 214
78 83 415 76
78 84 508 220
78 85 33 163
78 86 865 66
78 87 650 250
78 88 644 58
78 89 112 167
78 90 363 246
78 91 845 264
78 111 19404 179
79 82 42 296
79 83 884 105
79 84 750 144
79 85 854 211
79 86 936 111
79 87 376 361
79 88 137 125
79 89 871 279
79 90 696 49
79 91 294 271
80 82 454 306
80 83 303 194
80 84 467 92
80 85 142 213
80 86 296 58
80 87 131 155
80 88 220 65
80 89 44 190
80 90 511 342
80 91 904 216
80 147 20469 191
81 82 609 35
81 83 796 190
81 84 571 142
81 85 729 324
81 86 420 273
81 87 666 297
81 88 227 348
81 89 137 289
81 90 16 173
81 91 639 98
82 92 880 77
82 93 878 285
82 94 471 179
82 95 2 302
82 96 541 241
82 97 275 287
82 98 176 27
82 99 133 66
82 100 137 321
82 101 813 284
83 92 425 269
83 93 696 212
83 94 476 100
83 95 537 17
83 96 166 144
83 97 972 331
83 98 8 165
83 99 117 155
83 100 811 136
83 101 395 68
84 92 786 64
84 93 260 132
84 94 333 59
84 95 483 268
84 96 294 110
84 97 2 178
84 98 892 71
84 99 155 323
84 100 466 338
84 101 178 28
85 92 159 337
85 93 403 85
85 94 826 328
85 95 231 59
85 96 89 312
85 97 986 347
85 98 910 278
85 99 323 315
85 100 944 218
85 101 392 110
86 92 359 111
86 93 882 252
86 94 289 167
86 95 868 169
86 96 78 89
86 97 919 23
86 98 756 72
86 99 794 242
86 100 963 258
86 101 830 276
87 92 805 37
87 93 386 310
87 94 795 316
87 95 929 160
87 96 509 303
87 97 389 349
87 98 480 31
87 99 145 126
87 100 710 115
87 101 860 32
88 92 415 139
88 93 280 303
88 94 571 152
88 95 826 228
88 96 576 228
88 97 686 90
88 98 602 221
88 99 983 98
88 100 71 148
88 101 970 138
88 127 18591 26
88 133 24956 249
89 92 557 60
89 93 429 131
89 94 36 331
89 95 871 311
89 96 962 170
89 97 86 20
89 98 979 132
89 99 730 184
89 100 154 184
89 101 931 137
90 92 126 252
90 93 341 19
90 94 490 324
90 95 289 289
90 96 570 345
90 97 275 216
90 98 274 357
90 99 60 93
90 100 359 1
90 101 317 176
90 149 27049 146
91 92 390 76
91 93 923 105
91 94 518 51
91 95 935 136
91 96 190 283
91 97 657 294
91 98 408 166
91 99 507 234
91 100 53 119
91 101 751 39
92 102 3 90
92 103 893 80
92 104 398 361
92 105 651 226
92 106 371 216
92 107 793 222
92 108 413 288
92 109 683 220
92 110 488 54
92 111 931 42
93 102 165 99
93 103 491 35
93 104 880 177
93 105 36 255
93 106 639 38
93 107 329 73
93 108 478 117
93 109 233 177
93 110 123 213
93 111 562 183
93 144 29585 95
94 102 944 209
94 103 722 119
94 104 363 313
94 105 26 237
94 106 959 214
94 107 739 160
94 108 898 199
94 109 855 359
94 110 23 33
94 111 283 132
95 102 745 332
95 103 140 79
95 104 298 298
95 105 515 89
95 106 381 281
95 107 169 58
95 108 197 259
95 109 501 57
95 110 362 68
95 111 439 8
96 102 436 32
96 103 903 171
96 104 775 360
96 105 695 131
96 106 178 3
96 107 461 231
96 108 896 90
96 109 367 182
96 110 107 333
96 111 812 335
97 102 835 39
97 103 429 281
97 104 58 62
97 105 979 46
97 106 483 6
97 107 784 242
97 108 859 306
97 109 118 89
97 110 253 264
97 111 661 94
98 102 277 132
98 103 412 40
98 104 426 288
98 105 608 115
98 106 70 117
98 107 231 331
98 108 761 80
98 109 341 154
98 110 775 155
98 111 184 293
99 102 771 9
99 103 50 85
99 104 658 178
99 105 313 91
99 106 203 195
99 107 219 288
99 108 378 11
99 109 193 244
99 110 930 13
99 111 929 108
100 102 454 30
100 103 825 260
100 104 555 244
100 105 690 126
100 106 1 235
100 107 35 65
100 108 332 269
100 109 476 40
100 110 886 166
100 111 736 267
101 102 228 242
101 103 257 203
101 104 468 169
101 105 100 275
101 106 723 169
101 107 394 190
101 108 407 239
101 109 787 54
101 110 773 314
101 111 166 217
102 112 201 347
102 113 710 115
102 114 175 87
102 115 709 246
102 116 679 93
102 117 340 80
102 118 133 320
102 119 91 346
102 120 938 97
102 121 816 214
103 112 616 56
103 113 887 204
103 114 50 112
103 115 548 34
103 116 155 198
103 117 126 136
103 118 42 73
103 119 922 103
103 120 733 105
103 121 636 134
104 112 879 240
104 113 332 341
104 114 636 338
104 115 495 305
104 116 291 86
104 117 631 333
104 118 313 237
104 119 801 181
104 120 67 274
104 121 635 12
105 112 7 161
105 113 709 192
105 114 814 146
105 115 223 129
105 116 959 93
105 117 712 230
105 118 503 250
105 119 357 200
105 120 488 295
105 121 75 267
106 112 262 55
106 113 620 213
106 114 351 92
106 115 111 32
106 116 915 43
106 117 380 202
106 118 572 292
106 119 345 177
106 120 215 162
106 121 271 73
107 112 445 65
107 113 796 33
107 114 137 101
107 115 763 135
107 116 183 327
107 117 12 333
107 118 576 299
107 119 427 224
107 120 535 74
107 121 717 228
108 112 809 254
108 113 163 99
108 114 667 205
108 115 395 110
108 116 662 323
108 117 985 97
108 118 94 138
108 119 967 276
108 120 626 264
108 121 933 110
108 144 18860 92
109 112 212 85
109 113 276 304
109 114 746 359
109 115 383 110
109 116 785 320
109 117 177 93
109 118 738 358
109 119 344 300
109 120 257 199
109 121 593 83
110 112 878 218
110 113 17 190
110 114 150 155
110 115 286 154
110 116 547 210
110 117 613 190
110 118 782 150
110 119 726 323
110 120 100 138
110 121 693 39
110 133 17489 227
110 139 29046 320
111 112 516 69
111 113 708 145
111 114 188 132
111 115 971 144
111 116 294 167
111 117 547 313
111 118 141 232
111 119 434 90
111 120 619 21
111 121 852 294
112 122 698 24
112 123 105 129
112 124 822 282
112 125 616 335
112 126 576 175
112 127 572 44
112 128 338 90
112 129 706 253
112 130 41 160
112 131 822 66
113 122 87 153
113 123 945 303
113 124 277 84
113 125 677 57
113 126 863 78
113 127 33 134
113 128 602 280
113 129 816 116
113 130 95 243
113 131 787 2
114 122 925 89
114 123 495 39
114 124 17 287
114 125 769 340
114 126 519 9
114 127 404 245
114 128 555 63
114 129 893 267
114 130 591 36
114 131 216 56
114 140 23258 159
115 122 396 296
115 123 501 84
115 124 855 153
115 125 619 106
115 126 619 125
115 127 912 75
115 128 948 350
115 129 998 37
115 130 381 95
115 131 823 95
116 122 278 34
116 123 913 111
116 124 749 188
116 125 416 77
116 126 502 357
116 127 796 92
116 128 35 189
116 129 55 45
116 130 817 247
116 131 356 175
117 122 721 117
117 123 342 89
117 124 727 40
117 125 83 74
117 126 442 176
117 127 907 5
117 128 89 245
117 129 353 130
117 130 545 3
117 131 393 186
118 122 197 269
118 123 541 72
118 124 569 86
118 125 866 247
118 126 80 210
118 127 585 176
118 128 196 285
118 129 493 242
118 130 619 305
118 131 261 332
119 122 454 359
119 123 108 344
119 124 166 301
119 125 658 81
119 126 157 258
119 127 825 296
119 128 885 199
119 129 34 285
119 130 484 144
119 131 700 215
120 122 104 216
120 123 518 94
120 124 780 13
120 125 89 257
120 126 811 211
120 127 444 107
120 128 654 165
120 129 754 100
120 130 739 226
120 131 960 35
121 122 595 105
121 123 962 324
121 124 468 84
121 125 169 158
121 126 514 215
121 127 956 300
121 128 166 184
121 129 67 245
121 130 53 182
121 131 213 309
121 150 26541 242
122 132 232 254
122 133 280 241
122 134 455 112
122 135 534 202
122 136 201 187
122 137 74 200
122 138 9 10
122 139 173 42
122 140 311 144
122 141 685 272
123 132 695 331
123 133 687 81
123 134 28 203
123 135 817 19
123 136 469 283
123 137 11 73
123 138 923 145
123 139 248 273
123 140 205 95
123 141 422 38
123 147 19867 130
124 132 804 342
124 133 946 56
124 134 248 12
124 135 177 76
124 136 469 34
124 137 2 82
124 138 599 193
124 139 487 123
124 140 867 171
124 141 411 134
125 132 732 328
125 133 160 263
125 134 813 7
125 135 308 254
125 136 195 98
125 137 563 120
125 138 502 233
125 139 618 43
125 140 959 323
125 141 246 171
126 132 344 297
126 133 856 174
126 134 136 287
126 135 503 159
126 136 899 44
126 137 634 248
126 138 780 41
126 139 294 34
126 140 787 335
126 141 394 69
127 132 840 315
127 133 27 187
127 134 16 156
127 135 657 64
127 136 888 158
127 137 290 239
127 138 769 356
127 139 415 19
127 140 1 110
127 141 256 135
128 132 642 123
128 133 699 222
128 134 528 249
128 135 232 238
128 136 128 107
128 137 317 39
128 138 114 47
128 139 42 151
128 140 737 68
128 141 996 199
129 132 342 235
129 133 122 118
129 134 407 10
129 135 726 311
129 136 129 185
129 137 853 145
129 138 159 175
129 139 275 344
129 140 38 360
129 141 665 10
130 132 446 308
130 133 661 129
130 134 359 5
130 135 334 3
130 136 244 212
130 137 222 71
130 138 555 323
130 139 621 82
130 140 237 238
130 141 702 235
131 132 531 157
131 133 629 357
131 134 308 312
131 135 461 323
131 136 316 119
131 137 487 293
131 138 145 332
131 139 552 37
131 140 926 245
131 141 453 319
132 142 182 77
132 143 883 296
132 144 592 162
132 145 666 32
132 146 546 192
132 147 904 28
132 148 232 238
132 149 584 241
132 150 122 223
132 151 884 37
133 142 462 218
133 143 839 15
133 144 136 33
133 145 366 39
133 146 862 51
133 147 491 186
133 148 383 290
133 149 619 113
133 150 682 76
133 151 126 344
134 142 701 43
134 143 207 253
134 144 861 106
134 145 471 277
134 146 738 184
134 147 384 224
134 148 457 323
134 149 834 153
134 150 615 310
134 151 994 80
135 142 837 32
135 143 99 355
135 144 905 162
135 145 506 238
135 146 350 328
135 147 223 301
135 148 938 53
135 149 490 13
135 150 943 1
135 151 396 317
136 142 399 156
136 143 478 302
136 144 564 28
136 145 456 258
136 146 296 272
136 147 894 287
136 148 33 148
136 149 209 143
136 150 221 265
136 151 603 182
137 142 333 215
137 143 322 87
137 144 734 48
137 145 21 3
137 146 301 33
137 147 103 270
137 148 273 62
137 149 841 290
137 150 139 218
137 151 633 26
138 142 841 284
138 143 341 329
138 144 150 131
138 145 25 66
138 146 519 75
138 147 680 260
138 148 824 323
138 149 150 349
138 150 601 305
138 151 595 75
139 142 227 166
139 143 904 238
139 144 707 103
139 145 308 304
139 146 313 110
139 147 390 251
139 148 78 175
139 149 999 268
139 150 149 244
139 151 118 247
140 142 472 311
140 143 573 132
140 144 310 148
140 145 970 55
140 146 574 304
140 147 508 268
140 148 251 314
140 149 737 124
140 150 496 306
140 151 519 342
141 142 197 208
141 143 329 267
141 144 238 350
141 145 769 151
141 146 56 163
141 147 581 254
141 148 255 114
141 149 950 235
141 150 362 26
141 151 592 318
142 152 738 80
143 152 589 112
144 152 168 280
145 152 89 238
146 152 211 75
147 152 796 151
148 152 734 92
149 152 37 24
150 152 71 212
151 152 639 311
