152 1445 1 152 7 361
1 2 83 94
1 3 287 27
1 4 585 11
1 5 383 211
1 6 128 302
1 7 808 331
1 8 602 296
1 9 8 11
1 10 980 44
1 11 257 100
2 12 910 137
2 13 572 135
2 14 182 282
2 15 879 214
2 16 694 156
2 17 914 193
2 18 851 340
2 19 680 262
2 20 335 261
2 21 869 102
3 12 338 50
3 13 370 223
3 14 107 172
3 15 592 129
3 16 840 68
3 17 956 305
3 18 439 98
3 19 426 99
3 20 796 257
3 21 886 281
4 12 694 264
4 13 828 357
4 14 785 192
4 15 209 234
4 16 862 131
4 17 355 318
4 18 298 184
4 19 561 212
4 20 908 313
4 21 643 23
5 12 900 301
5 13 715 357
5 14 130 2
5 15 246 10
5 16 305 174
5 17 432 338
5 18 714 34
5 19 370 182
5 20 654 279
5 21 245 87
6 12 191 134
6 13 17 177
6 14 137 83
6 15 459 100
6 16 638 305
6 17 124 141
6 18 247 31
6 19 230 224
6 20 708 81
6 21 956 61
7 12 861 351
7 13 263 165
7 14 673 315
7 15 446 40
7 16 726 180
7 17 754 65
7 18 826 240
7 19 952 298
7 20 761 173
7 21 110 229
8 12 149 79
8 13 106 43
8 14 9 241
8 15 348 206
8 16 840 289
8 17 320 357
8 18 664 273
8 19 41 327
8 20 685 283
8 21 142 114
9 12 389 65
9 13 692 29
9 14 994 302
9 15 818 46
9 16 484 92
9 17 105 65
9 18 123 154
9 19 927 325
9 20 385 42
9 21 498 264
10 12 112 281
10 13 987 212
10 14 899 294
10 15 52 289
10 16 781 15
10 17 344 307
10 18 474 6
10 19 321 69
10 20 99 174
10 21 363 58
11 12 685 60
11 13 830 356
11 14 198 103
11 15 376 191
11 16 867 162
11 17 616 221
11 18 891 284
11 19 451 290
11 20 423 335
11 21 53 320
11 100 16980 266
12 22 185 14
12 23 527 169
12 24 721 245
12 25 765 146
12 26 442 67
12 27 67 171
12 28 215 326
12 29 317 65
12 30 803 347
12 31 864 93
13 22 254 209
13 23 850 250
13 24 733 108
13 25 685 292
13 26 73 162
13 27 149 93
13 28 894 208
13 29 226 9
13 30 122 256
13 31 583 149
14 22 559 153
14 23 475 306
14 24 326 158
14 25 26 107
14 26 710 222
14 27 584 331
14 28 796 225
14 29 200 93
14 30 51 232
14 31 954 201
15 22 553 347
15 23 658 142
15 24 941 352
15 25 497 292
15 26 45 112
15 27 563 200
15 28 61 190
15 29 153 303
15 30 51 243
15 31 340 282
15 87 30906 332
16 22 839 200
16 23 208 102
16 24 155 275
16 25 690 197
16 26 393 154
16 27 883 77
16 28 937 230
16 29 723 99
16 30 630 93
16 31 331 5
17 22 499 147
17 23 64 82
17 24 385 136
17 25 323 295
17 26 233 44
17 27 803 329
17 28 535 42
17 29 550 95
17 30 611 1
17 31 950 124
18 22 243 74
18 23 340 29
18 24 555 346
18 25 138 111
18 26 986 287
18 27 70 133
18 28 296 229
18 29 789 62
18 30 977 34
18 31 398 323
19 22 673 101
19 23 294 337
19 24 768 319
19 25 887 179
19 26 272 69
19 27 712 253
19 28 669 294
19 29 754 6
19 30 765 265
19 31 419 189
19 120 21630 284
20 22 47 215
20 23 513 147
20 24 565 265
20 25 114 69
20 26 463 140
20 27 31 218
20 28 984 223
20 29 483 38
20 30 365 262
20 31 19 138
21 22 160 14
21 23 696 96
21 24 963 231
21 25 294 75
21 26 275 100
21 27 37 41
21 28 331 335
21 29 52 232
21 30 936 213
21 31 560 306
22 32 150 116
22 33 630 54
22 34 225 57
22 35 555 6
22 36 816 29
22 37 437 12
22 38 531 122
22 39 380 66
22 40 209 130
22 41 384 317
22 61 20425 171
23 32 745 32
23 33 356 342
23 34 525 348
23 35 45 81
23 36 342 96
23 37 855 355
23 38 704 238
23 39 2 336
23 40 564 303
23 41 683 41
24 32 837 106
24 33 939 251
24 34 458 345
24 35 940 161
24 36 863 349
24 37 174 166
24 38 71 104
24 39 220 44
24 40 357 281
24 41 836 111
25 32 328 211
25 33 392 190
25 34 942 342
25 35 247 356
25 36 982 72
25 37 126 329
25 38 625 347
25 39 128 127
25 40 5 63
25 41 760 209
26 32 653 183
26 33 732 155
26 34 638 196
26 35 936 158
26 36 980 269
26 37 997 83
26 38 646 241
26 39 80 242
26 40 417 259
26 41 449 107
27 32 440 299
27 33 87 117
27 34 388 332
27 35 905 184
27 36 64 180
27 37 683 88
27 38 409 176
27 39 658 246
27 40 351 12
27 41 864 135
28 32 863 341
28 33 6 188
28 34 390 126
28 35 312 30
28 36 950 289
28 37 864 343
28 38 344 28
28 39 255 292
28 40 869 218
28 41 171 127
29 32 758 76
29 33 493 357
29 34 606 12
29 35 449 161
29 36 790 135
29 37 256 254
29 38 21 107
29 39 96 164
29 40 794 332
29 41 390 169
29 87 27141 237
30 32 122 2
30 33 235 123
30 34 94 191
30 35 313 89
30 36 925 240
30 37 403 158
30 38 777 149
30 39 973 67
30 40 72 21
30 41 994 153
31 32 709 62
31 33 355 22
31 34 325 235
31 35 10 86
31 36 943 235
31 37 469 275
31 38 481 322
31 39 238 263
31 40 217 235
31 41 246 140
32 42 512 324
32 43 87 299
32 44 85 166
32 45 845 158
32 46 158 313
32 47 602 309
32 48 460 88
32 49 42 218
32 50 737 339
32 51 211 272
33 42 491 56
33 43 561 361
33 44 961 89
33 45 57 203
33 46 413 239
33 47 754 102
33 48 78 329
33 49 989 33
33 50 259 265
33 51 856 282
34 42 412 357
34 43 895 119
34 44 64 203
34 45 22 141
34 46 28 263
34 47 877 287
34 48 868 20
34 49 389 93
34 50 397 309
34 51 456 34
34 98 22516 358
35 42 389 51
35 43 45 113
35 44 101 69
35 45 601 198
35 46 797 97
35 47 545 236
35 48 655 286
35 49 864 220
35 50 747 306
35 51 757 140
35 54 28792 219
36 42 845 225
36 43 191 2
36 44 176 282
36 45 482 325
36 46 779 30
36 47 819 111
36 48 319 37
36 49 928 258
36 50 250 60
36 51 831 245
37 42 93 56
37 43 116 295
37 44 247 266
37 45 551 51
37 46 20 56
37 47 414 105
37 48 143 248
37 49 142 163
37 50 207 269
37 51 860 105
38 42 215 94
38 43 843 155
38 44 6 197
38 45 971 221
38 46 713 225
38 47 162 158
38 48 473 23
38 49 169 167
38 50 307 71
38 51 269 349
39 42 514 59
39 43 914 19
39 44 787 295
39 45 1000 188
39 46 195 215
39 47 49 331
39 48 136 270
39 49 993 88
39 50 664 46
39 51 617 93
39 109 26906 122
40 42 636 170
40 43 130 321
40 44 238 255
40 45 492 100
40 46 430 332
40 47 705 131
40 48 301 96
40 49 633 205
40 50 887 130
40 51 177 9
41 42 832 138
41 43 477 177
41 44 107 184
41 45 254 120
41 46 874 331
41 47 78 313
41 48 676 345
41 49 712 298
41 50 230 271
41 51 291 293
41 69 30387 103
42 52 406 49
42 53 243 276
42 54 873 288
42 55 459 107
42 56 863 119
42 57 38 288
42 58 545 105
42 59 916 351
42 60 112 313
42 61 70 341
43 52 9 50
43 53 586 133
43 54 911 359
43 55 632 304
43 56 468 74
43 57 227 361
43 58 631 361
43 59 281 54
43 60 88 261
43 61 879 236
44 52 303 304
44 53 386 150
44 54 601 49
44 55 403 256
44 56 431 305
44 57 944 66
44 58 349 170
44 59 519 34
44 60 443 182
44 61 848 97
45 52 132 155
45 53 213 269
45 54 650 132
45 55 298 189
45 56 453 176
45 57 646 60
45 58 24 176
45 59 662 351
45 60 457 287
45 61 795 267
46 52 248 111
46 53 420 209
46 54 995 99
46 55 345 256
46 56 905 354
46 57 875 192
46 58 300 277
46 59 865 130
46 60 24 338
46 61 468 140
47 52 117 9
47 53 260 226
47 54 155 266
47 55 361 218
47 56 878 173
47 57 9 198
47 58 125 354
47 59 622 74
47 60 854 41
47 61 86 55
48 52 685 25
48 53 743 21
48 54 949 41
48 55 111 354
48 56 42 124
48 57 104 340
48 58 639 240
48 59 342 70
48 60 582 339
48 61 584 229
49 52 454 100
49 53 623 210
49 54 475 170
49 55 54 269
49 56 851 100
49 57 610 315
49 58 831 121
49 59 635 297
49 60 712 153
49 61 98 30
50 52 195 43
50 53 82 142
50 54 922 341
50 55 830 120
50 56 797 270
50 57 453 289
50 58 922 126
50 59 590 200
50 60 998 165
50 61 250 327
51 52 997 309
51 53 82 3
51 54 287 229
51 55 465 85
51 56 79 33
51 57 79 174
51 58 217 78
51 59 103 137
51 60 239 295
51 61 6 240
52 62 961 78
52 63 842 14
52 64 829 26
52 65 405 38
52 66 188 315
52 67 905 295
52 68 155 358
52 69 13 323
52 70 653 59
52 71 857 10
53 62 222 338
53 63 795 160
53 64 495 71
53 65 636 154
53 66 496 16
53 67 123 178
53 68 726 182
53 69 57 171
53 70 822 250
53 71 196 19
54 62 396 166
54 63 291 138
54 64 812 345
54 65 570 185
54 66 723 334
54 67 405 356
54 68 967 214
54 69 164 345
54 70 260 222
54 71 422 164
55 62 466 99
55 63 617 136
55 64 350 281
55 65 66 211
55 66 893 277
55 67 622 231
55 68 950 320
55 69 352 137
55 70 447 69
55 71 51 215
56 62 193 2
56 63 724 350
56 64 253 34
56 65 35 289
56 66 995 177
56 67 291 245
56 68 943 325
56 69 434 93
56 70 454 115
56 71 273 32
57 62 87 126
57 63 750 97
57 64 138 294
57 65 414 118
57 66 924 20
57 67 542 301
57 68 796 79
57 69 286 74
57 70 588 170
57 71 638 61
58 62 224 17
58 63 643 254
58 64 234 161
58 65 723 336
58 66 119 273
58 67 481 7
58 68 254 266
58 69 474 244
58 70 943 355
58 71 330 201
59 62 636 10
59 63 650 93
59 64 562 312
59 65 537 92
59 66 598 169
59 67 198 258
59 68 113 183
59 69 323 336
59 70 338 89
59 71 828 23
59 150 25271 120
60 62 29 337
60 63 672 148
60 64 804 234
60 65 22 111
60 66 768 173
60 67 734 328
60 68 686 189
60 69 983 328
60 70 364 118
60 71 576 303
61 62 663 244
61 63 103 300
61 64 564 145
61 65 346 276
61 66 825 192
61 67 75 237
61 68 460 119
61 69 270 96
61 70 508 129
61 71 404 159
62 72 352 158
62 73 391 46
62 74 404 166
62 75 195 332
62 76 697 118
62 77 412 283
62 78 945 328
62 79 681 306
62 80 349 64
62 81 258 201
63 72 169 63
63 73 491 158
63 74 784 122
63 75 587 306
63 76 893 127
63 77 457 68
63 78 704 275
63 79 295 235
63 80 65 310
63 81 967 210
64 72 223 255
64 73 455 246
64 74 927 225
64 75 361 272
64 76 385 286
64 77 187 158
64 78 533 9
64 79 356 121
64 80 317 169
64 81 518 40
65 72 43 96
65 73 965 321
65 74 110 256
65 75 42 210
65 76 827 281
65 77 700 33
65 78 718 222
65 79 717 313
65 80 877 85
65 81 429 274
66 72 797 342
66 73 294 261
66 74 56 138
66 75 344 31
66 76 572 173
66 77 524 357
66 78 602 135
66 79 575 315
66 80 724 196
66 81 455 17
67 72 798 138
67 73 966 73
67 74 154 256
67 75 628 325
67 76 351 242
67 77 381 242
67 78 782 249
67 79 522 86
67 80 163 263
67 81 879 146
68 72 48 55
68 73 51 312
68 74 663 21
68 75 256 176
68 76 952 104
68 77 464 113
68 78 309 288
68 79 434 258
68 80 227 40
68 81 181 237
69 72 22 201
69 73 792 188
69 74 766 64
69 75 191 157
69 76 149 288
69 77 511 120
69 78 803 310
69 79 241 83
69 80 918 247
69 81 944 218
70 72 832 27
70 73 621 315
70 74 502 11
70 75 713 58
70 76 615 357
70 77 23 342
70 78 5 28
70 79 413 303
70 80 257 75
70 81 835 262
71 72 361 87
71 73 137 241
71 74 682 261
71 75 303 228
71 76 866 189
71 77 585 68
71 78 931 292
71 79 856 12
71 80 625 110
71 81 489 75
72 82 909 301
72 83 946 25
72 84 449 32
72 85 525 263
72 86 693 137
72 87 606 150
72 88 590 256
72 89 517 167
72 90 563 268
72 91 18 200
73 82 427 210
73 83 293 294
73 84 612 230
73 85 849 43
73 86 307 36
73 87 891 90
73 88 996 245
73 89 443 85
73 90 38 92
73 91 125 277
74 82 577 79
74 83 532 66
74 84 892 293
74 85 245 296
74 86 243 299
74 87 735 338
74 88 555 256
74 89 477 89
74 90 520 323
74 91 140 138
75 82 675 83
75 83 369 59
75 84 179 11
75 85 798 171
75 86 858 356
75 87 470 58
75 88 778 230
75 89 737 157
75 90 918 224
75 91 454 116
76 82 926 91
76 83 636 337
76 84 38 314
76 85 325 149
76 86 273 118
76 87 146 319
76 88 683 342
76 89 553 188
76 90 372 284
76 91 735 31
76 94 29708 215
77 82 998 194
77 83 826 220
77 84 872 76
77 85 476 4
77 86 81 30
77 87 361 15
77 88 846 152
77 89 671 98
77 90 744 121
77 91 222 7
78 82 700 150
78 83 892 326
78 84 998 321
78 85 286 186
78 86 779 294
78 87 921 104
78 88 338 15
78 89 872 349
78 90 840 30
78 91 76 299
78 100 23748 84
79 82 791 76
79 83 670 243
79 84 327 62
79 85 760 155
79 86 96 270
79 87 534 8
79 88 903 183
79 89 847 142
79 90 69 325
79 91 924 125
79 96 18200 183
80 82 84 224
80 83 75 75
80 84 102 207
80 85 296 62
80 86 327 267
80 87 779 251
80 88 592 153
80 89 99 48
80 90 75 314
80 91 713 160
81 82 14 289
81 83 747 40
81 84 473 12
81 85 440 161
81 86 253 278
81 87 832 179
81 88 294 44
81 89 122 128
81 90 148 189
81 91 418 216
82 92 721 194
82 93 348 236
82 94 917 340
82 95 915 39
82 96 520 150
82 97 747 120
82 98 125 155
82 99 587 347
82 100 939 108
82 101 375 264
83 92 458 122
83 93 54 167
83 94 304 141
83 95 724 22
83 96 427 153
83 97 781 333
83 98 744 54
83 99 992 35
83 100 462 114
83 101 172 133
84 92 737 167
84 93 103 23
84 94 928 39
84 95 667 152
84 96 443 227
84 97 540 192
84 98 597 12
84 99 866 66
84 100 323 102
84 101 240 65
84 141 25053 190
85 92 841 320
85 93 690 216
85 94 655 29
85 95 108 117
85 96 202 231
85 97 635 27
85 98 530 320
85 99 741 226
85 100 812 175
85 101 692 51
86 92 957 68
86 93 773 119
86 94 139 353
86 95 365 176
86 96 462 322
86 97 119 283
86 98 172 349
86 99 566 47
86 100 635 303
86 101 475 7
87 92 491 106
87 93 984 247
87 94 352 315
87 95 911 173
87 96 272 141
87 97 119 327
87 98 329 232
87 99 361 62
87 100 12 259
87 101 755 63
88 92 372 235
88 93 843 110
88 94 504 250
88 95 241 298
88 96 706 56
88 97 119 261
88 98 997 254
88 99 239 134
88 100 630 209
88 101 894 126
88 150 24183 37
89 92 67 173
89 93 57 272
89 94 33 166
89 95 446 57
89 96 515 92
89 97 895 166
89 98 490 227
89 99 150 278
89 100 153 332
89 101 364 20
90 92 853 141
90 93 842 252
90 94 216 76
90 95 505 227
90 96 549 301
90 97 601 333
90 98 134 224
90 99 100 130
90 100 473 186
90 101 669 256
90 150 16388 160
91 92 710 315
91 93 332 42
91 94 786 333
91 95 748 15
91 96 673 33
91 97 411 87
91 98 390 148
91 99 396 102
91 100 58 145
91 101 345 151
92 102 929 263
92 103 402 181
92 104 415 159
92 105 324 59
92 106 651 284
92 107 63 6
92 108 805 33
92 109 350 166
92 110 928 124
92 111 953 137
93 102 410 267
93 103 426 192
93 104 495 333
93 105 478 90
93 106 947 124
93 107 225 28
93 108 974 310
93 109 130 53
93 110 601 53
93 111 509 120
94 102 94 352
94 103 714 178
94 104 158 284
94 105 929 244
94 106 152 75
94 107 551 357
94 108 892 25
94 109 427 178
94 110 973 341
94 111 548 227
95 102 725 14
95 103 915 254
95 104 963 94
95 105 88 69
95 106 387 240
95 107 267 87
95 108 562 156
95 109 191 259
95 110 65 251
95 111 7 187
95 121 23663 297
96 102 172 230
96 103 188 49
96 104 654 297
96 105 829 6
96 106 315 218
96 107 333 333
96 108 276 314
96 109 488 303
96 110 315 2
96 111 690 130
97 102 516 112
97 103 668 76
97 104 672 217
97 105 971 47
97 106 478 361
97 107 300 155
97 108 172 337
97 109 793 234
97 110 393 130
97 111 58 289
98 102 210 245
98 103 830 198
98 104 543 50
98 105 136 223
98 106 296 318
98 107 721 199
98 108 969 135
98 109 125 254
98 110 136 48
98 111 821 123
99 102 220 140
99 103 742 319
99 104 290 217
99 105 540 154
99 106 274 175
99 107 626 131
99 108 306 206
99 109 418 6
99 110 149 117
99 111 305 292
100 102 529 358
100 103 496 264
100 104 263 81
100 105 424 206
100 106 294 340
100 107 690 66
100 108 219 119
100 109 780 196
100 110 18 40
100 111 581 140
101 102 313 49
101 103 766 262
101 104 479 309
101 105 324 33
101 106 760 350
101 107 602 105
101 108 68 232
101 109 375 121
101 110 316 259
101 111 664 243
102 112 914 276
102 113 361 185
102 114 463 101
102 115 911 195
102 116 840 353
102 117 185 38
102 118 501 308
102 119 332 223
102 120 778 85
102 121 423 331
102 146 22630 201
103 112 25 305
103 113 458 172
103 114 412 167
103 115 914 256
103 116 304 200
103 117 569 112
103 118 970 36
103 119 472 133
103 120 975 146
103 121 888 147
104 112 408 263
104 113 565 95
104 114 303 104
104 115 661 309
104 116 780 262
104 117 607 308
104 118 326 123
104 119 983 60
104 120 314 348
104 121 778 95
105 112 673 314
105 113 753 142
105 114 882 165
105 115 175 63
105 116 312 153
105 117 646 245
105 118 75 14
105 119 691 159
105 120 730 281
105 121 437 30
106 112 876 160
106 113 397 163
106 114 905 19
106 115 505 160
106 116 146 7
106 117 29 127
106 118 610 319
106 119 657 154
106 120 47 346
106 121 838 41
107 112 577 60
107 113 727 13
107 114 38 229
107 115 312 324
107 116 876 139
107 117 243 242
107 118 529 44
107 119 159 120
107 120 284 140
107 121 707 254
108 112 407 32
108 113 113 327
108 114 272 80
108 115 41 114
108 116 518 139
108 117 10 71
108 118 917 170
108 119 333 262
108 120 366 123
108 121 548 14
108 144 28949 29
109 112 824 124
109 113 731 5
109 114 540 291
109 115 85 113
109 116 183 30
109 117 480 71
109 118 129 133
109 119 345 253
109 120 885 49
109 121 347 187
109 128 26624 106
110 112 327 351
110 113 897 290
110 114 724 271
110 115 920 46
110 116 696 191
110 117 156 101
110 118 924 315
110 119 996 142
110 120 841 337
110 121 479 173
110 147 24153 319
111 112 613 115
111 113 873 135
111 114 328 28
111 115 401 36
111 116 222 136
111 117 476 77
111 118 167 39
111 119 755 353
111 120 723 306
111 121 318 117
111 148 17238 219
112 122 118 60
112 123 339 251
112 124 923 128
112 125 294 133
112 126 256 260
112 127 39 256
112 128 944 288
112 129 63 280
112 130 589 124
112 131 860 77
113 122 588 259
113 123 360 109
113 124 912 255
113 125 55 185
113 126 139 334
113 127 267 284
113 128 678 5
113 129 717 134
113 130 356 273
113 131 108 39
113 140 28340 61
114 122 832 80
114 123 773 130
114 124 674 285
114 125 535 183
114 126 764 347
114 127 60 8
114 128 473 137
114 129 5 183
114 130 408 110
114 131 640 56
115 122 140 353
115 123 709 245
115 124 362 177
115 125 526 72
115 126 974 41
115 127 523 32
115 128 747 28
115 129 548 200
115 130 207 35
115 131 362 293
115 141 23568 4
116 122 548 277
116 123 372 350
116 124 921 262
116 125 194 354
116 126 616 349
116 127 415 208
116 128 107 189
116 129 545 285
116 130 673 324
116 131 217 313
117 122 750 152
117 123 300 10
117 124 489 74
117 125 117 14
117 126 531 150
117 127 557 311
117 128 304 93
117 129 133 274
117 130 192 118
117 131 201 79
118 122 550 339
118 123 428 247
118 124 702 123
118 125 606 307
118 126 850 172
118 127 688 231
118 128 948 237
118 129 923 299
118 130 895 302
118 131 867 103
119 122 728 345
119 123 130 52
119 124 578 182
119 125 195 271
119 126 774 271
119 127 308 125
119 128 710 352
119 129 33 318
119 130 242 238
119 131 581 222
120 122 762 324
120 123 315 361
120 124 613 324
120 125 375 271
120 126 636 32
120 127 397 331
120 128 394 112
120 129 468 76
120 130 219 157
120 131 225 94
121 122 328 156
121 123 379 44
121 124 345 199
121 125 590 53
121 126 432 344
121 127 665 302
121 128 672 60
121 129 790 193
121 130 603 37
121 131 47 311
122 132 413 18
122 133 720 24
122 134 249 116
122 135 106 349
122 136 222 207
122 137 253 320
122 138 389 44
122 139 844 350
122 140 108 255
122 141 272 70
122 147 29288 244
123 132 87 214
123 133 454 45
123 134 145 120
123 135 439 257
123 136 976 96
123 137 357 226
123 138 31 95
123 139 206 58
123 140 276 4
123 141 156 31
124 132 110 356
124 133 782 86
124 134 865 223
124 135 719 117
124 136 488 64
124 137 802 264
124 138 693 69
124 139 690 167
124 140 111 156
124 141 517 22
125 132 313 239
125 133 280 205
125 134 112 35
125 135 81 123
125 136 883 161
125 137 840 105
125 138 580 305
125 139 518 263
125 140 671 166
125 141 800 178
126 132 789 257
126 133 946 45
126 134 64 8
126 135 796 267
126 136 675 115
126 137 148 84
126 138 230 73
126 139 313 250
126 140 173 70
126 141 139 226
127 132 356 291
127 133 657 110
127 134 423 39
127 135 280 65
127 136 4 84
127 137 307 279
127 138 910 286
127 139 644 267
127 140 388 328
127 141 231 272
128 132 41 161
128 133 40 360
128 134 39 162
128 135 319 102
128 136 106 315
128 137 586 3
128 138 409 323
128 139 591 235
128 140 11 28
128 141 992 355
129 132 370 204
129 133 906 124
129 134 322 349
129 135 679 280
129 136 374 93
129 137 830 55
129 138 383 165
129 139 948 216
129 140 409 345
129 141 794 314
130 132 402 341
130 133 282 77
130 134 10 351
130 135 727 277
130 136 962 283
130 137 105 278
130 138 572 187
130 139 412 38
130 140 624 20
130 141 948 167
131 132 175 308
131 133 76 303
131 134 406 333
131 135 894 54
131 136 453 325
131 137 789 83
131 138 94 60
131 139 410 43
131 140 740 161
131 141 506 131
132 142 341 159
132 143 107 109
132 144 733 226
132 145 877 42
132 146 781 252
132 147 295 230
132 148 28 123
132 149 65 202
132 150 172 262
132 151 837 46
133 142 840 73
133 143 347 292
133 144 170 289
133 145 551 41
133 146 587 285
133 147 599 328
133 148 169 113
133 149 273 298
133 150 1000 124
133 151 239 148
134 142 154 344
134 143 849 176
134 144 682 341
134 145 763 5
134 146 939 104
134 147 606 344
134 148 474 39
134 149 756 133
134 150 20 127
134 151 543 57
135 142 877 354
135 143 314 174
135 144 711 312
135 145 122 18
135 146 751 323
135 147 729 42
135 148 440 271
135 149 829 149
135 150 474 86
135 151 627 147
136 142 560 127
136 143 207 49
136 144 769 4
136 145 598 78
136 146 216 292
136 147 731 267
136 148 488 238
136 149 164 196
136 150 263 229
136 151 462 270
137 142 559 145
137 143 12 300
137 144 708 350
137 145 362 361
137 146 804 322
137 147 573 316
137 148 628 105
137 149 277 159
137 150 661 121
137 151 432 216
138 142 579 249
138 143 178 286
138 144 570 308
138 145 649 306
138 146 238 332
138 147 575 139
138 148 561 176
138 149 117 158
138 150 550 112
138 151 66 206
139 142 770 63
139 143 521 312
139 144 906 329
139 145 978 291
139 146 366 182
139 147 873 323
139 148 873 294
139 149 253 168
139 150 566 267
139 151 917 10
140 142 665 230
140 143 22 223
140 144 415 230
140 145 429 302
140 146 260 217
140 147 508 101
140 148 466 161
140 149 987 320
140 150 389 130
140 151 760 66
141 142 168 227
141 143 612 185
141 144 443 330
141 145 604 122
141 146 898 194
141 147 583 80
141 148 520 207
141 149 843 359
141 150 780 243
141 151 668 323
142 152 181 210
143 152 752 349
144 152 200 25
145 152 577 329
146 152 998 180
147 152 465 275
148 152 249 56
149 152 655 44
150 152 673 139
151 152 238 292
