152 1435 1 152 7 359
1 2 398 247
1 3 17 262
1 4 634 296
1 5 786 336
1 6 670 210
1 7 259 22
1 8 633 163
1 9 545 196
1 10 512 95
1 11 480 292
2 12 77 191
2 13 662 86
2 14 23 345
2 15 32 45
2 16 64 83
2 17 202 103
2 18 531 232
2 19 484 56
2 20 495 328
2 21 495 330
3 12 979 343
3 13 690 72
3 14 728 113
3 15 350 135
3 16 442 55
3 17 116 242
3 18 197 288
3 19 837 106
3 20 455 225
3 21 306 252
4 12 771 17
4 13 987 220
4 14 292 53
4 15 404 135
4 16 608 12
4 17 945 276
4 18 522 112
4 19 868 149
4 20 455 30
4 21 606 289
5 12 753 264
5 13 360 209
5 14 319 188
5 15 91 353
5 16 127 302
5 17 230 354
5 18 371 253
5 19 176 320
5 20 787 270
5 21 622 148
6 12 689 126
6 13 392 106
6 14 141 17
6 15 868 216
6 16 706 176
6 17 432 285
6 18 844 156
6 19 905 150
6 20 739 12
6 21 334 180
7 12 880 60
7 13 454 101
7 14 355 109
7 15 226 122
7 16 386 225
7 17 782 349
7 18 137 305
7 19 978 308
7 20 83 288
7 21 474 271
8 12 687 213
8 13 697 342
8 14 671 156
8 15 495 155
8 16 867 196
8 17 36 52
8 18 884 10
8 19 271 89
8 20 473 119
8 21 8 184
8 48 17912 236
9 12 657 161
9 13 889 249
9 14 155 215
9 15 712 175
9 16 412 295
9 17 438 57
9 18 766 356
9 19 971 253
9 20 291 21
9 21 631 329
10 12 176 240
10 13 723 177
10 14 150 221
10 15 407 330
10 16 689 228
10 17 56 172
10 18 914 75
10 19 383 287
10 20 223 173
10 21 20 148
11 12 848 289
11 13 114 102
11 14 67 278
11 15 55 147
11 16 461 83
11 17 270 351
11 18 505 327
11 19 404 342
11 20 956 252
11 21 984 32
12 22 162 167
12 23 822 248
12 24 876 119
12 25 733 126
12 26 753 13
12 27 121 340
12 28 739 359
12 29 892 96
12 30 760 352
12 31 765 298
13 22 163 75
13 23 74 327
13 24 626 198
13 25 116 338
13 26 958 110
13 27 766 223
13 28 991 344
13 29 11 109
13 30 360 351
13 31 566 305
14 22 12 87
14 23 195 303
14 24 625 17
14 25 229 76
14 26 136 219
14 27 924 65
14 28 273 333
14 29 621 222
14 30 243 51
14 31 272 92
15 22 666 208
15 23 639 163
15 24 818 123
15 25 944 49
15 26 998 356
15 27 128 19
15 28 274 162
15 29 306 188
15 30 44 144
15 31 884 246
16 22 236 315
16 23 212 221
16 24 841 114
16 25 516 99
16 26 148 304
16 27 394 309
16 28 512 136
16 29 800 127
16 30 327 4
16 31 23 202
17 22 619 44
17 23 772 204
17 24 581 266
17 25 21 289
17 26 325 318
17 27 268 233
17 28 577 16
17 29 751 68
17 30 659 189
17 31 677 261
17 81 30009 61
18 22 528 203
18 23 618 341
18 24 390 54
18 25 302 97
18 26 198 83
18 27 720 19
18 28 599 55
18 29 284 286
18 30 523 61
18 31 863 172
19 22 23 282
19 23 990 289
19 24 789 345
19 25 67 244
19 26 383 11
19 27 771 303
19 28 467 262
19 29 352 306
19 30 881 323
19 31 905 40
19 142 29739 168
20 22 310 262
20 23 533 286
20 24 455 29
20 25 625 94
20 26 231 81
20 27 970 238
20 28 791 46
20 29 62 157
20 30 481 263
20 31 933 115
21 22 281 152
21 23 700 43
21 24 485 196
21 25 801 15
21 26 61 327
21 27 566 18
21 28 980 91
21 29 215 22
21 30 809 9
21 31 723 181
22 32 742 196
22 33 732 140
22 34 236 64
22 35 294 20
22 36 970 294
22 37 944 197
22 38 668 116
22 39 447 164
22 40 967 57
22 41 448 260
23 32 957 52
23 33 405 148
23 34 961 28
23 35 720 112
23 36 960 323
23 37 250 204
23 38 488 309
23 39 436 76
23 40 787 188
23 41 457 307
24 32 720 24
24 33 949 233
24 34 400 122
24 35 289 145
24 36 814 51
24 37 621 135
24 38 726 106
24 39 790 102
24 40 643 313
24 41 664 239
25 32 359 304
25 33 977 187
25 34 909 316
25 35 640 117
25 36 496 168
25 37 740 105
25 38 608 115
25 39 940 91
25 40 65 269
25 41 722 277
26 32 681 19
26 33 144 203
26 34 450 259
26 35 850 338
26 36 407 248
26 37 124 232
26 38 208 121
26 39 706 155
26 40 611 44
26 41 561 346
26 59 19959 254
27 32 422 271
27 33 225 199
27 34 27 195
27 35 237 342
27 36 197 261
27 37 637 104
27 38 711 206
27 39 73 271
27 40 934 169
27 41 172 95
28 32 67 79
28 33 942 183
28 34 471 229
28 35 623 257
28 36 430 244
28 37 259 216
28 38 513 92
28 39 919 98
28 40 287 111
28 41 453 143
28 136 21510 226
29 32 626 265
29 33 436 213
29 34 741 93
29 35 676 154
29 36 864 155
29 37 390 33
29 38 144 165
29 39 422 357
29 40 41 122
29 41 961 74
30 32 590 58
30 33 100 219
30 34 440 100
30 35 667 297
30 36 200 57
30 37 236 119
30 38 971 171
30 39 425 319
30 40 136 303
30 41 748 243
31 32 29 136
31 33 339 201
31 34 537 230
31 35 113 160
31 36 369 106
31 37 842 343
31 38 141 348
31 39 342 209
31 40 925 197
31 41 126 192
32 42 51 57
32 43 987 116
32 44 957 118
32 45 903 333
32 46 253 135
32 47 657 296
32 48 997 89
32 49 377 258
32 50 109 85
32 51 27 40
33 42 550 203
33 43 787 71
33 44 246 297
33 45 787 146
33 46 459 70
33 47 48 265
33 48 677 234
33 49 736 293
33 50 738 257
33 51 379 104
34 42 355 4
34 43 936 227
34 44 694 76
34 45 879 326
34 46 251 205
34 47 261 201
34 48 342 257
34 49 938 276
34 50 503 324
34 51 990 252
35 42 639 197
35 43 335 77
35 44 473 148
35 45 314 167
35 46 349 37
35 47 462 15
35 48 420 83
35 49 453 75
35 50 63 318
35 51 254 215
36 42 27 352
36 43 134 202
36 44 337 176
36 45 481 320
36 46 865 121
36 47 203 93
36 48 762 342
36 49 417 156
36 50 721 153
36 51 136 75
37 42 906 218
37 43 283 75
37 44 152 121
37 45 748 187
37 46 303 100
37 47 386 316
37 48 454 112
37 49 164 2
37 50 568 66
37 51 145 293
38 42 920 33
38 43 399 192
38 44 713 345
38 45 686 21
38 46 89 268
38 47 819 87
38 48 582 183
38 49 600 189
38 50 461 353
38 51 464 324
39 42 534 352
39 43 3 321
39 44 331 61
39 45 582 271
39 46 805 302
39 47 848 137
39 48 305 181
39 49 914 2
39 50 442 187
39 51 879 3
39 61 19278 229
40 42 591 246
40 43 770 193
40 44 130 257
40 45 882 132
40 46 86 162
40 47 265 310
40 48 930 244
40 49 962 89
40 50 644 271
40 51 63 209
41 42 784 41
41 43 989 345
41 44 611 309
41 45 484 171
41 46 509 104
41 47 987 310
41 48 234 289
41 49 21 176
41 50 787 162
41 51 108 170
42 52 596 53
42 53 375 234
42 54 34 313
42 55 981 182
42 56 220 241
42 57 473 112
42 58 591 34
42 59 876 347
42 60 362 153
42 61 287 152
43 52 13 298
43 53 925 106
43 54 475 156
43 55 383 98
43 56 954 318
43 57 534 6
43 58 502 115
43 59 920 258
43 60 327 240
43 61 822 279
44 52 767 107
44 53 234 165
44 54 129 327
44 55 544 247
44 56 588 244
44 57 212 131
44 58 516 176
44 59 310 4
44 60 290 118
44 61 891 14
45 52 14 192
45 53 722 37
45 54 925 232
45 55 141 109
45 56 22 350
45 57 31 131
45 58 830 113
45 59 839 232
45 60 566 229
45 61 837 32
46 52 557 358
46 53 253 309
46 54 739 329
46 55 642 359
46 56 131 162
46 57 545 166
46 58 790 329
46 59 188 163
46 60 21 91
46 61 462 285
47 52 987 192
47 53 281 299
47 54 4 123
47 55 334 271
47 56 304 220
47 57 120 222
47 58 520 133
47 59 633 171
47 60 212 349
47 61 768 170
48 52 365 104
48 53 960 277
48 54 12 125
48 55 170 219
48 56 654 34
48 57 481 341
48 58 261 225
48 59 420 337
48 60 396 84
48 61 732 291
48 83 25738 246
49 52 712 31
49 53 689 112
49 54 456 214
49 55 518 58
49 56 982 210
49 57 188 271
49 58 178 188
49 59 443 157
49 60 979 342
49 61 29 200
50 52 5 277
50 53 664 119
50 54 380 47
50 55 496 84
50 56 241 211
50 57 959 45
50 58 620 295
50 59 52 213
50 60 155 176
50 61 907 237
50 73 29479 162
51 52 202 74
51 53 429 322
51 54 551 92
51 55 912 159
51 56 913 153
51 57 28 104
51 58 163 357
51 59 778 354
51 60 780 237
51 61 432 120
52 62 384 4
52 63 413 255
52 64 518 155
52 65 343 20
52 66 680 187
52 67 847 169
52 68 958 179
52 69 460 151
52 70 952 239
52 71 59 217
53 62 802 312
53 63 703 63
53 64 1 256
53 65 968 45
53 66 475 157
53 67 598 95
53 68 857 346
53 69 749 283
53 70 523 17
53 71 800 1
54 62 899 311
54 63 760 168
54 64 91 97
54 65 841 312
54 66 667 202
54 67 921 52
54 68 713 218
54 69 365 77
54 70 220 96
54 71 533 53
55 62 928 163
55 63 803 124
55 64 465 238
55 65 443 198
55 66 912 87
55 67 558 116
55 68 739 19
55 69 523 168
55 70 100 135
55 71 138 255
56 62 364 254
56 63 782 193
56 64 859 316
56 65 320 341
56 66 838 143
56 67 81 74
56 68 302 66
56 69 682 27
56 70 76 146
56 71 578 201
57 62 995 246
57 63 782 152
57 64 393 129
57 65 95 146
57 66 287 277
57 67 483 30
57 68 237 351
57 69 714 45
57 70 420 126
57 71 985 49
58 62 851 283
58 63 63 250
58 64 481 302
58 65 713 331
58 66 509 30
58 67 800 317
58 68 873 266
58 69 948 124
58 70 438 166
58 71 150 352
59 62 270 137
59 63 288 32
59 64 63 260
59 65 580 107
59 66 847 220
59 67 841 296
59 68 682 214
59 69 226 50
59 70 845 81
59 71 571 347
60 62 271 281
60 63 327 278
60 64 895 168
60 65 377 80
60 66 70 273
60 67 160 166
60 68 200 245
60 69 538 346
60 70 947 256
60 71 927 265
61 62 88 213
61 63 620 153
61 64 473 313
61 65 685 75
61 66 985 33
61 67 550 256
61 68 575 358
61 69 265 130
61 70 54 261
61 71 287 111
61 90 19049 180
62 72 701 196
62 73 282 31
62 74 708 10
62 75 518 230
62 76 275 240
62 77 347 87
62 78 693 311
62 79 785 239
62 80 771 23
62 81 365 58
63 72 949 67
63 73 964 357
63 74 800 258
63 75 140 181
63 76 711 46
63 77 1000 145
63 78 23 296
63 79 409 9
63 80 143 4
63 81 884 276
64 72 148 216
64 73 27 209
64 74 676 297
64 75 667 309
64 76 680 46
64 77 896 164
64 78 616 84
64 79 565 195
64 80 426 104
64 81 823 349
65 72 921 2
65 73 258 9
65 74 629 111
65 75 642 67
65 76 187 274
65 77 727 191
65 78 16 158
65 79 894 154
65 80 553 53
65 81 497 328
66 72 196 271
66 73 980 183
66 74 467 42
66 75 471 247
66 76 255 48
66 77 695 278
66 78 933 336
66 79 510 221
66 80 881 94
66 81 699 42
67 72 202 190
67 73 53 16
67 74 572 51
67 75 848 1
67 76 397 255
67 77 344 144
67 78 439 179
67 79 435 336
67 80 726 136
67 81 416 169
68 72 632 183
68 73 632 87
68 74 140 283
68 75 552 208
68 76 761 155
68 77 271 135
68 78 156 165
68 79 188 21
68 80 118 169
68 81 709 121
69 72 453 296
69 73 649 149
69 74 390 194
69 75 440 54
69 76 991 12
69 77 525 83
69 78 325 58
69 79 733 145
69 80 660 69
69 81 601 282
70 72 965 158
70 73 963 124
70 74 578 279
70 75 737 283
70 76 688 134
70 77 305 351
70 78 136 74
70 79 395 103
70 80 416 172
70 81 269 7
71 72 9 204
71 73 988 340
71 74 373 211
71 75 732 131
71 76 913 354
71 77 83 141
71 78 62 252
71 79 550 274
71 80 38 203
71 81 581 165
72 82 729 68
72 83 880 148
72 84 898 255
72 85 783 2
72 86 413 213
72 87 89 328
72 88 15 208
72 89 811 261
72 90 813 43
72 91 67 211
73 82 32 307
73 83 169 48
73 84 187 207
73 85 574 357
73 86 982 186
73 87 841 257
73 88 216 250
73 89 240 263
73 90 766 213
73 91 222 77
74 82 820 262
74 83 427 253
74 84 199 50
74 85 563 119
74 86 440 29
74 87 853 28
74 88 273 114
74 89 545 355
74 90 261 48
74 91 94 20
75 82 806 97
75 83 845 177
75 84 524 346
75 85 430 296
75 86 519 264
75 87 596 333
75 88 231 359
75 89 136 142
75 90 582 5
75 91 121 78
76 82 444 356
76 83 764 352
76 84 579 188
76 85 593 353
76 86 553 104
76 87 797 194
76 88 120 350
76 89 89 83
76 90 663 352
76 91 526 260
77 82 752 291
77 83 231 154
77 84 309 264
77 85 737 204
77 86 398 172
77 87 222 317
77 88 738 13
77 89 649 250
77 90 32 329
77 91 789 293
78 82 627 358
78 83 384 245
78 84 600 81
78 85 213 201
78 86 56 27
78 87 379 75
78 88 461 39
78 89 517 103
78 90 798 91
78 91 454 351
79 82 747 59
79 83 440 235
79 84 294 84
79 85 525 338
79 86 395 286
79 87 383 341
79 88 291 328
79 89 892 25
79 90 137 140
79 91 511 17
80 82 482 77
80 83 259 198
80 84 926 197
80 85 516 333
80 86 512 281
80 87 411 80
80 88 790 55
80 89 409 110
80 90 361 351
80 91 643 62
81 82 817 226
81 83 293 149
81 84 995 123
81 85 766 4
81 86 628 358
81 87 852 252
81 88 822 349
81 89 254 116
81 90 952 293
81 91 30 34
82 92 613 355
82 93 822 316
82 94 386 21
82 95 986 274
82 96 657 20
82 97 101 87
82 98 338 190
82 99 311 109
82 100 773 84
82 101 180 127
83 92 948 210
83 93 776 357
83 94 145 26
83 95 116 341
83 96 687 294
83 97 685 290
83 98 603 192
83 99 374 241
83 100 501 231
83 101 977 151
84 92 882 33
84 93 316 238
84 94 183 292
84 95 822 283
84 96 471 313
84 97 861 70
84 98 654 309
84 99 574 269
84 100 574 204
84 101 243 250
85 92 548 274
85 93 370 170
85 94 276 321
85 95 855 109
85 96 53 216
85 97 180 230
85 98 153 40
85 99 928 311
85 100 632 84
85 101 873 287
86 92 74 76
86 93 148 141
86 94 79 251
86 95 735 132
86 96 503 273
86 97 68 56
86 98 829 142
86 99 840 266
86 100 547 200
86 101 657 293
86 120 24265 226
87 92 883 152
87 93 831 341
87 94 904 196
87 95 119 187
87 96 119 100
87 97 936 130
87 98 401 47
87 99 99 223
87 100 258 181
87 101 872 243
88 92 738 353
88 93 326 102
88 94 945 124
88 95 237 221
88 96 427 348
88 97 454 286
88 98 762 297
88 99 265 145
88 100 405 26
88 101 995 9
89 92 964 212
89 93 589 49
89 94 893 170
89 95 195 353
89 96 944 80
89 97 848 312
89 98 796 248
89 99 496 112
89 100 532 66
89 101 242 322
90 92 776 169
90 93 229 261
90 94 891 355
90 95 306 245
90 96 109 38
90 97 916 221
90 98 148 135
90 99 483 261
90 100 583 203
90 101 616 128
91 92 964 200
91 93 421 12
91 94 520 134
91 95 92 44
91 96 844 99
91 97 165 343
91 98 548 328
91 99 846 230
91 100 802 204
91 101 792 85
92 102 886 135
92 103 834 281
92 104 872 185
92 105 980 61
92 106 547 255
92 107 489 92
92 108 946 5
92 109 318 353
92 110 419 195
92 111 646 3
93 102 995 188
93 103 758 61
93 104 451 127
93 105 569 49
93 106 306 81
93 107 242 304
93 108 175 272
93 109 675 3
93 110 159 162
93 111 914 30
94 102 962 212
94 103 561 54
94 104 80 309
94 105 879 245
94 106 190 2
94 107 972 205
94 108 21 271
94 109 751 191
94 110 75 26
94 111 924 189
95 102 669 217
95 103 77 248
95 104 804 305
95 105 309 308
95 106 142 333
95 107 179 230
95 108 788 225
95 109 358 335
95 110 612 84
95 111 381 228
96 102 834 164
96 103 334 196
96 104 748 170
96 105 334 150
96 106 16 120
96 107 289 319
96 108 658 234
96 109 64 95
96 110 284 303
96 111 686 54
97 102 816 84
97 103 352 242
97 104 142 163
97 105 317 35
97 106 994 357
97 107 89 23
97 108 769 10
97 109 78 350
97 110 809 92
97 111 204 17
97 148 26547 220
98 102 602 146
98 103 190 90
98 104 287 95
98 105 894 220
98 106 112 192
98 107 651 45
98 108 758 109
98 109 50 58
98 110 750 261
98 111 179 34
99 102 930 242
99 103 364 58
99 104 511 305
99 105 220 348
99 106 800 40
99 107 448 258
99 108 8 48
99 109 596 34
99 110 61 48
99 111 232 347
99 141 27424 354
100 102 811 312
100 103 864 305
100 104 941 211
100 105 804 161
100 106 263 55
100 107 17 122
100 108 572 289
100 109 376 79
100 110 140 27
100 111 743 325
101 102 594 115
101 103 97 78
101 104 427 322
101 105 788 320
101 106 106 299
101 107 173 351
101 108 746 123
101 109 580 337
101 110 241 211
101 111 475 349
102 112 284 217
102 113 395 183
102 114 434 18
102 115 762 214
102 116 690 34
102 117 166 228
102 118 944 107
102 119 584 22
102 120 630 134
102 121 901 290
103 112 217 228
103 113 800 351
103 114 887 273
103 115 668 351
103 116 998 52
103 117 610 21
103 118 413 203
103 119 379 268
103 120 379 46
103 121 62 347
104 112 563 36
104 113 112 197
104 114 608 62
104 115 895 11
104 116 98 79
104 117 279 137
104 118 723 282
104 119 578 320
104 120 326 136
104 121 767 42
105 112 125 325
105 113 763 2
105 114 942 336
105 115 445 249
105 116 157 90
105 117 671 294
105 118 650 27
105 119 570 306
105 120 859 112
105 121 88 94
106 112 571 143
106 113 826 65
106 114 895 118
106 115 745 30
106 116 77 353
106 117 544 170
106 118 844 172
106 119 872 310
106 120 90 229
106 121 797 251
107 112 998 108
107 113 401 48
107 114 261 110
107 115 227 110
107 116 868 41
107 117 610 251
107 118 813 127
107 119 771 88
107 120 994 36
107 121 260 347
108 112 301 108
108 113 334 297
108 114 206 306
108 115 759 353
108 116 630 250
108 117 851 6
108 118 213 237
108 119 571 217
108 120 70 265
108 121 655 113
109 112 667 132
109 113 179 352
109 114 749 113
109 115 27 247
109 116 812 354
109 117 656 168
109 118 211 9
109 119 167 236
109 120 566 236
109 121 558 236
110 112 384 299
110 113 767 241
110 114 344 79
110 115 969 189
110 116 284 124
110 117 816 106
110 118 977 252
110 119 776 18
110 120 992 86
110 121 208 259
111 112 398 80
111 113 700 336
111 114 209 277
111 115 906 63
111 116 925 312
111 117 52 298
111 118 359 281
111 119 715 20
111 120 849 309
111 121 384 79
112 122 16 286
112 123 826 287
112 124 517 99
112 125 715 38
112 126 311 271
112 127 293 112
112 128 36 173
112 129 913 245
112 130 910 117
112 131 934 135
113 122 289 52
113 123 198 328
113 124 516 86
113 125 764 287
113 126 912 70
113 127 347 293
113 128 543 353
113 129 422 143
113 130 406 19
113 131 474 269
114 122 6 111
114 123 604 165
114 124 910 143
114 125 181 302
114 126 474 60
114 127 639 344
114 128 245 216
114 129 984 336
114 130 927 213
114 131 754 221
115 122 908 123
115 123 764 194
115 124 441 199
115 125 345 102
115 126 281 85
115 127 15 294
115 128 253 14
115 129 668 196
115 130 461 47
115 131 329 256
116 122 991 122
116 123 831 28
116 124 649 187
116 125 972 95
116 126 708 202
116 127 93 223
116 128 405 207
116 129 99 56
116 130 260 317
116 131 377 160
117 122 185 51
117 123 293 32
117 124 833 206
117 125 592 36
117 126 295 244
117 127 839 198
117 128 323 64
117 129 314 53
117 130 944 135
117 131 677 74
117 142 26536 41
118 122 67 29
118 123 730 179
118 124 225 142
118 125 507 213
118 126 677 243
118 127 923 295
118 128 3 224
118 129 41 211
118 130 145 188
118 131 773 50
119 122 364 77
119 123 131 253
119 124 385 172
119 125 189 268
119 126 548 16
119 127 26 188
119 128 460 32
119 129 868 301
119 130 496 273
119 131 830 150
120 122 418 31
120 123 513 260
120 124 434 9
120 125 582 21
120 126 538 336
120 127 440 245
120 128 462 157
120 129 51 132
120 130 887 105
120 131 866 75
120 138 20857 214
121 122 230 245
121 123 30 130
121 124 775 7
121 125 716 355
121 126 432 84
121 127 268 248
121 128 892 134
121 129 193 309
121 130 312 114
121 131 627 11
122 132 668 155
122 133 914 88
122 134 505 230
122 135 377 206
122 136 41 172
122 137 412 120
122 138 273 327
122 139 825 61
122 140 71 82
122 141 59 98
123 132 622 214
123 133 1000 202
123 134 978 346
123 135 973 320
123 136 334 358
123 137 437 229
123 138 338 182
123 139 99 208
123 140 430 169
123 141 746 111
124 132 66 276
124 133 979 173
124 134 190 53
124 135 970 191
124 136 27 68
124 137 202 89
124 138 623 180
124 139 48 116
124 140 367 289
124 141 426 48
125 132 279 241
125 133 771 6
125 134 418 120
125 135 310 331
125 136 498 3
125 137 309 153
125 138 772 228
125 139 989 221
125 140 275 326
125 141 38 173
126 132 561 127
126 133 91 196
126 134 676 166
126 135 637 44
126 136 167 310
126 137 53 206
126 138 700 64
126 139 518 48
126 140 912 117
126 141 737 250
127 132 590 52
127 133 164 168
127 134 519 102
127 135 793 331
127 136 817 17
127 137 220 188
127 138 960 130
127 139 718 326
127 140 986 208
127 141 108 178
128 132 782 180
128 133 633 237
128 134 577 160
128 135 71 315
128 136 699 287
128 137 819 40
128 138 810 121
128 139 363 264
128 140 466 105
128 141 831 108
129 132 612 230
129 133 409 89
129 134 3 249
129 135 893 80
129 136 134 180
129 137 243 156
129 138 391 69
129 139 751 40
129 140 144 21
129 141 254 192
129 149 22307 174
130 132 317 331
130 133 147 78
130 134 958 242
130 135 363 1
130 136 263 236
130 137 677 107
130 138 91 93
130 139 776 20
130 140 109 248
130 141 86 256
131 132 920 297
131 133 656 124
131 134 848 313
131 135 186 354
131 136 394 3
131 137 789 119
131 138 395 238
131 139 942 254
131 140 967 319
131 141 333 189
132 142 596 352
132 143 388 325
132 144 867 188
132 145 614 52
132 146 318 163
132 147 546 170
132 148 392 192
132 149 310 214
132 150 285 186
132 151 26 321
133 142 991 118
133 143 458 31
133 144 469 349
133 145 716 265
133 146 901 307
133 147 393 44
133 148 585 106
133 149 271 106
133 150 198 148
133 151 764 348
134 142 842 270
134 143 647 95
134 144 778 173
134 145 459 347
134 146 429 149
134 147 35 71
134 148 236 71
134 149 586 207
134 150 823 355
134 151 169 278
135 142 438 89
135 143 930 166
135 144 563 269
135 145 145 2
135 146 747 25
135 147 32 55
135 148 913 33
135 149 183 123
135 150 221 267
135 151 421 31
136 142 557 145
136 143 736 210
136 144 766 115
136 145 822 297
136 146 492 92
136 147 811 268
136 148 996 276
136 149 663 346
136 150 943 242
136 151 894 173
137 142 690 352
137 143 261 184
137 144 960 316
137 145 185 311
137 146 36 9
137 147 879 132
137 148 167 243
137 149 996 119
137 150 38 148
137 151 856 269
138 142 805 228
138 143 323 152
138 144 324 226
138 145 295 29
138 146 642 321
138 147 431 173
138 148 935 83
138 149 60 82
138 150 858 226
138 151 341 294
139 142 648 1
139 143 25 260
139 144 379 54
139 145 666 333
139 146 119 271
139 147 847 310
139 148 562 129
139 149 26 6
139 150 160 206
139 151 395 152
140 142 313 45
140 143 816 46
140 144 654 111
140 145 826 123
140 146 959 198
140 147 165 315
140 148 882 130
140 149 189 285
140 150 682 179
140 151 253 199
141 142 724 210
141 143 776 75
141 144 339 79
141 145 448 169
141 146 215 65
141 147 203 30
141 148 819 105
141 149 442 300
141 150 584 104
141 151 619 183
142 152 151 314
143 152 605 167
144 152 477 138
145 152 628 117
146 152 286 315
147 152 356 292
148 152 252 339
149 152 894 57
150 152 98 132
151 152 926 129
