152 1438 1 152 7 360
1 2 891 171
1 3 71 218
1 4 527 355
1 5 764 169
1 6 624 75
1 7 798 306
1 8 768 215
1 9 83 166
1 10 929 196
1 11 972 10
2 12 391 69
2 13 264 156
2 14 20 6
2 15 763 285
2 16 326 124
2 17 73 288
2 18 361 129
2 19 823 206
2 20 475 137
2 21 117 158
3 12 877 136
3 13 989 294
3 14 880 65
3 15 919 75
3 16 502 27
3 17 798 74
3 18 120 230
3 19 395 196
3 20 456 181
3 21 423 107
3 25 17851 81
3 45 20105 235
4 12 609 33
4 13 190 229
4 14 646 166
4 15 545 194
4 16 982 102
4 17 525 147
4 18 103 305
4 19 886 234
4 20 233 156
4 21 671 265
5 12 906 330
5 13 730 178
5 14 746 20
5 15 758 279
5 16 461 40
5 17 816 67
5 18 159 83
5 19 829 224
5 20 852 16
5 21 995 183
6 12 349 322
6 13 934 211
6 14 405 268
6 15 788 229
6 16 896 228
6 17 389 105
6 18 389 339
6 19 889 118
6 20 444 132
6 21 55 242
7 12 255 221
7 13 967 9
7 14 483 289
7 15 76 312
7 16 867 203
7 17 650 92
7 18 308 196
7 19 800 200
7 20 65 152
7 21 296 163
8 12 437 260
8 13 503 45
8 14 208 79
8 15 377 191
8 16 308 83
8 17 387 231
8 18 35 257
8 19 994 202
8 20 553 246
8 21 906 335
8 146 25115 192
9 12 929 321
9 13 665 209
9 14 331 200
9 15 153 252
9 16 869 332
9 17 503 8
9 18 688 116
9 19 13 304
9 20 229 66
9 21 679 202
10 12 637 305
10 13 881 172
10 14 749 109
10 15 555 42
10 16 527 298
10 17 106 24
10 18 214 179
10 19 908 169
10 20 226 9
10 21 672 251
11 12 67 126
11 13 370 218
11 14 960 225
11 15 148 114
11 16 494 249
11 17 553 338
11 18 657 116
11 19 321 244
11 20 885 33
11 21 505 202
12 22 203 34
12 23 975 17
12 24 618 131
12 25 740 201
12 26 841 28
12 27 241 330
12 28 764 45
12 29 377 139
12 30 809 45
12 31 889 283
13 22 838 63
13 23 214 179
13 24 890 41
13 25 998 3
13 26 910 68
13 27 974 29
13 28 192 347
13 29 43 150
13 30 884 28
13 31 113 3
14 22 222 203
14 23 69 286
14 24 925 303
14 25 32 60
14 26 752 119
14 27 467 257
14 28 687 235
14 29 312 79
14 30 324 35
14 31 296 115
15 22 495 103
15 23 957 242
15 24 573 115
15 25 493 295
15 26 676 266
15 27 313 84
15 28 238 9
15 29 861 160
15 30 36 215
15 31 940 176
16 22 409 236
16 23 185 166
16 24 443 212
16 25 195 79
16 26 787 261
16 27 747 47
16 28 162 145
16 29 600 117
16 30 472 212
16 31 790 188
17 22 697 240
17 23 220 269
17 24 276 72
17 25 348 139
17 26 797 126
17 27 974 162
17 28 31 256
17 29 663 75
17 30 477 85
17 31 542 197
18 22 251 164
18 23 623 60
18 24 660 88
18 25 795 17
18 26 962 174
18 27 639 78
18 28 126 323
18 29 711 39
18 30 411 266
18 31 553 81
19 22 671 30
19 23 761 276
19 24 250 65
19 25 9 177
19 26 280 168
19 27 138 97
19 28 587 347
19 29 588 349
19 30 168 190
19 31 421 79
20 22 501 347
20 23 160 181
20 24 287 104
20 25 765 25
20 26 972 72
20 27 34 117
20 28 939 214
20 29 437 49
20 30 43 344
20 31 372 110
21 22 109 62
21 23 701 200
21 24 421 66
21 25 624 333
21 26 26 300
21 27 805 125
21 28 325 199
21 29 946 310
21 30 421 343
21 31 958 328
22 32 249 125
22 33 472 249
22 34 243 134
22 35 132 258
22 36 285 40
22 37 891 357
22 38 718 75
22 39 673 322
22 40 786 232
22 41 183 163
23 32 519 261
23 33 992 275
23 34 75 159
23 35 744 335
23 36 65 359
23 37 225 339
23 38 420 271
23 39 480 82
23 40 397 345
23 41 274 122
24 32 174 140
24 33 834 226
24 34 979 90
24 35 276 28
24 36 23 29
24 37 743 335
24 38 718 233
24 39 714 34
24 40 866 120
24 41 544 77
25 32 978 13
25 33 777 214
25 34 82 145
25 35 802 202
25 36 345 201
25 37 795 58
25 38 369 168
25 39 608 209
25 40 465 42
25 41 139 275
26 32 314 342
26 33 474 278
26 34 379 24
26 35 418 198
26 36 461 119
26 37 746 351
26 38 754 310
26 39 299 28
26 40 673 276
26 41 157 184
26 104 16966 60
27 32 868 346
27 33 382 223
27 34 210 24
27 35 978 7
27 36 247 301
27 37 931 99
27 38 37 186
27 39 399 166
27 40 657 31
27 41 969 276
28 32 331 280
28 33 777 292
28 34 190 210
28 35 465 360
28 36 138 356
28 37 86 227
28 38 93 171
28 39 609 311
28 40 753 191
28 41 78 275
29 32 956 80
29 33 887 260
29 34 152 99
29 35 941 239
29 36 641 69
29 37 301 109
29 38 799 12
29 39 490 352
29 40 166 8
29 41 893 185
29 92 27224 23
30 32 438 61
30 33 784 133
30 34 322 360
30 35 915 72
30 36 567 128
30 37 470 38
30 38 25 223
30 39 194 121
30 40 292 135
30 41 317 246
30 76 22345 150
31 32 310 46
31 33 107 317
31 34 51 87
31 35 622 95
31 36 893 220
31 37 2 304
31 38 681 220
31 39 905 46
31 40 520 54
31 41 260 292
32 42 481 185
32 43 691 57
32 44 495 42
32 45 425 283
32 46 558 285
32 47 607 28
32 48 988 348
32 49 540 193
32 50 621 298
32 51 429 198
33 42 91 14
33 43 4 271
33 44 507 110
33 45 675 135
33 46 389 217
33 47 284 61
33 48 40 21
33 49 596 271
33 50 926 6
33 51 433 106
34 42 497 129
34 43 171 354
34 44 491 306
34 45 800 359
34 46 742 174
34 47 218 332
34 48 331 359
34 49 902 39
34 50 162 243
34 51 631 48
35 42 253 218
35 43 682 292
35 44 673 113
35 45 924 302
35 46 23 265
35 47 353 114
35 48 851 112
35 49 146 359
35 50 111 310
35 51 357 156
36 42 267 345
36 43 409 254
36 44 111 304
36 45 366 253
36 46 962 96
36 47 697 216
36 48 766 99
36 49 842 240
36 50 629 101
36 51 979 106
37 42 30 1
37 43 313 280
37 44 648 198
37 45 795 261
37 46 818 208
37 47 28 283
37 48 711 228
37 49 313 60
37 50 251 309
37 51 830 276
38 42 273 11
38 43 234 277
38 44 235 81
38 45 421 284
38 46 7 33
38 47 856 87
38 48 163 73
38 49 680 282
38 50 197 320
38 51 429 255
39 42 884 345
39 43 176 63
39 44 774 140
39 45 658 60
39 46 415 221
39 47 462 320
39 48 486 240
39 49 459 93
39 50 173 273
39 51 976 275
40 42 212 245
40 43 921 116
40 44 816 288
40 45 928 54
40 46 217 90
40 47 400 40
40 48 457 177
40 49 560 296
40 50 750 270
40 51 344 278
41 42 342 176
41 43 884 8
41 44 251 151
41 45 718 162
41 46 505 160
41 47 724 92
41 48 127 284
41 49 599 329
41 50 235 42
41 51 493 343
42 52 670 123
42 53 839 172
42 54 322 279
42 55 885 14
42 56 710 178
42 57 623 55
42 58 396 136
42 59 249 264
42 60 969 327
42 61 901 340
43 52 988 357
43 53 402 247
43 54 371 153
43 55 769 201
43 56 704 204
43 57 147 96
43 58 786 261
43 59 302 341
43 60 892 346
43 61 536 224
44 52 243 94
44 53 167 130
44 54 827 36
44 55 214 163
44 56 871 314
44 57 715 303
44 58 143 220
44 59 210 7
44 60 873 258
44 61 129 299
45 52 944 307
45 53 456 301
45 54 474 273
45 55 694 116
45 56 50 50
45 57 855 181
45 58 41 128
45 59 120 10
45 60 890 87
45 61 150 132
46 52 449 72
46 53 4 327
46 54 371 291
46 55 464 111
46 56 645 173
46 57 756 149
46 58 652 200
46 59 591 347
46 60 965 126
46 61 66 273
47 52 838 70
47 53 196 182
47 54 974 82
47 55 863 19
47 56 452 332
47 57 167 310
47 58 271 168
47 59 584 269
47 60 815 109
47 61 405 213
48 52 664 303
48 53 99 233
48 54 189 295
48 55 701 144
48 56 364 248
48 57 296 214
48 58 325 83
48 59 369 157
48 60 638 323
48 61 905 186
49 52 110 65
49 53 714 345
49 54 853 261
49 55 725 179
49 56 729 10
49 57 838 306
49 58 324 20
49 59 378 266
49 60 960 287
49 61 493 274
50 52 128 153
50 53 988 53
50 54 891 181
50 55 689 319
50 56 628 305
50 57 705 256
50 58 524 102
50 59 516 225
50 60 255 335
50 61 128 336
51 52 734 109
51 53 402 327
51 54 392 193
51 55 111 193
51 56 255 293
51 57 792 297
51 58 71 310
51 59 293 278
51 60 554 102
51 61 879 340
52 62 212 209
52 63 542 22
52 64 776 128
52 65 432 152
52 66 832 89
52 67 151 171
52 68 14 33
52 69 106 341
52 70 608 333
52 71 818 262
52 145 20434 78
53 62 461 60
53 63 92 12
53 64 217 131
53 65 555 303
53 66 891 178
53 67 584 354
53 68 260 21
53 69 732 314
53 70 534 82
53 71 358 83
54 62 335 90
54 63 679 326
54 64 546 98
54 65 673 214
54 66 740 313
54 67 961 357
54 68 665 50
54 69 229 91
54 70 868 47
54 71 699 148
55 62 454 223
55 63 397 130
55 64 900 25
55 65 892 3
55 66 185 314
55 67 987 360
55 68 375 204
55 69 660 227
55 70 689 19
55 71 148 290
56 62 476 68
56 63 292 113
56 64 63 62
56 65 846 183
56 66 540 161
56 67 929 270
56 68 478 318
56 69 966 173
56 70 266 244
56 71 162 94
57 62 539 307
57 63 122 175
57 64 445 133
57 65 217 48
57 66 667 32
57 67 90 303
57 68 845 304
57 69 404 262
57 70 37 232
57 71 38 219
58 62 911 126
58 63 178 120
58 64 397 192
58 65 357 181
58 66 281 139
58 67 655 33
58 68 128 293
58 69 77 95
58 70 240 327
58 71 831 16
59 62 846 295
59 63 716 112
59 64 736 317
59 65 828 10
59 66 574 210
59 67 542 257
59 68 158 121
59 69 847 24
59 70 331 287
59 71 245 207
60 62 214 60
60 63 597 295
60 64 801 351
60 65 983 321
60 66 580 317
60 67 746 184
60 68 482 45
60 69 170 85
60 70 416 190
60 71 818 212
61 62 937 151
61 63 554 298
61 64 720 17
61 65 626 154
61 66 669 156
61 67 532 176
61 68 695 336
61 69 995 218
61 70 291 139
61 71 68 222
62 72 533 195
62 73 293 299
62 74 426 78
62 75 546 261
62 76 117 25
62 77 639 181
62 78 5 111
62 79 514 202
62 80 744 42
62 81 860 17
63 72 244 248
63 73 299 21
63 74 686 98
63 75 565 36
63 76 979 355
63 77 353 4
63 78 570 26
63 79 151 26
63 80 487 102
63 81 705 102
64 72 355 228
64 73 332 24
64 74 212 7
64 75 915 69
64 76 367 339
64 77 578 121
64 78 860 338
64 79 865 308
64 80 841 293
64 81 514 43
65 72 490 64
65 73 487 268
65 74 170 210
65 75 729 207
65 76 757 6
65 77 982 218
65 78 876 9
65 79 674 323
65 80 503 271
65 81 151 329
66 72 123 192
66 73 211 62
66 74 916 169
66 75 219 200
66 76 750 67
66 77 303 329
66 78 647 203
66 79 994 192
66 80 953 133
66 81 837 302
67 72 804 294
67 73 224 94
67 74 844 343
67 75 106 317
67 76 318 69
67 77 135 348
67 78 553 176
67 79 575 233
67 80 571 140
67 81 645 360
68 72 75 3
68 73 558 275
68 74 825 275
68 75 965 200
68 76 3 62
68 77 269 46
68 78 814 304
68 79 235 110
68 80 17 53
68 81 320 207
69 72 109 205
69 73 750 307
69 74 105 48
69 75 709 328
69 76 326 48
69 77 591 163
69 78 376 175
69 79 390 250
69 80 985 173
69 81 246 24
69 128 22408 233
70 72 413 51
70 73 50 338
70 74 845 121
70 75 966 113
70 76 573 234
70 77 53 211
70 78 241 174
70 79 691 31
70 80 879 222
70 81 183 249
70 144 20768 341
71 72 447 288
71 73 387 107
71 74 932 310
71 75 469 147
71 76 653 292
71 77 292 30
71 78 900 87
71 79 164 142
71 80 815 165
71 81 669 204
72 82 123 142
72 83 741 237
72 84 132 159
72 85 253 61
72 86 832 37
72 87 726 40
72 88 886 176
72 89 795 286
72 90 933 341
72 91 113 56
73 82 843 288
73 83 958 50
73 84 927 271
73 85 503 336
73 86 540 161
73 87 925 161
73 88 213 20
73 89 500 301
73 90 501 225
73 91 669 155
74 82 734 186
74 83 984 313
74 84 44 50
74 85 124 100
74 86 868 147
74 87 636 119
74 88 821 253
74 89 651 261
74 90 887 114
74 91 82 271
75 82 644 108
75 83 104 201
75 84 708 2
75 85 850 110
75 86 519 315
75 87 393 304
75 88 984 31
75 89 984 193
75 90 386 198
75 91 477 67
76 82 276 295
76 83 181 62
76 84 183 276
76 85 423 16
76 86 37 74
76 87 655 330
76 88 707 50
76 89 346 315
76 90 435 117
76 91 102 111
77 82 543 314
77 83 610 141
77 84 944 20
77 85 740 197
77 86 256 64
77 87 857 286
77 88 570 53
77 89 525 61
77 90 201 7
77 91 690 112
78 82 78 25
78 83 176 193
78 84 75 106
78 85 470 291
78 86 162 56
78 87 748 31
78 88 997 228
78 89 485 240
78 90 248 234
78 91 956 140
79 82 260 80
79 83 207 211
79 84 580 101
79 85 567 166
79 86 813 40
79 87 480 29
79 88 972 284
79 89 647 167
79 90 793 38
79 91 800 320
80 82 55 228
80 83 472 332
80 84 414 259
80 85 826 190
80 86 427 179
80 87 487 44
80 88 709 325
80 89 387 174
80 90 170 10
80 91 702 91
81 82 763 21
81 83 110 147
81 84 854 71
81 85 702 275
81 86 26 84
81 87 828 168
81 88 286 128
81 89 540 236
81 90 875 75
81 91 650 167
82 92 650 23
82 93 648 321
82 94 389 284
82 95 164 235
82 96 382 220
82 97 639 1
82 98 659 358
82 99 484 165
82 100 895 129
82 101 921 246
83 92 834 70
83 93 671 81
83 94 521 167
83 95 354 211
83 96 759 174
83 97 274 28
83 98 993 197
83 99 159 26
83 100 985 2
83 101 76 209
84 92 974 20
84 93 471 311
84 94 363 304
84 95 255 19
84 96 473 118
84 97 349 228
84 98 876 270
84 99 431 355
84 100 483 201
84 101 699 15
85 92 179 315
85 93 615 227
85 94 626 206
85 95 626 204
85 96 94 152
85 97 988 107
85 98 155 39
85 99 330 5
85 100 942 304
85 101 552 69
86 92 115 357
86 93 967 48
86 94 702 298
86 95 718 269
86 96 707 308
86 97 905 358
86 98 775 291
86 99 688 352
86 100 636 119
86 101 662 335
87 92 293 38
87 93 23 310
87 94 86 169
87 95 550 192
87 96 613 162
87 97 605 352
87 98 841 216
87 99 36 137
87 100 552 211
87 101 407 278
88 92 848 5
88 93 877 330
88 94 997 58
88 95 719 345
88 96 224 4
88 97 539 139
88 98 377 146
88 99 463 171
88 100 638 137
88 101 47 155
89 92 570 325
89 93 838 21
89 94 102 109
89 95 425 353
89 96 187 222
89 97 718 323
89 98 661 83
89 99 470 50
89 100 484 175
89 101 733 16
90 92 512 134
90 93 851 340
90 94 306 254
90 95 163 143
90 96 886 185
90 97 865 312
90 98 605 259
90 99 31 250
90 100 646 299
90 101 404 150
91 92 841 183
91 93 846 231
91 94 658 335
91 95 508 84
91 96 329 171
91 97 399 145
91 98 849 189
91 99 183 215
91 100 275 296
91 101 903 18
92 102 86 87
92 103 101 160
92 104 159 52
92 105 763 26
92 106 779 100
92 107 182 180
92 108 289 240
92 109 230 128
92 110 897 318
92 111 884 3
93 102 301 45
93 103 675 215
93 104 754 107
93 105 650 219
93 106 93 184
93 107 335 147
93 108 190 128
93 109 105 277
93 110 559 72
93 111 68 208
94 102 580 89
94 103 420 82
94 104 918 305
94 105 768 173
94 106 287 172
94 107 749 269
94 108 700 185
94 109 790 193
94 110 650 66
94 111 373 213
95 102 825 299
95 103 803 216
95 104 645 344
95 105 543 102
95 106 392 9
95 107 274 267
95 108 990 214
95 109 677 301
95 110 281 149
95 111 299 167
96 102 88 57
96 103 625 306
96 104 800 27
96 105 670 332
96 106 933 196
96 107 228 343
96 108 447 146
96 109 687 117
96 110 627 189
96 111 330 274
96 119 19772 136
97 102 675 9
97 103 65 357
97 104 533 146
97 105 899 188
97 106 951 172
97 107 190 218
97 108 391 314
97 109 558 55
97 110 34 173
97 111 356 9
98 102 638 161
98 103 565 146
98 104 708 64
98 105 527 71
98 106 268 331
98 107 868 169
98 108 325 8
98 109 762 159
98 110 74 360
98 111 883 60
98 117 20660 45
98 138 23108 39
99 102 230 313
99 103 86 27
99 104 941 142
99 105 25 50
99 106 486 25
99 107 287 16
99 108 670 171
99 109 185 109
99 110 75 112
99 111 522 147
100 102 484 68
100 103 836 353
100 104 302 298
100 105 328 257
100 106 306 320
100 107 86 35
100 108 654 283
100 109 620 101
100 110 40 357
100 111 121 111
100 123 18323 151
101 102 408 189
101 103 7 297
101 104 36 295
101 105 162 284
101 106 31 327
101 107 735 128
101 108 121 173
101 109 130 227
101 110 364 335
101 111 697 40
102 112 882 20
102 113 335 89
102 114 874 215
102 115 209 297
102 116 583 15
102 117 865 208
102 118 644 126
102 119 819 60
102 120 9 189
102 121 605 32
103 112 709 271
103 113 793 353
103 114 981 9
103 115 327 349
103 116 272 193
103 117 469 290
103 118 485 251
103 119 136 330
103 120 248 131
103 121 91 135
103 122 27950 224
104 112 175 46
104 113 955 115
104 114 340 203
104 115 560 146
104 116 888 94
104 117 243 269
104 118 108 251
104 119 638 31
104 120 117 263
104 121 430 134
105 112 822 208
105 113 673 242
105 114 75 298
105 115 645 253
105 116 779 70
105 117 149 278
105 118 699 330
105 119 803 329
105 120 106 257
105 121 274 51
106 112 138 216
106 113 813 181
106 114 77 205
106 115 385 307
106 116 735 315
106 117 589 199
106 118 978 267
106 119 774 4
106 120 714 4
106 121 484 48
107 112 634 152
107 113 281 351
107 114 277 314
107 115 376 201
107 116 363 293
107 117 742 119
107 118 340 185
107 119 747 131
107 120 725 281
107 121 858 311
107 134 25687 202
108 112 797 301
108 113 671 48
108 114 828 328
108 115 682 223
108 116 962 297
108 117 149 20
108 118 254 300
108 119 465 28
108 120 950 141
108 121 781 124
109 112 919 89
109 113 415 312
109 114 158 130
109 115 815 177
109 116 613 232
109 117 428 347
109 118 601 243
109 119 472 110
109 120 170 223
109 121 43 230
110 112 214 172
110 113 782 350
110 114 779 197
110 115 275 100
110 116 241 64
110 117 922 41
110 118 971 266
110 119 159 325
110 120 519 300
110 121 615 344
111 112 663 133
111 113 920 29
111 114 546 237
111 115 281 65
111 116 426 338
111 117 589 71
111 118 563 249
111 119 10 336
111 120 48 199
111 121 859 230
112 122 271 7
112 123 430 63
112 124 422 94
112 125 557 114
112 126 693 267
112 127 253 356
112 128 534 119
112 129 1 58
112 130 682 178
112 131 575 196
113 122 706 283
113 123 452 1
113 124 432 20
113 125 123 252
113 126 29 188
113 127 995 45
113 128 687 81
113 129 66 354
113 130 345 277
113 131 221 6
114 122 258 143
114 123 464 274
114 124 766 200
114 125 376 15
114 126 510 344
114 127 763 221
114 128 260 318
114 129 927 13
114 130 557 150
114 131 721 305
115 122 375 174
115 123 912 84
115 124 58 62
115 125 376 316
115 126 167 90
115 127 940 249
115 128 998 62
115 129 704 356
115 130 662 118
115 131 877 140
116 122 314 128
116 123 788 327
116 124 180 142
116 125 516 150
116 126 678 84
116 127 335 58
116 128 473 295
116 129 850 40
116 130 736 296
116 131 922 149
117 122 160 7
117 123 191 162
117 124 292 16
117 125 661 233
117 126 334 27
117 127 54 14
117 128 869 190
117 129 177 24
117 130 702 33
117 131 103 12
118 122 393 281
118 123 804 52
118 124 403 359
118 125 995 316
118 126 973 166
118 127 36 153
118 128 84 250
118 129 804 96
118 130 387 155
118 131 368 323
118 133 16400 118
118 144 19246 32
119 122 515 183
119 123 831 293
119 124 488 86
119 125 266 283
119 126 818 160
119 127 136 335
119 128 920 305
119 129 257 260
119 130 893 61
119 131 497 178
120 122 844 122
120 123 385 34
120 124 934 287
120 125 327 129
120 126 886 109
120 127 58 4
120 128 544 14
120 129 449 13
120 130 684 184
120 131 641 330
121 122 395 46
121 123 595 224
121 124 328 35
121 125 692 22
121 126 696 309
121 127 843 300
121 128 951 4
121 129 209 335
121 130 419 87
121 131 138 290
122 132 292 297
122 133 976 344
122 134 578 149
122 135 47 179
122 136 668 234
122 137 209 22
122 138 339 309
122 139 776 208
122 140 841 305
122 141 712 342
122 143 21348 42
123 132 920 27
123 133 653 294
123 134 834 294
123 135 961 134
123 136 963 330
123 137 959 206
123 138 422 219
123 139 593 62
123 140 293 286
123 141 110 357
124 132 961 10
124 133 362 43
124 134 97 223
124 135 68 341
124 136 757 358
124 137 514 62
124 138 820 1
124 139 988 215
124 140 711 319
124 141 503 326
125 132 371 17
125 133 482 218
125 134 427 152
125 135 544 254
125 136 547 122
125 137 207 339
125 138 508 84
125 139 339 62
125 140 872 195
125 141 983 260
126 132 974 101
126 133 440 329
126 134 650 245
126 135 531 65
126 136 1000 17
126 137 148 206
126 138 648 355
126 139 258 14
126 140 239 112
126 141 164 207
127 132 183 155
127 133 83 217
127 134 820 276
127 135 655 341
127 136 622 226
127 137 720 252
127 138 670 321
127 139 847 26
127 140 211 355
127 141 902 21
128 132 116 41
128 133 185 81
128 134 252 213
128 135 644 360
128 136 81 196
128 137 581 346
128 138 381 344
128 139 788 82
128 140 259 3
128 141 102 73
129 132 290 138
129 133 879 198
129 134 381 296
129 135 854 309
129 136 898 340
129 137 717 359
129 138 9 324
129 139 64 36
129 140 728 250
129 141 799 54
130 132 260 116
130 133 520 90
130 134 363 218
130 135 504 351
130 136 770 134
130 137 684 358
130 138 45 15
130 139 450 216
130 140 691 259
130 141 868 87
131 132 553 16
131 133 257 60
131 134 772 284
131 135 311 217
131 136 491 330
131 137 838 151
131 138 886 266
131 139 146 297
131 140 615 154
131 141 549 358
132 142 318 125
132 143 317 105
132 144 223 20
132 145 647 266
132 146 451 18
132 147 692 252
132 148 466 271
132 149 30 134
132 150 563 121
132 151 979 69
133 142 576 202
133 143 754 57
133 144 682 249
133 145 883 218
133 146 374 152
133 147 632 272
133 148 364 12
133 149 843 60
133 150 709 267
133 151 914 54
134 142 490 158
134 143 644 197
134 144 81 157
134 145 193 295
134 146 706 52
134 147 693 181
134 148 220 270
134 149 180 343
134 150 471 121
134 151 471 5
135 142 916 18
135 143 263 303
135 144 154 152
135 145 101 226
135 146 227 8
135 147 571 140
135 148 724 15
135 149 354 338
135 150 868 294
135 151 875 9
136 142 715 169
136 143 57 50
136 144 245 253
136 145 975 201
136 146 307 123
136 147 993 18
136 148 356 70
136 149 173 249
136 150 276 288
136 151 80 243
137 142 435 251
137 143 891 359
137 144 93 20
137 145 461 344
137 146 757 173
137 147 804 134
137 148 905 322
137 149 924 129
137 150 716 8
137 151 199 100
138 142 94 90
138 143 697 128
138 144 717 236
138 145 207 91
138 146 895 80
138 147 692 105
138 148 379 360
138 149 784 185
138 150 998 238
138 151 792 32
139 142 654 275
139 143 799 276
139 144 728 344
139 145 68 325
139 146 422 51
139 147 256 105
139 148 837 283
139 149 656 212
139 150 419 347
139 151 55 298
140 142 746 303
140 143 469 355
140 144 846 89
140 145 35 354
140 146 608 37
140 147 761 245
140 148 767 271
140 149 114 217
140 150 20 32
140 151 238 291
141 142 418 203
141 143 407 52
141 144 591 105
141 145 147 233
141 146 248 247
141 147 409 43
141 148 596 104
141 149 980 76
141 150 647 14
141 151 822 113
142 152 447 324
143 152 263 62
144 152 309 329
145 152 166 168
146 152 194 237
147 152 376 93
148 152 212 244
149 152 471 24
150 152 122 234
151 152 535 223
