152 1442 1 152 7 360
1 2 346 311
1 3 629 165
1 4 970 23
1 5 652 223
1 6 433 9
1 7 735 348
1 8 136 10
1 9 758 265
1 10 530 360
1 11 646 67
2 12 828 316
2 13 644 324
2 14 127 64
2 15 343 319
2 16 75 17
2 17 462 308
2 18 835 123
2 19 371 169
2 20 892 20
2 21 805 210
3 12 661 225
3 13 466 243
3 14 209 40
3 15 259 179
3 16 327 145
3 17 918 234
3 18 653 315
3 19 608 211
3 20 349 198
3 21 100 185
4 12 199 86
4 13 913 151
4 14 602 292
4 15 940 226
4 16 310 160
4 17 790 272
4 18 412 116
4 19 371 315
4 20 990 13
4 21 457 69
4 148 25910 48
5 12 677 309
5 13 426 89
5 14 403 238
5 15 438 108
5 16 111 176
5 17 831 196
5 18 619 315
5 19 322 102
5 20 596 317
5 21 464 102
5 67 25494 134
6 12 549 280
6 13 390 28
6 14 803 311
6 15 590 263
6 16 861 127
6 17 350 142
6 18 642 302
6 19 575 139
6 20 744 313
6 21 727 291
7 12 230 324
7 13 928 341
7 14 955 32
7 15 839 186
7 16 30 33
7 17 729 129
7 18 635 181
7 19 842 242
7 20 711 1
7 21 261 24
8 12 109 160
8 13 708 126
8 14 959 320
8 15 753 158
8 16 255 12
8 17 897 244
8 18 549 223
8 19 724 151
8 20 458 89
8 21 819 29
9 12 185 7
9 13 913 218
9 14 285 299
9 15 580 240
9 16 309 77
9 17 927 310
9 18 834 308
9 19 303 92
9 20 759 82
9 21 783 242
10 12 430 214
10 13 671 259
10 14 151 333
10 15 740 299
10 16 244 78
10 17 367 89
10 18 323 251
10 19 773 122
10 20 382 189
10 21 354 154
10 116 26681 89
11 12 522 101
11 13 48 64
11 14 370 43
11 15 60 316
11 16 497 347
11 17 347 254
11 18 712 320
11 19 672 305
11 20 602 314
11 21 731 331
12 22 326 86
12 23 700 169
12 24 267 164
12 25 352 270
12 26 302 350
12 27 602 195
12 28 801 264
12 29 552 295
12 30 315 167
12 31 169 170
13 22 490 176
13 23 345 238
13 24 341 142
13 25 631 237
13 26 909 285
13 27 319 221
13 28 48 49
13 29 567 158
13 30 609 109
13 31 815 86
14 22 768 281
14 23 435 249
14 24 488 69
14 25 624 75
14 26 991 217
14 27 28 1
14 28 117 288
14 29 837 120
14 30 823 48
14 31 312 226
15 22 936 87
15 23 331 31
15 24 558 105
15 25 769 130
15 26 430 87
15 27 325 350
15 28 767 98
15 29 505 118
15 30 176 227
15 31 606 167
16 22 510 227
16 23 386 37
16 24 19 213
16 25 332 45
16 26 89 70
16 27 289 25
16 28 861 289
16 29 409 330
16 30 475 276
16 31 82 81
17 22 844 32
17 23 960 228
17 24 748 101
17 25 307 83
17 26 686 281
17 27 611 213
17 28 402 246
17 29 357 7
17 30 340 329
17 31 3 202
18 22 90 203
18 23 790 335
18 24 74 73
18 25 513 122
18 26 57 267
18 27 485 318
18 28 933 257
18 29 541 319
18 30 884 205
18 31 254 79
19 22 120 238
19 23 37 299
19 24 239 32
19 25 361 300
19 26 723 112
19 27 770 95
19 28 402 199
19 29 504 1
19 30 220 38
19 31 383 333
20 22 774 228
20 23 43 301
20 24 611 169
20 25 676 328
20 26 996 26
20 27 80 202
20 28 542 138
20 29 272 96
20 30 293 108
20 31 574 280
20 119 26251 333
21 22 359 358
21 23 405 230
21 24 94 37
21 25 193 225
21 26 405 14
21 27 620 264
21 28 586 258
21 29 58 240
21 30 267 311
21 31 807 68
22 32 492 245
22 33 767 79
22 34 664 192
22 35 763 149
22 36 704 36
22 37 823 286
22 38 498 231
22 39 834 94
22 40 78 187
22 41 237 47
23 32 636 97
23 33 384 22
23 34 214 109
23 35 612 164
23 36 107 71
23 37 999 264
23 38 158 278
23 39 849 209
23 40 341 232
23 41 400 158
24 32 182 271
24 33 645 21
24 34 256 17
24 35 719 252
24 36 121 243
24 37 432 291
24 38 588 259
24 39 956 270
24 40 10 109
24 41 161 30
25 32 632 8
25 33 816 189
25 34 312 64
25 35 92 19
25 36 87 281
25 37 492 90
25 38 917 291
25 39 830 224
25 40 581 143
25 41 327 76
26 32 567 284
26 33 247 90
26 34 753 310
26 35 472 145
26 36 171 273
26 37 575 218
26 38 795 190
26 39 53 80
26 40 169 18
26 41 648 173
27 32 936 7
27 33 614 121
27 34 285 6
27 35 657 266
27 36 314 168
27 37 342 100
27 38 453 274
27 39 438 114
27 40 974 359
27 41 456 41
28 32 420 200
28 33 709 248
28 34 879 22
28 35 657 161
28 36 870 47
28 37 669 360
28 38 154 205
28 39 667 263
28 40 643 21
28 41 325 223
29 32 16 150
29 33 729 214
29 34 482 315
29 35 91 278
29 36 925 63
29 37 566 129
29 38 353 28
29 39 46 2
29 40 303 257
29 41 575 176
30 32 801 358
30 33 259 324
30 34 834 340
30 35 992 251
30 36 323 283
30 37 555 288
30 38 185 212
30 39 428 115
30 40 850 144
30 41 916 154
31 32 865 92
31 33 578 344
31 34 282 223
31 35 326 346
31 36 548 170
31 37 968 13
31 38 696 124
31 39 35 306
31 40 473 291
31 41 675 196
31 147 26633 246
32 42 695 46
32 43 909 46
32 44 61 74
32 45 789 240
32 46 114 148
32 47 497 282
32 48 771 120
32 49 923 54
32 50 282 143
32 51 471 351
33 42 111 52
33 43 68 138
33 44 199 180
33 45 508 86
33 46 253 150
33 47 540 294
33 48 8 18
33 49 928 174
33 50 209 141
33 51 349 134
34 42 909 352
34 43 449 133
34 44 709 300
34 45 846 244
34 46 419 38
34 47 141 208
34 48 535 101
34 49 129 257
34 50 843 33
34 51 168 98
35 42 878 211
35 43 13 150
35 44 9 96
35 45 507 31
35 46 440 279
35 47 485 36
35 48 930 94
35 49 35 73
35 50 332 303
35 51 971 287
36 42 163 185
36 43 178 275
36 44 224 344
36 45 215 173
36 46 425 250
36 47 484 357
36 48 49 208
36 49 13 146
36 50 637 99
36 51 930 174
37 42 639 255
37 43 613 107
37 44 283 10
37 45 264 239
37 46 613 128
37 47 817 277
37 48 355 5
37 49 705 302
37 50 723 153
37 51 973 236
38 42 451 125
38 43 482 216
38 44 610 136
38 45 482 117
38 46 183 57
38 47 43 291
38 48 760 104
38 49 488 101
38 50 413 260
38 51 565 278
38 60 17380 39
39 42 776 2
39 43 266 141
39 44 726 296
39 45 106 241
39 46 922 166
39 47 525 325
39 48 985 3
39 49 384 354
39 50 743 251
39 51 819 30
40 42 526 324
40 43 472 180
40 44 494 57
40 45 948 2
40 46 452 80
40 47 776 98
40 48 485 193
40 49 774 129
40 50 381 309
40 51 37 109
40 82 22522 47
41 42 480 57
41 43 959 67
41 44 786 171
41 45 191 230
41 46 723 22
41 47 435 36
41 48 564 313
41 49 434 92
41 50 715 180
41 51 863 277
42 52 399 122
42 53 303 250
42 54 136 200
42 55 982 62
42 56 356 220
42 57 713 295
42 58 416 79
42 59 525 118
42 60 326 320
42 61 534 148
42 71 16646 153
43 52 686 278
43 53 331 303
43 54 523 46
43 55 931 263
43 56 151 321
43 57 169 308
43 58 438 83
43 59 744 258
43 60 986 316
43 61 601 76
43 81 21717 134
44 52 866 283
44 53 793 215
44 54 282 223
44 55 981 331
44 56 424 186
44 57 942 130
44 58 265 241
44 59 829 212
44 60 504 339
44 61 434 295
44 95 29326 163
45 52 866 210
45 53 740 34
45 54 889 186
45 55 182 139
45 56 918 285
45 57 63 131
45 58 143 298
45 59 825 35
45 60 500 352
45 61 711 133
46 52 626 310
46 53 278 253
46 54 311 27
46 55 554 253
46 56 265 245
46 57 476 54
46 58 949 116
46 59 865 228
46 60 824 333
46 61 7 320
47 52 641 337
47 53 707 110
47 54 308 8
47 55 563 80
47 56 874 332
47 57 901 262
47 58 252 206
47 59 560 349
47 60 561 303
47 61 584 188
48 52 23 317
48 53 633 326
48 54 209 353
48 55 695 262
48 56 514 52
48 57 936 335
48 58 71 7
48 59 122 243
48 60 221 186
48 61 403 333
49 52 223 85
49 53 487 98
49 54 524 96
49 55 400 7
49 56 14 260
49 57 450 324
49 58 828 71
49 59 175 9
49 60 785 116
49 61 144 124
49 115 25852 267
50 52 877 206
50 53 2 267
50 54 153 313
50 55 685 279
50 56 824 49
50 57 906 158
50 58 678 62
50 59 970 93
50 60 336 79
50 61 686 26
51 52 459 136
51 53 989 319
51 54 88 13
51 55 717 55
51 56 193 314
51 57 591 296
51 58 718 2
51 59 241 153
51 60 924 331
51 61 152 22
52 62 620 319
52 63 148 67
52 64 555 92
52 65 281 225
52 66 739 169
52 67 510 208
52 68 212 326
52 69 126 294
52 70 552 352
52 71 291 38
53 62 678 189
53 63 203 94
53 64 587 213
53 65 415 102
53 66 177 68
53 67 304 151
53 68 564 15
53 69 898 323
53 70 849 194
53 71 442 229
54 62 619 86
54 63 98 257
54 64 746 137
54 65 221 166
54 66 986 329
54 67 213 124
54 68 871 314
54 69 219 150
54 70 274 125
54 71 523 295
55 62 88 164
55 63 378 218
55 64 176 47
55 65 923 181
55 66 822 303
55 67 86 274
55 68 828 260
55 69 107 96
55 70 834 243
55 71 640 206
56 62 961 252
56 63 980 329
56 64 320 73
56 65 507 344
56 66 54 290
56 67 924 281
56 68 318 347
56 69 579 345
56 70 515 152
56 71 865 154
57 62 167 215
57 63 129 247
57 64 199 163
57 65 680 58
57 66 799 291
57 67 230 61
57 68 735 305
57 69 737 251
57 70 483 54
57 71 124 205
58 62 944 263
58 63 854 7
58 64 873 202
58 65 51 250
58 66 275 288
58 67 808 37
58 68 11 46
58 69 187 93
58 70 295 299
58 71 922 223
59 62 115 135
59 63 297 237
59 64 360 347
59 65 819 316
59 66 506 347
59 67 782 308
59 68 18 355
59 69 828 18
59 70 423 155
59 71 825 284
59 109 26616 202
60 62 92 230
60 63 531 358
60 64 663 189
60 65 403 77
60 66 136 278
60 67 258 29
60 68 962 251
60 69 332 311
60 70 112 356
60 71 689 198
61 62 75 76
61 63 782 82
61 64 947 148
61 65 931 201
61 66 301 325
61 67 759 202
61 68 715 149
61 69 941 213
61 70 435 218
61 71 316 192
62 72 293 357
62 73 322 130
62 74 710 89
62 75 743 10
62 76 194 210
62 77 382 93
62 78 989 42
62 79 590 231
62 80 568 158
62 81 610 55
63 72 736 105
63 73 394 70
63 74 404 202
63 75 82 272
63 76 389 23
63 77 135 52
63 78 428 266
63 79 445 88
63 80 909 113
63 81 477 111
64 72 56 226
64 73 722 291
64 74 491 182
64 75 16 275
64 76 556 186
64 77 62 226
64 78 963 48
64 79 356 177
64 80 697 158
64 81 811 123
65 72 641 352
65 73 983 279
65 74 941 66
65 75 307 128
65 76 695 51
65 77 70 278
65 78 93 302
65 79 396 335
65 80 746 19
65 81 888 111
66 72 938 87
66 73 698 304
66 74 557 240
66 75 765 33
66 76 993 342
66 77 794 319
66 78 297 80
66 79 820 159
66 80 663 84
66 81 879 318
67 72 726 346
67 73 95 58
67 74 284 327
67 75 251 205
67 76 480 297
67 77 238 195
67 78 932 21
67 79 784 130
67 80 175 148
67 81 103 84
68 72 88 348
68 73 192 28
68 74 772 349
68 75 371 21
68 76 705 142
68 77 890 251
68 78 332 326
68 79 250 315
68 80 675 40
68 81 852 308
69 72 623 148
69 73 895 177
69 74 988 159
69 75 801 6
69 76 366 265
69 77 363 351
69 78 561 340
69 79 221 143
69 80 382 318
69 81 873 145
69 121 18114 192
70 72 694 165
70 73 377 235
70 74 483 173
70 75 333 83
70 76 920 354
70 77 162 257
70 78 609 121
70 79 467 290
70 80 501 90
70 81 977 92
70 137 30789 219
71 72 210 311
71 73 128 254
71 74 337 281
71 75 835 16
71 76 966 297
71 77 126 111
71 78 286 344
71 79 520 328
71 80 393 65
71 81 574 26
72 82 247 185
72 83 516 178
72 84 632 66
72 85 239 163
72 86 846 212
72 87 650 107
72 88 893 74
72 89 661 75
72 90 494 152
72 91 248 334
73 82 778 201
73 83 141 349
73 84 988 316
73 85 440 159
73 86 62 140
73 87 947 299
73 88 80 43
73 89 400 254
73 90 982 341
73 91 709 62
74 82 505 91
74 83 738 13
74 84 365 15
74 85 245 314
74 86 878 199
74 87 722 245
74 88 816 315
74 89 384 324
74 90 358 350
74 91 663 264
75 82 771 123
75 83 205 46
75 84 828 10
75 85 175 254
75 86 138 167
75 87 173 85
75 88 787 127
75 89 669 14
75 90 886 241
75 91 751 329
76 82 146 343
76 83 578 287
76 84 33 194
76 85 305 2
76 86 221 88
76 87 18 79
76 88 136 315
76 89 886 316
76 90 305 10
76 91 267 204
77 82 235 161
77 83 183 171
77 84 505 284
77 85 577 88
77 86 553 286
77 87 452 254
77 88 624 82
77 89 353 152
77 90 181 125
77 91 333 322
78 82 537 157
78 83 768 298
78 84 781 160
78 85 298 211
78 86 793 60
78 87 505 40
78 88 509 25
78 89 622 233
78 90 553 290
78 91 687 47
79 82 916 123
79 83 312 228
79 84 340 278
79 85 446 81
79 86 327 214
79 87 730 41
79 88 806 250
79 89 295 239
79 90 940 28
79 91 70 112
80 82 473 88
80 83 593 354
80 84 481 359
80 85 907 161
80 86 216 189
80 87 749 293
80 88 747 227
80 89 344 242
80 90 221 105
80 91 485 226
81 82 65 200
81 83 945 18
81 84 831 276
81 85 965 224
81 86 8 236
81 87 119 316
81 88 653 296
81 89 205 215
81 90 287 196
81 91 102 24
82 92 937 45
82 93 272 131
82 94 961 138
82 95 649 200
82 96 706 331
82 97 980 94
82 98 482 33
82 99 472 257
82 100 320 256
82 101 822 217
83 92 550 66
83 93 56 345
83 94 332 320
83 95 117 111
83 96 936 188
83 97 804 188
83 98 620 60
83 99 689 114
83 100 713 339
83 101 133 360
84 92 50 20
84 93 304 69
84 94 648 134
84 95 302 271
84 96 719 94
84 97 228 130
84 98 757 296
84 99 233 14
84 100 429 185
84 101 54 171
85 92 565 98
85 93 481 150
85 94 464 316
85 95 368 256
85 96 633 209
85 97 608 84
85 98 943 297
85 99 550 136
85 100 549 129
85 101 568 99
86 92 11 316
86 93 749 315
86 94 820 41
86 95 63 225
86 96 802 60
86 97 864 162
86 98 626 222
86 99 929 240
86 100 778 357
86 101 954 123
87 92 653 261
87 93 407 291
87 94 254 21
87 95 561 101
87 96 341 340
87 97 645 283
87 98 36 289
87 99 556 341
87 100 604 152
87 101 959 319
88 92 734 130
88 93 140 338
88 94 822 169
88 95 696 230
88 96 16 169
88 97 385 286
88 98 633 313
88 99 154 105
88 100 502 357
88 101 146 186
89 92 549 44
89 93 20 155
89 94 976 51
89 95 648 108
89 96 681 98
89 97 199 98
89 98 117 118
89 99 608 234
89 100 95 15
89 101 414 92
89 133 19755 299
90 92 911 69
90 93 185 257
90 94 983 169
90 95 919 229
90 96 73 64
90 97 708 47
90 98 226 356
90 99 892 65
90 100 150 45
90 101 519 107
91 92 994 210
91 93 634 205
91 94 304 315
91 95 758 86
91 96 17 353
91 97 948 333
91 98 484 152
91 99 68 227
91 100 732 17
91 101 756 175
92 102 223 107
92 103 772 112
92 104 123 52
92 105 23 16
92 106 427 316
92 107 312 29
92 108 7 223
92 109 117 59
92 110 703 288
92 111 331 228
93 102 202 315
93 103 982 67
93 104 659 289
93 105 301 256
93 106 616 57
93 107 838 40
93 108 606 115
93 109 295 284
93 110 504 276
93 111 428 233
94 102 439 51
94 103 905 357
94 104 946 252
94 105 786 294
94 106 106 26
94 107 50 209
94 108 723 343
94 109 842 271
94 110 729 101
94 111 287 144
95 102 174 105
95 103 891 25
95 104 492 187
95 105 273 201
95 106 572 304
95 107 734 217
95 108 343 84
95 109 990 190
95 110 500 337
95 111 886 164
96 102 457 37
96 103 430 209
96 104 441 108
96 105 372 68
96 106 686 348
96 107 514 261
96 108 890 158
96 109 276 198
96 110 762 353
96 111 176 199
97 102 813 294
97 103 397 292
97 104 445 9
97 105 475 181
97 106 920 171
97 107 589 343
97 108 588 9
97 109 58 194
97 110 129 167
97 111 960 259
97 150 25749 150
98 102 812 230
98 103 615 76
98 104 112 184
98 105 491 222
98 106 803 305
98 107 254 299
98 108 788 186
98 109 546 340
98 110 278 33
98 111 933 122
99 102 952 302
99 103 12 146
99 104 985 338
99 105 174 224
99 106 422 137
99 107 191 226
99 108 188 202
99 109 414 193
99 110 49 172
99 111 805 233
99 145 29990 197
100 102 32 357
100 103 989 328
100 104 853 350
100 105 1 337
100 106 200 20
100 107 47 273
100 108 996 334
100 109 454 336
100 110 998 183
100 111 766 277
101 102 547 194
101 103 125 223
101 104 50 223
101 105 565 319
101 106 209 327
101 107 894 73
101 108 214 202
101 109 596 232
101 110 611 103
101 111 331 334
101 147 27222 358
102 112 474 350
102 113 286 203
102 114 829 33
102 115 708 259
102 116 798 245
102 117 222 185
102 118 175 150
102 119 275 138
102 120 248 194
102 121 873 185
103 112 924 74
103 113 810 218
103 114 737 84
103 115 987 97
103 116 545 14
103 117 395 71
103 118 940 79
103 119 780 237
103 120 370 159
103 121 46 266
104 112 413 166
104 113 926 77
104 114 742 21
104 115 758 304
104 116 743 206
104 117 657 121
104 118 139 189
104 119 67 291
104 120 136 197
104 121 282 132
105 112 237 46
105 113 844 144
105 114 601 308
105 115 207 331
105 116 699 278
105 117 42 135
105 118 115 94
105 119 445 145
105 120 943 209
105 121 794 215
106 112 976 155
106 113 145 118
106 114 901 78
106 115 988 278
106 116 376 225
106 117 436 209
106 118 50 351
106 119 454 140
106 120 486 349
106 121 36 188
107 112 226 134
107 113 796 9
107 114 323 44
107 115 614 73
107 116 783 319
107 117 788 80
107 118 805 311
107 119 975 255
107 120 554 345
107 121 442 234
108 112 799 11
108 113 342 102
108 114 752 246
108 115 364 230
108 116 939 115
108 117 76 192
108 118 623 78
108 119 404 226
108 120 632 290
108 121 715 359
108 123 27314 158
109 112 658 163
109 113 646 120
109 114 631 233
109 115 594 99
109 116 515 325
109 117 936 330
109 118 965 50
109 119 16 198
109 120 505 292
109 121 947 148
110 112 715 354
110 113 794 167
110 114 131 250
110 115 344 39
110 116 153 14
110 117 902 300
110 118 276 189
110 119 580 86
110 120 966 258
110 121 619 334
111 112 519 78
111 113 655 231
111 114 731 143
111 115 264 214
111 116 261 182
111 117 440 235
111 118 165 59
111 119 662 8
111 120 358 247
111 121 398 74
112 122 352 268
112 123 529 181
112 124 67 38
112 125 306 289
112 126 43 307
112 127 899 170
112 128 870 84
112 129 919 8
112 130 412 258
112 131 881 248
112 132 17749 325
112 138 22350 89
112 146 20238 246
113 122 390 111
113 123 363 90
113 124 611 34
113 125 860 166
113 126 919 10
113 127 169 85
113 128 247 260
113 129 15 21
113 130 651 133
113 131 346 118
114 122 500 146
114 123 111 337
114 124 972 131
114 125 565 213
114 126 599 268
114 127 389 68
114 128 119 229
114 129 201 198
114 130 861 13
114 131 163 182
115 122 790 333
115 123 770 173
115 124 545 193
115 125 915 269
115 126 50 120
115 127 295 201
115 128 879 311
115 129 90 122
115 130 931 174
115 131 364 96
116 122 71 64
116 123 648 299
116 124 714 80
116 125 385 28
116 126 596 196
116 127 348 235
116 128 371 353
116 129 829 193
116 130 200 148
116 131 818 292
117 122 668 221
117 123 992 49
117 124 127 176
117 125 974 333
117 126 952 79
117 127 583 310
117 128 274 175
117 129 506 2
117 130 547 310
117 131 377 125
118 122 393 22
118 123 482 352
118 124 239 163
118 125 915 195
118 126 125 267
118 127 520 211
118 128 338 241
118 129 614 106
118 130 193 14
118 131 158 14
119 122 165 85
119 123 677 67
119 124 480 327
119 125 454 229
119 126 192 331
119 127 268 171
119 128 842 17
119 129 977 120
119 130 698 8
119 131 450 266
120 122 288 337
120 123 45 138
120 124 955 212
120 125 37 205
120 126 517 255
120 127 566 89
120 128 667 278
120 129 463 217
120 130 25 163
120 131 310 213
121 122 850 284
121 123 353 311
121 124 314 269
121 125 226 222
121 126 44 332
121 127 618 281
121 128 797 308
121 129 510 173
121 130 391 91
121 131 117 10
122 132 776 143
122 133 60 229
122 134 864 3
122 135 663 285
122 136 10 48
122 137 740 99
122 138 372 87
122 139 492 182
122 140 24 199
122 141 493 333
123 132 718 276
123 133 188 27
123 134 575 116
123 135 822 351
123 136 421 286
123 137 346 35
123 138 452 55
123 139 365 134
123 140 94 286
123 141 653 317
124 132 219 99
124 133 378 354
124 134 599 286
124 135 318 327
124 136 696 5
124 137 632 192
124 138 448 227
124 139 220 252
124 140 277 14
124 141 963 78
125 132 707 343
125 133 951 136
125 134 445 344
125 135 114 58
125 136 909 290
125 137 485 223
125 138 84 100
125 139 73 184
125 140 85 71
125 141 828 260
126 132 326 295
126 133 234 286
126 134 792 57
126 135 333 354
126 136 142 26
126 137 221 96
126 138 192 142
126 139 14 357
126 140 497 196
126 141 220 349
127 132 404 39
127 133 612 133
127 134 506 136
127 135 666 215
127 136 164 5
127 137 107 273
127 138 1000 33
127 139 256 112
127 140 189 20
127 141 14 333
128 132 1 128
128 133 90 190
128 134 560 79
128 135 75 19
128 136 984 348
128 137 302 279
128 138 643 130
128 139 186 188
128 140 772 125
128 141 822 102
129 132 365 301
129 133 426 151
129 134 673 143
129 135 720 340
129 136 462 256
129 137 52 149
129 138 111 137
129 139 402 231
129 140 907 312
129 141 653 119
130 132 213 87
130 133 147 8
130 134 301 53
130 135 138 65
130 136 146 282
130 137 881 105
130 138 650 286
130 139 345 162
130 140 779 285
130 141 934 32
131 132 117 121
131 133 578 69
131 134 740 81
131 135 3 231
131 136 450 78
131 137 522 288
131 138 504 27
131 139 505 66
131 140 245 207
131 141 320 296
132 142 170 171
132 143 508 356
132 144 910 177
132 145 392 308
132 146 5 34
132 147 474 32
132 148 905 323
132 149 349 5
132 150 172 54
132 151 142 117
133 142 984 193
133 143 786 80
133 144 252 154
133 145 671 68
133 146 597 90
133 147 720 44
133 148 820 75
133 149 49 177
133 150 226 57
133 151 566 94
134 142 785 22
134 143 980 325
134 144 46 106
134 145 169 303
134 146 220 34
134 147 860 277
134 148 895 291
134 149 842 244
134 150 514 176
134 151 374 49
135 142 528 277
135 143 150 56
135 144 794 301
135 145 75 157
135 146 323 15
135 147 519 300
135 148 475 55
135 149 341 156
135 150 612 33
135 151 208 130
136 142 574 270
136 143 100 138
136 144 158 142
136 145 777 247
136 146 305 334
136 147 469 20
136 148 656 175
136 149 389 208
136 150 412 276
136 151 529 163
137 142 688 120
137 143 829 262
137 144 403 244
137 145 819 187
137 146 34 162
137 147 959 306
137 148 465 163
137 149 314 3
137 150 586 333
137 151 710 251
138 142 318 206
138 143 379 258
138 144 828 162
138 145 171 2
138 146 204 264
138 147 567 40
138 148 273 94
138 149 917 340
138 150 650 158
138 151 575 202
139 142 694 32
139 143 218 142
139 144 215 87
139 145 908 123
139 146 273 139
139 147 620 47
139 148 661 235
139 149 966 293
139 150 615 147
139 151 834 350
140 142 791 53
140 143 75 52
140 144 462 229
140 145 929 252
140 146 148 269
140 147 420 192
140 148 940 156
140 149 406 331
140 150 858 265
140 151 295 68
141 142 507 329
141 143 923 360
141 144 90 301
141 145 807 289
141 146 846 114
141 147 441 101
141 148 81 1
141 149 602 194
141 150 366 117
141 151 639 72
142 152 196 5
143 152 748 344
144 152 212 317
145 152 940 43
146 152 376 359
147 152 234 265
148 152 607 89
149 152 727 63
150 152 737 259
151 152 383 294
