152 1440 1 152 7 360
1 2 968 189
1 3 492 187
1 4 790 165
1 5 245 112
1 6 499 179
1 7 236 295
1 8 850 222
1 9 10 245
1 10 14 166
1 11 35 237
2 12 538 80
2 13 849 180
2 14 336 38
2 15 700 29
2 16 298 59
2 17 324 4
2 18 762 179
2 19 231 177
2 20 717 307
2 21 186 185
3 12 40 39
3 13 88 228
3 14 407 177
3 15 477 93
3 16 441 34
3 17 975 169
3 18 363 260
3 19 421 118
3 20 746 44
3 21 51 149
4 12 780 195
4 13 534 239
4 14 388 359
4 15 34 345
4 16 69 271
4 17 317 174
4 18 84 168
4 19 561 5
4 20 766 360
4 21 747 101
5 12 316 93
5 13 888 132
5 14 884 252
5 15 312 73
5 16 814 214
5 17 172 98
5 18 194 11
5 19 825 13
5 20 883 127
5 21 587 28
5 39 16975 246
6 12 968 61
6 13 666 267
6 14 213 133
6 15 331 2
6 16 799 28
6 17 225 246
6 18 678 360
6 19 54 266
6 20 340 172
6 21 891 202
7 12 186 122
7 13 816 187
7 14 973 27
7 15 969 38
7 16 911 132
7 17 790 91
7 18 132 48
7 19 251 12
7 20 690 301
7 21 45 180
7 139 22203 143
8 12 146 64
8 13 88 113
8 14 382 25
8 15 822 324
8 16 645 222
8 17 229 229
8 18 933 239
8 19 418 96
8 20 357 188
8 21 953 16
9 12 992 246
9 13 162 217
9 14 585 265
9 15 677 256
9 16 840 178
9 17 845 232
9 18 403 60
9 19 177 33
9 20 694 207
9 21 78 105
10 12 470 354
10 13 186 129
10 14 295 36
10 15 540 66
10 16 358 99
10 17 666 180
10 18 501 48
10 19 638 294
10 20 598 260
10 21 609 32
11 12 498 234
11 13 543 18
11 14 650 355
11 15 425 276
11 16 400 277
11 17 690 322
11 18 286 88
11 19 456 58
11 20 120 11
11 21 627 120
11 87 22574 269
12 22 509 298
12 23 591 125
12 24 760 23
12 25 424 262
12 26 70 38
12 27 727 269
12 28 282 257
12 29 261 24
12 30 934 55
12 31 923 260
12 125 26850 196
13 22 331 141
13 23 316 262
13 24 603 78
13 25 611 33
13 26 228 117
13 27 642 357
13 28 122 9
13 29 504 192
13 30 966 224
13 31 40 269
14 22 741 152
14 23 626 353
14 24 508 276
14 25 462 46
14 26 636 227
14 27 298 128
14 28 462 237
14 29 945 335
14 30 929 169
14 31 241 215
15 22 886 178
15 23 165 81
15 24 268 120
15 25 468 26
15 26 507 230
15 27 715 155
15 28 88 250
15 29 928 274
15 30 524 266
15 31 712 284
16 22 812 153
16 23 927 282
16 24 882 4
16 25 591 53
16 26 79 258
16 27 801 216
16 28 330 321
16 29 993 337
16 30 937 135
16 31 983 222
17 22 142 151
17 23 901 224
17 24 464 239
17 25 573 87
17 26 827 9
17 27 210 155
17 28 860 10
17 29 931 291
17 30 497 91
17 31 566 281
18 22 891 20
18 23 568 270
18 24 521 248
18 25 850 76
18 26 247 237
18 27 819 26
18 28 296 205
18 29 295 299
18 30 86 289
18 31 633 308
19 22 125 207
19 23 159 97
19 24 844 20
19 25 805 190
19 26 397 13
19 27 825 208
19 28 46 9
19 29 225 209
19 30 833 32
19 31 801 349
20 22 720 265
20 23 517 156
20 24 393 290
20 25 656 53
20 26 733 31
20 27 7 225
20 28 833 140
20 29 548 329
20 30 44 165
20 31 538 12
21 22 236 155
21 23 540 175
21 24 154 101
21 25 549 134
21 26 976 72
21 27 521 86
21 28 602 243
21 29 638 79
21 30 964 46
21 31 535 84
22 32 914 217
22 33 551 91
22 34 508 325
22 35 4 28
22 36 199 287
22 37 9 312
22 38 419 287
22 39 250 268
22 40 136 281
22 41 117 347
23 32 338 83
23 33 220 190
23 34 947 209
23 35 686 246
23 36 529 229
23 37 724 183
23 38 602 336
23 39 836 79
23 40 483 198
23 41 858 236
24 32 626 78
24 33 585 254
24 34 837 48
24 35 766 214
24 36 841 317
24 37 457 311
24 38 693 187
24 39 654 136
24 40 99 312
24 41 20 287
25 32 169 308
25 33 175 338
25 34 351 232
25 35 360 240
25 36 370 310
25 37 303 172
25 38 555 313
25 39 974 272
25 40 399 360
25 41 341 66
26 32 418 327
26 33 96 230
26 34 657 58
26 35 714 354
26 36 472 309
26 37 340 19
26 38 706 206
26 39 251 304
26 40 229 278
26 41 67 26
27 32 138 99
27 33 499 264
27 34 338 163
27 35 974 304
27 36 547 297
27 37 30 128
27 38 703 30
27 39 144 177
27 40 287 51
27 41 201 187
28 32 283 71
28 33 696 283
28 34 378 251
28 35 894 74
28 36 664 319
28 37 709 81
28 38 896 170
28 39 664 67
28 40 966 302
28 41 598 270
29 32 297 186
29 33 153 261
29 34 917 134
29 35 551 295
29 36 524 6
29 37 14 105
29 38 378 325
29 39 148 70
29 40 30 344
29 41 51 326
30 32 544 195
30 33 762 45
30 34 187 326
30 35 376 248
30 36 198 63
30 37 852 137
30 38 65 29
30 39 938 69
30 40 897 123
30 41 150 342
31 32 75 109
31 33 196 156
31 34 134 316
31 35 760 252
31 36 448 170
31 37 110 129
31 38 751 192
31 39 838 118
31 40 91 280
31 41 255 241
32 42 768 227
32 43 198 356
32 44 344 253
32 45 936 2
32 46 720 270
32 47 575 46
32 48 364 269
32 49 253 239
32 50 698 298
32 51 436 85
33 42 859 196
33 43 192 110
33 44 757 23
33 45 34 216
33 46 929 99
33 47 365 323
33 48 819 85
33 49 942 317
33 50 481 201
33 51 392 91
34 42 432 185
34 43 507 148
34 44 938 128
34 45 73 41
34 46 250 235
34 47 782 30
34 48 49 47
34 49 959 324
34 50 374 343
34 51 565 303
35 42 747 86
35 43 126 195
35 44 178 112
35 45 668 54
35 46 722 232
35 47 465 131
35 48 977 307
35 49 437 341
35 50 769 33
35 51 262 282
36 42 450 242
36 43 372 333
36 44 961 218
36 45 284 3
36 46 190 56
36 47 933 278
36 48 765 204
36 49 272 333
36 50 571 156
36 51 294 172
37 42 541 80
37 43 582 284
37 44 479 229
37 45 597 84
37 46 900 308
37 47 811 85
37 48 523 354
37 49 899 358
37 50 347 178
37 51 873 286
38 42 751 30
38 43 420 349
38 44 995 81
38 45 650 265
38 46 84 308
38 47 93 33
38 48 997 57
38 49 688 357
38 50 841 264
38 51 589 286
39 42 192 97
39 43 148 117
39 44 599 107
39 45 774 176
39 46 283 303
39 47 690 340
39 48 688 147
39 49 71 40
39 50 749 211
39 51 546 270
39 66 23577 81
40 42 471 147
40 43 99 194
40 44 883 296
40 45 688 252
40 46 847 306
40 47 451 96
40 48 25 198
40 49 185 331
40 50 804 131
40 51 390 233
41 42 840 155
41 43 542 203
41 44 668 122
41 45 392 281
41 46 51 38
41 47 56 311
41 48 21 260
41 49 629 260
41 50 903 350
41 51 772 108
42 52 7 96
42 53 184 22
42 54 334 47
42 55 903 68
42 56 259 94
42 57 733 137
42 58 840 24
42 59 817 150
42 60 99 91
42 61 930 319
43 52 598 16
43 53 387 326
43 54 216 17
43 55 49 167
43 56 956 148
43 57 843 122
43 58 335 203
43 59 251 144
43 60 266 346
43 61 235 2
44 52 369 86
44 53 605 142
44 54 187 278
44 55 576 211
44 56 851 243
44 57 601 154
44 58 644 93
44 59 533 249
44 60 632 222
44 61 267 290
44 133 25571 292
45 52 454 191
45 53 978 328
45 54 593 188
45 55 503 45
45 56 866 96
45 57 986 231
45 58 413 346
45 59 37 304
45 60 589 354
45 61 219 61
45 67 22598 40
46 52 881 22
46 53 758 287
46 54 87 92
46 55 316 167
46 56 148 190
46 57 892 19
46 58 664 300
46 59 261 104
46 60 963 253
46 61 846 114
47 52 998 200
47 53 941 332
47 54 871 351
47 55 336 246
47 56 212 347
47 57 935 305
47 58 304 241
47 59 200 70
47 60 902 250
47 61 955 137
48 52 605 280
48 53 880 154
48 54 339 39
48 55 940 336
48 56 190 249
48 57 147 281
48 58 243 42
48 59 869 50
48 60 603 84
48 61 619 62
49 52 795 86
49 53 577 87
49 54 391 193
49 55 372 164
49 56 142 1
49 57 906 12
49 58 90 170
49 59 748 221
49 60 212 257
49 61 286 71
50 52 523 321
50 53 10 64
50 54 811 33
50 55 76 190
50 56 55 272
50 57 57 305
50 58 96 263
50 59 296 262
50 60 340 237
50 61 117 256
51 52 5 129
51 53 705 11
51 54 242 18
51 55 891 114
51 56 341 49
51 57 647 321
51 58 11 338
51 59 623 17
51 60 745 291
51 61 194 260
52 62 261 253
52 63 428 318
52 64 964 229
52 65 692 129
52 66 419 43
52 67 2 66
52 68 912 348
52 69 942 134
52 70 895 130
52 71 230 223
53 62 538 31
53 63 238 337
53 64 654 343
53 65 989 159
53 66 176 282
53 67 224 358
53 68 512 153
53 69 949 200
53 70 504 190
53 71 334 49
54 62 981 220
54 63 352 206
54 64 703 227
54 65 322 24
54 66 183 74
54 67 617 284
54 68 853 313
54 69 889 243
54 70 257 142
54 71 14 250
54 76 23906 240
55 62 677 285
55 63 941 100
55 64 688 319
55 65 106 250
55 66 495 318
55 67 393 60
55 68 616 196
55 69 973 202
55 70 762 295
55 71 778 32
56 62 781 154
56 63 334 87
56 64 309 108
56 65 961 171
56 66 295 37
56 67 9 99
56 68 281 272
56 69 140 164
56 70 79 305
56 71 284 164
57 62 351 10
57 63 43 196
57 64 970 44
57 65 355 329
57 66 344 273
57 67 765 265
57 68 989 187
57 69 300 135
57 70 586 307
57 71 986 55
58 62 220 283
58 63 402 321
58 64 445 139
58 65 14 264
58 66 815 213
58 67 719 44
58 68 395 324
58 69 951 14
58 70 781 92
58 71 857 102
59 62 295 224
59 63 57 173
59 64 977 197
59 65 710 306
59 66 498 44
59 67 410 237
59 68 313 100
59 69 706 222
59 70 676 26
59 71 649 220
60 62 883 217
60 63 356 22
60 64 970 130
60 65 819 104
60 66 157 142
60 67 666 194
60 68 654 133
60 69 806 300
60 70 27 327
60 71 6 12
61 62 806 240
61 63 297 302
61 64 822 355
61 65 850 325
61 66 749 270
61 67 289 329
61 68 605 27
61 69 613 214
61 70 596 268
61 71 434 23
61 149 23804 162
62 72 946 105
62 73 246 228
62 74 523 222
62 75 211 94
62 76 56 108
62 77 350 20
62 78 11 171
62 79 923 108
62 80 530 162
62 81 519 121
63 72 162 107
63 73 873 228
63 74 392 154
63 75 876 176
63 76 45 329
63 77 251 237
63 78 914 236
63 79 33 111
63 80 743 261
63 81 385 156
64 72 697 187
64 73 777 258
64 74 249 330
64 75 79 116
64 76 473 219
64 77 325 245
64 78 154 333
64 79 851 208
64 80 524 43
64 81 840 355
65 72 326 92
65 73 507 290
65 74 686 115
65 75 713 173
65 76 362 66
65 77 88 79
65 78 436 340
65 79 22 6
65 80 603 333
65 81 301 48
66 72 786 135
66 73 559 83
66 74 958 166
66 75 453 260
66 76 60 103
66 77 428 336
66 78 501 119
66 79 657 135
66 80 696 48
66 81 195 314
67 72 192 209
67 73 118 155
67 74 935 228
67 75 917 71
67 76 122 76
67 77 519 295
67 78 183 359
67 79 799 249
67 80 544 274
67 81 905 214
68 72 581 149
68 73 2 230
68 74 276 122
68 75 593 59
68 76 221 87
68 77 787 212
68 78 44 112
68 79 399 267
68 80 202 255
68 81 948 176
68 148 23378 155
69 72 445 232
69 73 123 88
69 74 596 128
69 75 793 73
69 76 805 228
69 77 111 196
69 78 589 98
69 79 401 151
69 80 764 167
69 81 94 230
69 143 23565 271
70 72 182 230
70 73 730 343
70 74 530 168
70 75 3 282
70 76 45 248
70 77 879 348
70 78 164 291
70 79 279 196
70 80 726 67
70 81 120 341
71 72 707 21
71 73 46 335
71 74 761 168
71 75 808 318
71 76 530 150
71 77 547 344
71 78 15 157
71 79 810 157
71 80 128 336
71 81 908 35
72 82 508 198
72 83 76 224
72 84 220 90
72 85 604 106
72 86 916 315
72 87 750 259
72 88 532 284
72 89 587 228
72 90 974 159
72 91 978 157
73 82 782 304
73 83 410 93
73 84 924 295
73 85 70 166
73 86 404 51
73 87 784 186
73 88 519 111
73 89 803 352
73 90 849 292
73 91 924 333
74 82 135 100
74 83 250 44
74 84 748 269
74 85 322 2
74 86 460 334
74 87 250 55
74 88 473 306
74 89 147 246
74 90 785 243
74 91 780 333
75 82 381 44
75 83 490 327
75 84 162 31
75 85 198 10
75 86 495 288
75 87 242 326
75 88 488 337
75 89 98 214
75 90 491 187
75 91 347 220
76 82 699 249
76 83 867 99
76 84 67 32
76 85 229 119
76 86 353 112
76 87 682 16
76 88 172 197
76 89 224 8
76 90 627 188
76 91 948 357
77 82 260 331
77 83 558 54
77 84 401 130
77 85 111 84
77 86 323 236
77 87 184 223
77 88 706 141
77 89 443 216
77 90 481 134
77 91 631 92
78 82 941 34
78 83 582 217
78 84 893 321
78 85 145 116
78 86 450 32
78 87 784 131
78 88 880 341
78 89 605 131
78 90 112 312
78 91 536 315
78 117 23698 229
79 82 872 155
79 83 522 197
79 84 870 321
79 85 433 2
79 86 514 40
79 87 276 103
79 88 344 162
79 89 343 195
79 90 952 308
79 91 408 158
80 82 326 317
80 83 556 214
80 84 382 264
80 85 982 5
80 86 437 305
80 87 804 167
80 88 384 297
80 89 161 118
80 90 836 26
80 91 208 79
81 82 588 158
81 83 495 108
81 84 99 38
81 85 387 54
81 86 941 147
81 87 189 290
81 88 264 327
81 89 620 14
81 90 219 141
81 91 727 113
81 101 16751 306
82 92 491 75
82 93 938 284
82 94 270 354
82 95 998 209
82 96 462 61
82 97 770 8
82 98 99 122
82 99 880 12
82 100 30 319
82 101 708 298
83 92 227 279
83 93 377 197
83 94 539 230
83 95 210 280
83 96 509 162
83 97 361 198
83 98 269 1
83 99 607 152
83 100 266 357
83 101 258 359
84 92 589 160
84 93 155 93
84 94 681 182
84 95 344 287
84 96 222 151
84 97 182 322
84 98 462 35
84 99 792 291
84 100 838 58
84 101 38 301
84 134 24164 99
85 92 179 176
85 93 957 300
85 94 67 15
85 95 82 21
85 96 695 216
85 97 698 55
85 98 647 306
85 99 117 317
85 100 268 152
85 101 966 155
86 92 132 73
86 93 993 228
86 94 329 48
86 95 663 41
86 96 253 266
86 97 414 288
86 98 896 92
86 99 977 30
86 100 974 115
86 101 916 39
87 92 936 202
87 93 9 214
87 94 976 356
87 95 981 112
87 96 282 74
87 97 692 60
87 98 286 199
87 99 214 155
87 100 156 172
87 101 860 115
88 92 66 261
88 93 424 16
88 94 124 248
88 95 54 317
88 96 869 237
88 97 615 147
88 98 425 6
88 99 792 239
88 100 357 107
88 101 406 24
88 122 16621 68
89 92 368 258
89 93 130 194
89 94 111 230
89 95 613 193
89 96 884 318
89 97 832 155
89 98 530 262
89 99 676 347
89 100 534 95
89 101 115 75
90 92 767 258
90 93 509 325
90 94 857 94
90 95 770 264
90 96 434 261
90 97 83 302
90 98 674 51
90 99 306 279
90 100 950 6
90 101 479 118
91 92 127 320
91 93 880 73
91 94 453 264
91 95 802 26
91 96 780 17
91 97 696 189
91 98 48 261
91 99 947 276
91 100 407 64
91 101 648 223
92 102 539 302
92 103 636 60
92 104 286 195
92 105 386 299
92 106 593 329
92 107 288 64
92 108 772 13
92 109 293 194
92 110 946 154
92 111 200 350
93 102 845 128
93 103 564 168
93 104 281 334
93 105 23 281
93 106 657 248
93 107 58 228
93 108 768 339
93 109 646 322
93 110 276 2
93 111 288 288
94 102 157 293
94 103 238 170
94 104 48 323
94 105 277 99
94 106 619 32
94 107 555 290
94 108 660 304
94 109 87 111
94 110 75 349
94 111 893 56
95 102 160 284
95 103 876 222
95 104 639 22
95 105 772 274
95 106 62 360
95 107 244 307
95 108 794 302
95 109 810 163
95 110 199 261
95 111 594 311
96 102 40 217
96 103 712 49
96 104 119 276
96 105 190 301
96 106 61 201
96 107 387 294
96 108 937 230
96 109 319 286
96 110 383 102
96 111 257 62
97 102 174 151
97 103 564 169
97 104 464 315
97 105 329 219
97 106 826 15
97 107 16 183
97 108 433 307
97 109 730 255
97 110 717 155
97 111 528 357
98 102 754 238
98 103 218 162
98 104 132 250
98 105 849 271
98 106 153 249
98 107 260 42
98 108 550 168
98 109 218 150
98 110 321 298
98 111 741 55
99 102 485 195
99 103 20 13
99 104 641 288
99 105 999 189
99 106 190 217
99 107 224 99
99 108 794 58
99 109 112 294
99 110 55 255
99 111 677 63
100 102 327 331
100 103 153 255
100 104 591 331
100 105 312 358
100 106 411 200
100 107 287 290
100 108 974 49
100 109 120 321
100 110 307 135
100 111 907 52
101 102 186 336
101 103 36 355
101 104 118 71
101 105 261 259
101 106 25 282
101 107 688 191
101 108 469 209
101 109 138 103
101 110 8 261
101 111 562 331
102 112 296 196
102 113 181 169
102 114 533 307
102 115 219 103
102 116 240 260
102 117 571 303
102 118 247 245
102 119 163 145
102 120 536 105
102 121 75 261
102 133 24525 94
103 112 383 89
103 113 817 100
103 114 947 116
103 115 430 75
103 116 481 58
103 117 633 6
103 118 82 225
103 119 484 347
103 120 686 277
103 121 140 159
103 140 26334 51
104 112 101 212
104 113 346 230
104 114 753 181
104 115 906 10
104 116 289 189
104 117 469 42
104 118 37 303
104 119 428 354
104 120 163 317
104 121 879 128
105 112 637 97
105 113 795 281
105 114 749 359
105 115 673 294
105 116 793 247
105 117 222 97
105 118 697 191
105 119 667 80
105 120 844 325
105 121 117 291
106 112 880 122
106 113 960 237
106 114 136 245
106 115 605 163
106 116 762 178
106 117 984 248
106 118 105 82
106 119 446 9
106 120 102 252
106 121 200 239
107 112 238 145
107 113 256 216
107 114 432 229
107 115 608 153
107 116 308 38
107 117 774 2
107 118 592 169
107 119 9 317
107 120 998 340
107 121 662 45
108 112 572 282
108 113 204 186
108 114 745 255
108 115 418 196
108 116 756 34
108 117 783 265
108 118 137 275
108 119 265 343
108 120 960 321
108 121 21 224
109 112 570 91
109 113 796 188
109 114 574 180
109 115 867 304
109 116 487 20
109 117 133 186
109 118 13 179
109 119 179 262
109 120 244 198
109 121 879 325
110 112 120 40
110 113 906 246
110 114 977 156
110 115 11 49
110 116 120 158
110 117 833 250
110 118 548 110
110 119 580 228
110 120 70 70
110 121 884 21
111 112 797 305
111 113 532 347
111 114 771 212
111 115 886 145
111 116 604 312
111 117 253 275
111 118 957 12
111 119 391 36
111 120 218 360
111 121 416 242
112 122 251 16
112 123 594 360
112 124 164 213
112 125 27 171
112 126 889 99
112 127 248 138
112 128 428 246
112 129 707 245
112 130 715 172
112 131 882 305
113 122 294 234
113 123 895 296
113 124 170 240
113 125 524 254
113 126 508 178
113 127 613 345
113 128 686 20
113 129 140 206
113 130 217 344
113 131 272 233
114 122 998 4
114 123 970 295
114 124 684 98
114 125 412 41
114 126 639 181
114 127 147 11
114 128 647 213
114 129 502 172
114 130 980 347
114 131 617 168
114 133 29221 131
115 122 157 337
115 123 756 208
115 124 947 301
115 125 562 195
115 126 401 14
115 127 504 24
115 128 631 308
115 129 88 48
115 130 134 238
115 131 385 3
116 122 479 84
116 123 339 313
116 124 4 94
116 125 485 213
116 126 443 266
116 127 362 282
116 128 796 57
116 129 633 58
116 130 166 87
116 131 81 231
117 122 736 290
117 123 32 269
117 124 966 171
117 125 323 83
117 126 424 277
117 127 630 262
117 128 957 29
117 129 416 133
117 130 536 51
117 131 140 283
118 122 369 338
118 123 280 340
118 124 512 8
118 125 504 128
118 126 838 56
118 127 575 50
118 128 87 322
118 129 499 260
118 130 766 190
118 131 302 338
119 122 142 180
119 123 816 67
119 124 884 192
119 125 555 193
119 126 915 254
119 127 711 181
119 128 364 67
119 129 679 22
119 130 277 324
119 131 538 211
120 122 939 338
120 123 533 129
120 124 294 111
120 125 807 123
120 126 960 149
120 127 124 2
120 128 884 296
120 129 297 297
120 130 473 284
120 131 270 221
121 122 5 4
121 123 409 168
121 124 244 257
121 125 431 347
121 126 600 320
121 127 293 328
121 128 354 44
121 129 614 166
121 130 32 202
121 131 486 29
121 146 25387 278
122 132 36 78
122 133 166 95
122 134 82 219
122 135 507 234
122 136 623 11
122 137 227 131
122 138 344 334
122 139 23 294
122 140 53 340
122 141 234 99
123 132 930 295
123 133 732 11
123 134 940 241
123 135 396 194
123 136 801 263
123 137 932 78
123 138 668 37
123 139 279 19
123 140 953 186
123 141 433 194
123 150 17712 299
124 132 602 243
124 133 338 31
124 134 814 267
124 135 846 89
124 136 722 111
124 137 152 203
124 138 520 201
124 139 924 111
124 140 157 185
124 141 409 176
125 132 129 317
125 133 164 321
125 134 1000 18
125 135 457 275
125 136 903 4
125 137 265 177
125 138 711 14
125 139 448 108
125 140 308 167
125 141 236 16
126 132 630 75
126 133 907 75
126 134 105 325
126 135 438 29
126 136 502 89
126 137 77 335
126 138 401 222
126 139 198 54
126 140 964 169
126 141 123 228
127 132 148 1
127 133 600 268
127 134 794 69
127 135 900 163
127 136 829 88
127 137 427 259
127 138 728 220
127 139 744 264
127 140 900 225
127 141 608 114
128 132 270 300
128 133 173 80
128 134 864 151
128 135 103 212
128 136 621 324
128 137 817 259
128 138 875 30
128 139 30 211
128 140 734 298
128 141 260 91
129 132 67 299
129 133 519 13
129 134 491 359
129 135 933 296
129 136 853 32
129 137 51 346
129 138 462 4
129 139 923 357
129 140 296 140
129 141 149 213
130 132 832 352
130 133 679 273
130 134 865 320
130 135 794 349
130 136 207 202
130 137 298 349
130 138 749 304
130 139 536 1
130 140 995 3
130 141 759 305
131 132 244 110
131 133 387 313
131 134 634 249
131 135 559 119
131 136 813 189
131 137 473 188
131 138 644 255
131 139 787 142
131 140 726 272
131 141 45 199
132 142 298 267
132 143 896 356
132 144 336 115
132 145 29 62
132 146 666 311
132 147 288 223
132 148 383 1
132 149 624 212
132 150 978 342
132 151 758 322
133 142 98 67
133 143 743 210
133 144 729 200
133 145 533 291
133 146 636 246
133 147 18 188
133 148 355 298
133 149 197 210
133 150 89 126
133 151 871 321
134 142 835 269
134 143 916 199
134 144 410 204
134 145 480 64
134 146 581 61
134 147 656 9
134 148 198 124
134 149 211 210
134 150 1000 335
134 151 763 1
135 142 108 61
135 143 654 4
135 144 383 348
135 145 133 201
135 146 317 347
135 147 714 231
135 148 300 310
135 149 376 318
135 150 793 60
135 151 865 111
136 142 41 200
136 143 441 221
136 144 809 120
136 145 276 270
136 146 962 166
136 147 42 164
136 148 576 3
136 149 167 278
136 150 277 42
136 151 944 323
137 142 600 334
137 143 605 281
137 144 221 217
137 145 621 78
137 146 897 161
137 147 222 147
137 148 409 358
137 149 254 97
137 150 906 159
137 151 952 218
138 142 794 33
138 143 471 128
138 144 759 227
138 145 189 80
138 146 842 33
138 147 582 174
138 148 240 100
138 149 167 60
138 150 285 146
138 151 215 177
139 142 215 204
139 143 437 39
139 144 956 67
139 145 9 331
139 146 787 25
139 147 824 61
139 148 338 258
139 149 846 346
139 150 601 46
139 151 921 5
140 142 143 206
140 143 27 84
140 144 787 215
140 145 809 242
140 146 280 72
140 147 817 253
140 148 641 260
140 149 369 49
140 150 986 86
140 151 589 233
141 142 577 92
141 143 694 209
141 144 425 238
141 145 175 330
141 146 704 21
141 147 433 131
141 148 393 179
141 149 540 310
141 150 201 120
141 151 720 131
142 152 989 57
143 152 671 132
144 152 517 43
145 152 283 35
146 152 602 34
147 152 806 9
148 152 304 52
149 152 416 54
150 152 601 180
151 152 85 79
