152 1441 1 152 7 360
1 2 552 195
1 3 700 128
1 4 466 219
1 5 332 313
1 6 636 140
1 7 801 66
1 8 471 268
1 9 429 47
1 10 870 140
1 11 169 318
2 12 909 319
2 13 149 94
2 14 603 275
2 15 433 54
2 16 647 236
2 17 322 324
2 18 75 101
2 19 129 141
2 20 666 33
2 21 14 285
3 12 269 114
3 13 414 249
3 14 968 238
3 15 405 265
3 16 909 111
3 17 16 300
3 18 146 238
3 19 89 152
3 20 717 268
3 21 403 112
4 12 564 241
4 13 873 308
4 14 417 207
4 15 611 3
4 16 315 222
4 17 570 214
4 18 330 269
4 19 666 92
4 20 553 328
4 21 820 345
5 12 856 185
5 13 731 87
5 14 944 264
5 15 227 177
5 16 632 231
5 17 809 36
5 18 459 58
5 19 667 130
5 20 559 265
5 21 915 186
6 12 992 251
6 13 703 278
6 14 468 352
6 15 755 43
6 16 482 203
6 17 344 226
6 18 185 86
6 19 761 201
6 20 297 163
6 21 259 144
7 12 915 343
7 13 275 146
7 14 298 260
7 15 70 217
7 16 668 87
7 17 335 188
7 18 200 98
7 19 587 195
7 20 36 19
7 21 148 41
8 12 810 39
8 13 381 305
8 14 559 17
8 15 307 307
8 16 348 81
8 17 404 221
8 18 1 144
8 19 937 59
8 20 879 169
8 21 870 327
8 132 19478 54
9 12 955 294
9 13 937 148
9 14 74 223
9 15 528 165
9 16 541 223
9 17 556 219
9 18 30 117
9 19 838 132
9 20 490 325
9 21 627 313
10 12 421 268
10 13 847 202
10 14 479 51
10 15 648 85
10 16 841 229
10 17 181 230
10 18 173 132
10 19 482 124
10 20 760 104
10 21 794 74
11 12 24 213
11 13 141 335
11 14 359 356
11 15 787 211
11 16 955 155
11 17 379 356
11 18 618 297
11 19 302 30
11 20 177 278
11 21 457 184
11 72 20973 16
12 22 989 36
12 23 25 198
12 24 634 321
12 25 348 311
12 26 183 191
12 27 780 86
12 28 648 343
12 29 300 333
12 30 561 197
12 31 770 346
13 22 696 65
13 23 589 205
13 24 525 49
13 25 339 40
13 26 474 105
13 27 160 136
13 28 700 155
13 29 307 12
13 30 609 267
13 31 333 132
13 145 17746 291
14 22 18 156
14 23 307 112
14 24 426 237
14 25 179 138
14 26 872 22
14 27 24 68
14 28 490 20
14 29 324 233
14 30 667 18
14 31 928 349
15 22 667 278
15 23 71 123
15 24 338 160
15 25 768 98
15 26 961 258
15 27 173 184
15 28 793 153
15 29 690 225
15 30 818 10
15 31 122 312
16 22 753 236
16 23 822 256
16 24 197 172
16 25 410 324
16 26 146 127
16 27 947 59
16 28 513 280
16 29 91 52
16 30 400 129
16 31 599 274
17 22 265 162
17 23 303 192
17 24 18 181
17 25 957 213
17 26 416 24
17 27 450 117
17 28 196 286
17 29 408 99
17 30 38 128
17 31 779 8
18 22 242 158
18 23 9 331
18 24 632 182
18 25 111 112
18 26 891 177
18 27 294 289
18 28 661 39
18 29 73 64
18 30 512 294
18 31 580 33
19 22 778 75
19 23 329 194
19 24 967 28
19 25 830 242
19 26 111 166
19 27 873 43
19 28 323 176
19 29 223 168
19 30 418 244
19 31 166 32
20 22 736 224
20 23 43 341
20 24 316 302
20 25 902 89
20 26 401 242
20 27 861 255
20 28 64 127
20 29 704 19
20 30 881 50
20 31 989 192
21 22 550 149
21 23 429 231
21 24 754 11
21 25 37 118
21 26 747 289
21 27 892 99
21 28 863 349
21 29 480 49
21 30 827 265
21 31 787 140
22 32 786 232
22 33 443 99
22 34 661 211
22 35 534 263
22 36 803 78
22 37 62 150
22 38 281 321
22 39 940 169
22 40 772 204
22 41 864 347
22 134 29844 76
23 32 540 127
23 33 432 163
23 34 302 339
23 35 278 216
23 36 164 326
23 37 712 150
23 38 29 121
23 39 795 349
23 40 726 129
23 41 490 63
24 32 988 112
24 33 767 88
24 34 903 254
24 35 453 140
24 36 303 183
24 37 869 189
24 38 105 269
24 39 773 229
24 40 696 54
24 41 292 109
25 32 28 283
25 33 667 340
25 34 561 202
25 35 908 1
25 36 553 232
25 37 951 326
25 38 591 107
25 39 709 153
25 40 852 9
25 41 384 219
26 32 307 284
26 33 733 77
26 34 322 261
26 35 194 151
26 36 46 269
26 37 661 285
26 38 949 352
26 39 287 118
26 40 502 331
26 41 799 290
27 32 725 143
27 33 72 263
27 34 273 357
27 35 37 241
27 36 458 50
27 37 533 329
27 38 641 59
27 39 202 272
27 40 140 148
27 41 918 218
28 32 923 85
28 33 944 139
28 34 161 272
28 35 392 207
28 36 357 347
28 37 689 73
28 38 59 360
28 39 956 247
28 40 847 274
28 41 479 229
29 32 913 221
29 33 323 248
29 34 323 17
29 35 913 213
29 36 406 157
29 37 437 22
29 38 822 231
29 39 223 256
29 40 361 222
29 41 561 16
30 32 587 65
30 33 814 106
30 34 146 173
30 35 761 360
30 36 170 249
30 37 278 56
30 38 459 231
30 39 502 74
30 40 717 237
30 41 211 247
31 32 765 143
31 33 455 334
31 34 67 243
31 35 809 11
31 36 264 144
31 37 502 76
31 38 7 177
31 39 246 157
31 40 888 97
31 41 635 35
32 42 547 352
32 43 865 77
32 44 260 241
32 45 444 163
32 46 891 275
32 47 125 28
32 48 831 58
32 49 466 275
32 50 851 192
32 51 957 194
33 42 471 152
33 43 729 173
33 44 73 61
33 45 93 200
33 46 734 177
33 47 424 313
33 48 506 210
33 49 885 104
33 50 166 50
33 51 371 194
34 42 463 275
34 43 585 253
34 44 520 324
34 45 263 150
34 46 673 29
34 47 224 165
34 48 553 349
34 49 661 255
34 50 425 290
34 51 776 221
35 42 96 99
35 43 596 207
35 44 273 139
35 45 628 328
35 46 800 335
35 47 831 246
35 48 148 277
35 49 497 169
35 50 285 341
35 51 733 277
36 42 253 93
36 43 872 354
36 44 583 180
36 45 321 209
36 46 614 11
36 47 918 52
36 48 711 45
36 49 570 213
36 50 11 273
36 51 10 310
37 42 300 188
37 43 595 225
37 44 506 102
37 45 366 254
37 46 807 195
37 47 492 269
37 48 199 226
37 49 634 42
37 50 351 188
37 51 877 161
38 42 165 2
38 43 987 64
38 44 973 198
38 45 388 345
38 46 527 257
38 47 60 161
38 48 974 187
38 49 866 327
38 50 843 196
38 51 82 57
38 146 19876 28
39 42 459 237
39 43 392 256
39 44 280 185
39 45 722 354
39 46 752 356
39 47 127 142
39 48 64 325
39 49 908 79
39 50 393 238
39 51 573 337
40 42 748 219
40 43 37 332
40 44 473 173
40 45 270 269
40 46 652 219
40 47 395 360
40 48 944 273
40 49 824 283
40 50 44 208
40 51 156 324
41 42 970 118
41 43 430 316
41 44 503 168
41 45 585 75
41 46 622 227
41 47 958 216
41 48 424 291
41 49 701 161
41 50 102 47
41 51 989 296
42 52 534 289
42 53 61 320
42 54 999 201
42 55 28 22
42 56 273 357
42 57 60 293
42 58 676 238
42 59 319 73
42 60 539 81
42 61 49 150
43 52 589 340
43 53 691 159
43 54 232 182
43 55 286 247
43 56 941 293
43 57 434 43
43 58 676 296
43 59 13 110
43 60 181 125
43 61 867 202
44 52 439 328
44 53 469 171
44 54 669 111
44 55 836 193
44 56 932 51
44 57 684 281
44 58 375 344
44 59 643 289
44 60 981 10
44 61 521 196
45 52 812 353
45 53 158 213
45 54 2 209
45 55 840 342
45 56 572 41
45 57 166 258
45 58 750 150
45 59 245 38
45 60 59 124
45 61 500 288
46 52 38 37
46 53 249 232
46 54 285 39
46 55 645 357
46 56 68 277
46 57 97 137
46 58 698 46
46 59 141 240
46 60 286 272
46 61 251 130
47 52 550 210
47 53 348 30
47 54 418 288
47 55 922 117
47 56 770 199
47 57 66 172
47 58 190 302
47 59 837 287
47 60 572 178
47 61 137 231
48 52 926 157
48 53 120 180
48 54 886 324
48 55 850 322
48 56 198 166
48 57 694 218
48 58 711 284
48 59 843 4
48 60 805 329
48 61 381 204
49 52 426 235
49 53 808 5
49 54 351 356
49 55 232 151
49 56 269 245
49 57 417 141
49 58 493 193
49 59 434 216
49 60 690 90
49 61 687 105
50 52 870 287
50 53 826 289
50 54 826 154
50 55 806 213
50 56 272 36
50 57 347 89
50 58 252 154
50 59 987 301
50 60 968 287
50 61 607 96
51 52 36 203
51 53 453 20
51 54 572 75
51 55 274 45
51 56 28 238
51 57 861 154
51 58 241 359
51 59 737 188
51 60 100 225
51 61 178 267
52 62 772 263
52 63 703 189
52 64 129 163
52 65 54 298
52 66 604 158
52 67 426 76
52 68 655 30
52 69 587 176
52 70 327 101
52 71 264 254
53 62 654 78
53 63 201 145
53 64 21 145
53 65 799 173
53 66 161 177
53 67 200 186
53 68 256 101
53 69 601 121
53 70 738 278
53 71 367 120
54 62 611 181
54 63 156 141
54 64 459 33
54 65 596 147
54 66 794 269
54 67 260 112
54 68 667 105
54 69 234 25
54 70 651 233
54 71 598 187
55 62 205 176
55 63 561 137
55 64 739 72
55 65 904 243
55 66 843 229
55 67 2 239
55 68 708 88
55 69 84 152
55 70 765 199
55 71 708 306
56 62 158 141
56 63 3 9
56 64 698 111
56 65 448 353
56 66 467 270
56 67 982 173
56 68 678 62
56 69 117 125
56 70 819 344
56 71 369 2
57 62 530 202
57 63 188 186
57 64 258 292
57 65 920 313
57 66 415 170
57 67 874 20
57 68 254 341
57 69 786 316
57 70 226 23
57 71 176 237
57 141 30481 219
58 62 273 106
58 63 474 197
58 64 643 175
58 65 639 76
58 66 250 6
58 67 976 195
58 68 572 254
58 69 909 118
58 70 356 342
58 71 895 118
58 117 30612 28
59 62 573 154
59 63 841 260
59 64 580 95
59 65 191 2
59 66 631 48
59 67 229 32
59 68 606 158
59 69 696 275
59 70 321 38
59 71 293 270
60 62 968 169
60 63 661 145
60 64 130 256
60 65 495 212
60 66 85 28
60 67 553 339
60 68 320 183
60 69 936 60
60 70 182 222
60 71 735 38
61 62 252 41
61 63 129 346
61 64 240 31
61 65 886 20
61 66 735 259
61 67 469 107
61 68 312 132
61 69 368 278
61 70 400 321
61 71 451 278
62 72 593 297
62 73 269 132
62 74 730 39
62 75 353 161
62 76 641 36
62 77 776 278
62 78 17 337
62 79 704 232
62 80 370 325
62 81 352 42
62 133 29186 65
63 72 437 263
63 73 584 25
63 74 356 58
63 75 25 287
63 76 563 334
63 77 348 34
63 78 706 272
63 79 719 172
63 80 683 357
63 81 948 15
64 72 811 221
64 73 562 343
64 74 736 219
64 75 212 252
64 76 759 255
64 77 5 229
64 78 79 343
64 79 314 68
64 80 57 208
64 81 331 187
65 72 427 305
65 73 661 225
65 74 160 315
65 75 904 140
65 76 580 170
65 77 538 235
65 78 852 347
65 79 642 338
65 80 783 300
65 81 65 246
66 72 341 4
66 73 523 77
66 74 382 54
66 75 472 159
66 76 595 81
66 77 476 266
66 78 841 32
66 79 741 94
66 80 892 262
66 81 370 321
67 72 7 228
67 73 940 290
67 74 530 92
67 75 791 36
67 76 557 210
67 77 699 59
67 78 582 178
67 79 33 79
67 80 264 33
67 81 553 13
68 72 53 88
68 73 68 15
68 74 652 71
68 75 344 110
68 76 134 93
68 77 438 216
68 78 297 251
68 79 620 34
68 80 761 253
68 81 775 253
68 92 24665 57
68 144 30275 135
69 72 385 209
69 73 209 23
69 74 749 265
69 75 501 104
69 76 5 34
69 77 859 62
69 78 555 310
69 79 666 125
69 80 35 50
69 81 948 16
70 72 407 131
70 73 178 21
70 74 172 261
70 75 23 171
70 76 660 64
70 77 661 35
70 78 161 328
70 79 862 333
70 80 671 276
70 81 59 65
71 72 236 41
71 73 289 67
71 74 878 324
71 75 446 20
71 76 47 244
71 77 464 277
71 78 908 194
71 79 14 286
71 80 780 289
71 81 714 326
72 82 250 54
72 83 481 90
72 84 795 165
72 85 828 133
72 86 378 256
72 87 684 333
72 88 921 220
72 89 260 136
72 90 213 186
72 91 802 119
73 82 609 73
73 83 319 134
73 84 635 186
73 85 359 318
73 86 262 162
73 87 808 105
73 88 116 265
73 89 314 190
73 90 972 155
73 91 268 104
73 106 27096 265
74 82 255 76
74 83 369 288
74 84 586 17
74 85 524 341
74 86 261 303
74 87 271 35
74 88 996 229
74 89 862 267
74 90 245 211
74 91 667 156
75 82 489 40
75 83 81 353
75 84 127 33
75 85 590 304
75 86 877 180
75 87 151 137
75 88 922 351
75 89 864 285
75 90 611 61
75 91 292 154
76 82 342 27
76 83 113 201
76 84 782 164
76 85 715 25
76 86 700 346
76 87 876 99
76 88 331 359
76 89 538 33
76 90 783 79
76 91 176 310
77 82 516 167
77 83 758 213
77 84 701 335
77 85 431 67
77 86 980 184
77 87 946 93
77 88 697 207
77 89 607 55
77 90 433 266
77 91 315 52
78 82 225 127
78 83 111 133
78 84 719 59
78 85 455 131
78 86 468 37
78 87 991 128
78 88 148 219
78 89 167 357
78 90 962 283
78 91 178 230
78 123 20307 69
78 129 27428 287
79 82 965 90
79 83 274 124
79 84 518 272
79 85 264 304
79 86 60 325
79 87 800 290
79 88 436 163
79 89 702 168
79 90 800 283
79 91 282 244
80 82 239 76
80 83 842 299
80 84 754 274
80 85 172 83
80 86 456 260
80 87 924 186
80 88 615 116
80 89 712 268
80 90 858 194
80 91 548 1
81 82 507 93
81 83 582 299
81 84 402 44
81 85 248 266
81 86 325 232
81 87 46 206
81 88 437 218
81 89 307 269
81 90 578 194
81 91 650 317
82 92 840 356
82 93 434 122
82 94 99 59
82 95 592 50
82 96 393 300
82 97 293 95
82 98 211 246
82 99 398 297
82 100 419 225
82 101 609 344
82 114 29668 263
83 92 135 35
83 93 768 240
83 94 852 260
83 95 386 15
83 96 622 57
83 97 366 333
83 98 468 79
83 99 695 119
83 100 162 127
83 101 84 77
84 92 236 358
84 93 422 50
84 94 501 100
84 95 649 319
84 96 800 50
84 97 188 315
84 98 627 196
84 99 954 259
84 100 307 131
84 101 235 343
85 92 180 24
85 93 54 63
85 94 766 186
85 95 190 179
85 96 854 300
85 97 137 324
85 98 130 332
85 99 478 161
85 100 259 230
85 101 994 144
86 92 398 232
86 93 840 310
86 94 225 201
86 95 439 29
86 96 560 191
86 97 563 343
86 98 163 72
86 99 343 170
86 100 849 303
86 101 914 145
87 92 171 46
87 93 55 145
87 94 393 3
87 95 704 144
87 96 859 183
87 97 697 50
87 98 710 314
87 99 325 15
87 100 1000 66
87 101 18 289
88 92 157 232
88 93 845 199
88 94 145 225
88 95 455 161
88 96 521 227
88 97 918 271
88 98 328 261
88 99 904 40
88 100 726 349
88 101 331 180
89 92 542 208
89 93 706 346
89 94 159 312
89 95 286 174
89 96 223 351
89 97 59 155
89 98 290 220
89 99 309 285
89 100 284 284
89 101 724 207
90 92 559 308
90 93 561 206
90 94 465 195
90 95 882 352
90 96 26 313
90 97 570 196
90 98 432 95
90 99 116 8
90 100 769 129
90 101 862 106
91 92 74 297
91 93 462 263
91 94 676 17
91 95 304 78
91 96 984 46
91 97 648 357
91 98 281 205
91 99 536 9
91 100 800 184
91 101 639 42
91 144 26686 196
92 102 637 169
92 103 524 245
92 104 756 110
92 105 407 165
92 106 507 237
92 107 273 50
92 108 667 218
92 109 246 171
92 110 531 220
92 111 909 75
93 102 753 95
93 103 482 67
93 104 416 69
93 105 26 71
93 106 168 192
93 107 105 173
93 108 43 237
93 109 191 200
93 110 337 207
93 111 72 27
94 102 809 87
94 103 915 299
94 104 786 277
94 105 312 189
94 106 126 146
94 107 223 105
94 108 445 154
94 109 565 165
94 110 740 311
94 111 124 62
95 102 493 67
95 103 434 179
95 104 708 36
95 105 936 265
95 106 417 92
95 107 517 223
95 108 780 10
95 109 546 77
95 110 412 80
95 111 892 240
96 102 405 80
96 103 228 242
96 104 578 222
96 105 90 315
96 106 307 343
96 107 867 251
96 108 791 4
96 109 880 35
96 110 62 186
96 111 788 66
97 102 604 89
97 103 989 59
97 104 434 70
97 105 647 169
97 106 954 127
97 107 85 316
97 108 597 69
97 109 44 321
97 110 836 85
97 111 980 191
98 102 392 341
98 103 357 334
98 104 598 103
98 105 250 254
98 106 70 40
98 107 147 217
98 108 886 50
98 109 221 45
98 110 371 255
98 111 371 157
99 102 252 184
99 103 311 136
99 104 435 39
99 105 777 329
99 106 382 54
99 107 664 150
99 108 935 110
99 109 879 202
99 110 981 244
99 111 819 241
100 102 527 120
100 103 625 157
100 104 936 207
100 105 287 350
100 106 373 157
100 107 255 199
100 108 721 257
100 109 415 265
100 110 799 201
100 111 804 208
101 102 147 340
101 103 637 269
101 104 714 355
101 105 27 311
101 106 335 206
101 107 351 113
101 108 80 239
101 109 71 136
101 110 507 30
101 111 959 95
101 138 24468 123
102 112 687 300
102 113 826 59
102 114 591 61
102 115 572 253
102 116 814 32
102 117 681 273
102 118 191 317
102 119 734 104
102 120 175 266
102 121 162 286
103 112 516 106
103 113 590 200
103 114 957 227
103 115 95 353
103 116 621 190
103 117 422 120
103 118 170 91
103 119 463 55
103 120 443 58
103 121 385 283
104 112 603 323
104 113 962 20
104 114 255 142
104 115 302 327
104 116 828 265
104 117 616 106
104 118 93 173
104 119 216 163
104 120 982 128
104 121 229 322
105 112 407 20
105 113 438 304
105 114 388 181
105 115 139 271
105 116 172 319
105 117 416 319
105 118 126 186
105 119 688 154
105 120 134 55
105 121 996 47
106 112 480 116
106 113 976 340
106 114 662 252
106 115 369 240
106 116 91 176
106 117 43 117
106 118 290 101
106 119 390 64
106 120 844 159
106 121 666 152
107 112 852 10
107 113 640 292
107 114 889 327
107 115 343 307
107 116 427 301
107 117 896 176
107 118 615 142
107 119 431 208
107 120 219 260
107 121 922 277
108 112 356 147
108 113 389 323
108 114 537 46
108 115 765 187
108 116 553 284
108 117 608 130
108 118 413 82
108 119 587 13
108 120 866 237
108 121 120 352
109 112 293 358
109 113 115 319
109 114 843 99
109 115 446 37
109 116 631 185
109 117 718 171
109 118 111 129
109 119 228 137
109 120 424 24
109 121 922 159
110 112 385 227
110 113 385 152
110 114 343 280
110 115 8 313
110 116 558 150
110 117 15 253
110 118 392 73
110 119 497 26
110 120 235 248
110 121 568 239
111 112 624 296
111 113 980 237
111 114 570 217
111 115 866 168
111 116 649 131
111 117 134 11
111 118 704 16
111 119 222 136
111 120 418 63
111 121 956 28
112 122 592 111
112 123 900 143
112 124 947 212
112 125 979 61
112 126 945 78
112 127 492 349
112 128 30 321
112 129 318 219
112 130 500 131
112 131 200 1
112 139 17523 206
113 122 36 85
113 123 16 40
113 124 335 343
113 125 72 78
113 126 32 53
113 127 636 268
113 128 228 325
113 129 146 71
113 130 468 323
113 131 749 37
113 144 16474 295
114 122 441 284
114 123 154 144
114 124 770 186
114 125 744 206
114 126 691 87
114 127 326 197
114 128 682 227
114 129 672 249
114 130 7 101
114 131 532 94
115 122 606 6
115 123 779 19
115 124 771 228
115 125 123 356
115 126 853 54
115 127 878 135
115 128 674 185
115 129 148 53
115 130 932 94
115 131 471 290
115 150 16534 242
116 122 705 133
116 123 963 156
116 124 660 1
116 125 762 272
116 126 18 56
116 127 640 259
116 128 683 165
116 129 767 12
116 130 2 355
116 131 534 240
116 141 24865 274
117 122 129 264
117 123 385 288
117 124 552 83
117 125 217 166
117 126 606 339
117 127 386 315
117 128 157 350
117 129 264 290
117 130 133 178
117 131 811 172
118 122 565 81
118 123 719 169
118 124 754 292
118 125 649 54
118 126 118 138
118 127 7 345
118 128 405 52
118 129 186 284
118 130 163 265
118 131 584 298
119 122 966 304
119 123 804 3
119 124 278 33
119 125 277 37
119 126 693 7
119 127 548 326
119 128 330 91
119 129 515 130
119 130 34 151
119 131 719 39
120 122 56 8
120 123 932 97
120 124 628 95
120 125 854 184
120 126 670 202
120 127 915 328
120 128 748 144
120 129 144 133
120 130 862 236
120 131 81 315
121 122 746 187
121 123 220 129
121 124 550 270
121 125 755 9
121 126 162 294
121 127 643 9
121 128 935 24
121 129 521 245
121 130 395 1
121 131 676 314
122 132 520 125
122 133 505 223
122 134 518 342
122 135 556 165
122 136 783 51
122 137 978 359
122 138 784 333
122 139 602 321
122 140 468 292
122 141 642 257
122 148 30334 197
123 132 201 271
123 133 133 333
123 134 995 20
123 135 113 33
123 136 332 60
123 137 65 80
123 138 450 131
123 139 882 125
123 140 424 15
123 141 965 132
124 132 994 276
124 133 950 141
124 134 395 328
124 135 437 31
124 136 680 271
124 137 167 50
124 138 919 354
124 139 214 301
124 140 846 180
124 141 814 142
125 132 205 24
125 133 515 211
125 134 334 225
125 135 739 95
125 136 437 330
125 137 109 300
125 138 689 269
125 139 424 186
125 140 31 326
125 141 813 55
126 132 101 273
126 133 361 275
126 134 797 222
126 135 64 292
126 136 657 234
126 137 215 335
126 138 490 214
126 139 414 224
126 140 370 49
126 141 872 100
127 132 419 29
127 133 696 335
127 134 831 34
127 135 601 352
127 136 806 198
127 137 20 100
127 138 869 163
127 139 837 66
127 140 31 152
127 141 833 221
128 132 889 314
128 133 273 247
128 134 763 179
128 135 375 239
128 136 766 89
128 137 500 298
128 138 491 355
128 139 797 112
128 140 627 46
128 141 638 9
129 132 458 359
129 133 190 111
129 134 847 265
129 135 406 49
129 136 90 65
129 137 411 317
129 138 879 188
129 139 113 89
129 140 551 264
129 141 220 18
130 132 725 260
130 133 585 296
130 134 84 56
130 135 650 309
130 136 908 40
130 137 136 24
130 138 977 111
130 139 416 37
130 140 702 352
130 141 583 270
131 132 397 90
131 133 369 36
131 134 90 223
131 135 386 289
131 136 657 89
131 137 243 22
131 138 61 193
131 139 843 78
131 140 228 123
131 141 24 101
132 142 644 271
132 143 672 302
132 144 669 20
132 145 599 119
132 146 395 316
132 147 255 336
132 148 889 299
132 149 111 78
132 150 437 309
132 151 208 30
133 142 540 253
133 143 280 340
133 144 231 98
133 145 559 225
133 146 284 246
133 147 585 128
133 148 862 159
133 149 194 178
133 150 105 23
133 151 577 272
134 142 126 200
134 143 819 130
134 144 382 250
134 145 385 129
134 146 171 288
134 147 973 145
134 148 494 217
134 149 827 230
134 150 499 323
134 151 96 142
135 142 130 320
135 143 495 114
135 144 664 14
135 145 969 138
135 146 670 147
135 147 25 308
135 148 915 150
135 149 390 349
135 150 935 287
135 151 805 159
136 142 867 154
136 143 504 46
136 144 833 290
136 145 590 86
136 146 831 23
136 147 592 292
136 148 234 98
136 149 757 121
136 150 466 283
136 151 615 292
137 142 589 345
137 143 502 268
137 144 535 59
137 145 415 250
137 146 418 186
137 147 435 257
137 148 609 186
137 149 225 55
137 150 957 327
137 151 961 168
138 142 281 192
138 143 317 72
138 144 784 183
138 145 592 201
138 146 519 168
138 147 219 124
138 148 12 105
138 149 567 219
138 150 329 150
138 151 810 162
139 142 841 15
139 143 526 321
139 144 334 27
139 145 242 176
139 146 222 340
139 147 835 331
139 148 917 99
139 149 461 152
139 150 463 133
139 151 633 54
140 142 702 68
140 143 506 192
140 144 60 154
140 145 110 60
140 146 148 149
140 147 695 88
140 148 659 142
140 149 104 258
140 150 150 138
140 151 10 287
141 142 969 163
141 143 174 190
141 144 108 238
141 145 758 163
141 146 329 86
141 147 749 29
141 148 939 9
141 149 331 194
141 150 456 208
141 151 754 114
142 152 127 45
143 152 64 347
144 152 141 74
145 152 441 295
146 152 362 249
147 152 941 90
148 152 613 271
149 152 736 358
150 152 389 157
151 152 578 23
