152 1449 1 152 7 362
1 2 418 247
1 3 11 267
1 4 171 287
1 5 680 271
1 6 223 300
1 7 856 217
1 8 987 4
1 9 890 3
1 10 381 85
1 11 504 153
2 12 853 91
2 13 233 267
2 14 689 221
2 15 464 295
2 16 56 248
2 17 266 362
2 18 778 51
2 19 976 16
2 20 958 107
2 21 339 268
3 12 137 182
3 13 176 346
3 14 83 362
3 15 515 326
3 16 651 98
3 17 514 230
3 18 407 161
3 19 21 305
3 20 313 189
3 21 588 334
3 59 19932 320
3 108 30422 204
4 12 599 127
4 13 46 342
4 14 401 59
4 15 333 325
4 16 417 238
4 17 203 125
4 18 636 155
4 19 246 346
4 20 705 318
4 21 779 84
4 127 28026 282
5 12 513 275
5 13 678 89
5 14 613 178
5 15 889 87
5 16 853 107
5 17 6 253
5 18 359 32
5 19 937 324
5 20 638 15
5 21 111 164
5 74 20037 104
6 12 68 29
6 13 738 201
6 14 686 193
6 15 569 360
6 16 218 217
6 17 279 192
6 18 223 271
6 19 840 329
6 20 722 338
6 21 43 226
7 12 29 9
7 13 292 5
7 14 486 157
7 15 100 62
7 16 583 289
7 17 847 325
7 18 652 226
7 19 859 336
7 20 296 128
7 21 197 191
8 12 1000 211
8 13 470 309
8 14 95 141
8 15 562 345
8 16 49 339
8 17 349 124
8 18 892 344
8 19 912 305
8 20 787 103
8 21 473 318
9 12 519 195
9 13 611 314
9 14 964 130
9 15 967 297
9 16 884 199
9 17 550 148
9 18 708 227
9 19 319 78
9 20 198 315
9 21 723 86
10 12 926 337
10 13 38 51
10 14 648 308
10 15 977 2
10 16 235 38
10 17 570 250
10 18 720 296
10 19 46 218
10 20 896 320
10 21 278 68
11 12 428 50
11 13 502 263
11 14 528 359
11 15 686 302
11 16 933 144
11 17 859 234
11 18 521 207
11 19 817 62
11 20 713 350
11 21 808 167
12 22 783 244
12 23 783 204
12 24 241 43
12 25 474 47
12 26 627 155
12 27 197 206
12 28 707 193
12 29 462 179
12 30 828 319
12 31 127 55
13 22 918 262
13 23 139 353
13 24 305 291
13 25 419 287
13 26 649 247
13 27 305 311
13 28 76 288
13 29 500 341
13 30 718 220
13 31 42 178
14 22 996 139
14 23 782 29
14 24 466 148
14 25 36 341
14 26 508 34
14 27 997 296
14 28 168 102
14 29 267 298
14 30 901 342
14 31 783 214
15 22 704 197
15 23 905 143
15 24 897 37
15 25 924 27
15 26 961 325
15 27 148 93
15 28 468 98
15 29 855 323
15 30 773 45
15 31 179 72
16 22 577 19
16 23 600 306
16 24 770 19
16 25 803 187
16 26 939 251
16 27 343 254
16 28 463 286
16 29 492 342
16 30 242 359
16 31 727 342
16 120 15961 249
16 147 28708 300
17 22 384 232
17 23 267 261
17 24 655 13
17 25 298 107
17 26 606 153
17 27 552 167
17 28 280 295
17 29 574 236
17 30 813 11
17 31 369 67
18 22 124 113
18 23 340 81
18 24 416 133
18 25 988 103
18 26 409 4
18 27 936 135
18 28 213 187
18 29 728 229
18 30 785 105
18 31 552 212
18 150 21586 292
19 22 48 330
19 23 925 33
19 24 317 257
19 25 936 85
19 26 245 2
19 27 612 258
19 28 638 84
19 29 44 273
19 30 587 91
19 31 239 55
20 22 137 246
20 23 295 307
20 24 6 4
20 25 844 299
20 26 908 246
20 27 517 26
20 28 419 128
20 29 42 278
20 30 574 300
20 31 27 51
21 22 151 201
21 23 589 51
21 24 478 62
21 25 314 125
21 26 553 20
21 27 17 113
21 28 297 266
21 29 253 13
21 30 4 312
21 31 172 258
21 83 16330 246
22 32 254 137
22 33 868 278
22 34 969 317
22 35 121 333
22 36 154 131
22 37 859 98
22 38 867 106
22 39 772 237
22 40 242 6
22 41 422 213
23 32 21 85
23 33 633 123
23 34 608 65
23 35 293 237
23 36 503 353
23 37 644 115
23 38 525 278
23 39 38 216
23 40 700 100
23 41 388 111
24 32 884 231
24 33 853 127
24 34 491 221
24 35 138 277
24 36 948 312
24 37 783 82
24 38 232 353
24 39 918 56
24 40 990 293
24 41 684 342
25 32 95 338
25 33 586 165
25 34 587 231
25 35 818 305
25 36 41 4
25 37 905 64
25 38 406 351
25 39 851 182
25 40 86 250
25 41 617 228
25 98 17139 134
26 32 534 133
26 33 646 11
26 34 686 223
26 35 307 204
26 36 715 40
26 37 247 212
26 38 719 245
26 39 340 98
26 40 272 279
26 41 508 201
26 84 20587 68
27 32 954 123
27 33 534 109
27 34 977 167
27 35 497 263
27 36 857 165
27 37 453 261
27 38 919 217
27 39 595 100
27 40 724 285
27 41 929 222
28 32 857 27
28 33 384 87
28 34 147 308
28 35 241 93
28 36 984 34
28 37 961 298
28 38 983 19
28 39 139 154
28 40 512 119
28 41 985 346
29 32 959 85
29 33 988 255
29 34 672 245
29 35 187 349
29 36 918 146
29 37 32 167
29 38 62 108
29 39 750 29
29 40 684 191
29 41 352 236
30 32 847 273
30 33 459 115
30 34 118 18
30 35 182 290
30 36 304 133
30 37 451 107
30 38 747 126
30 39 989 35
30 40 169 46
30 41 465 122
31 32 650 326
31 33 754 216
31 34 460 220
31 35 458 248
31 36 236 78
31 37 754 292
31 38 508 6
31 39 603 134
31 40 651 153
31 41 327 180
32 42 974 199
32 43 768 81
32 44 685 121
32 45 796 92
32 46 606 163
32 47 628 235
32 48 175 123
32 49 108 337
32 50 129 243
32 51 485 252
32 108 19445 329
33 42 243 362
33 43 349 49
33 44 647 143
33 45 953 178
33 46 260 48
33 47 467 321
33 48 448 149
33 49 99 296
33 50 845 235
33 51 117 317
33 81 25117 50
34 42 77 210
34 43 483 165
34 44 998 248
34 45 795 249
34 46 542 187
34 47 948 13
34 48 519 287
34 49 279 305
34 50 657 223
34 51 218 65
35 42 522 147
35 43 576 182
35 44 621 36
35 45 641 169
35 46 582 97
35 47 58 204
35 48 558 189
35 49 791 33
35 50 622 101
35 51 437 173
36 42 653 285
36 43 695 237
36 44 794 67
36 45 658 226
36 46 851 331
36 47 545 296
36 48 994 66
36 49 677 220
36 50 430 134
36 51 356 290
37 42 432 343
37 43 654 152
37 44 795 83
37 45 696 85
37 46 678 244
37 47 845 184
37 48 780 286
37 49 878 268
37 50 413 132
37 51 859 87
38 42 143 271
38 43 737 64
38 44 53 324
38 45 588 21
38 46 935 47
38 47 782 172
38 48 704 180
38 49 926 81
38 50 502 123
38 51 383 103
38 92 20944 249
39 42 216 199
39 43 969 67
39 44 715 108
39 45 977 98
39 46 674 245
39 47 356 249
39 48 679 310
39 49 609 104
39 50 167 29
39 51 443 267
40 42 917 252
40 43 576 341
40 44 216 338
40 45 869 35
40 46 546 301
40 47 223 330
40 48 991 119
40 49 354 280
40 50 966 80
40 51 187 248
41 42 565 231
41 43 971 340
41 44 657 260
41 45 910 86
41 46 980 27
41 47 947 131
41 48 311 174
41 49 255 141
41 50 178 58
41 51 217 221
42 52 570 159
42 53 676 49
42 54 884 127
42 55 407 343
42 56 377 74
42 57 279 50
42 58 110 95
42 59 197 245
42 60 35 135
42 61 784 162
43 52 193 343
43 53 321 120
43 54 719 133
43 55 377 57
43 56 628 202
43 57 63 172
43 58 423 343
43 59 241 270
43 60 633 39
43 61 673 274
44 52 944 290
44 53 382 191
44 54 857 136
44 55 752 171
44 56 411 236
44 57 833 283
44 58 96 122
44 59 377 123
44 60 947 44
44 61 766 78
45 52 304 91
45 53 979 343
45 54 217 120
45 55 860 215
45 56 75 348
45 57 119 99
45 58 767 304
45 59 610 123
45 60 703 18
45 61 653 235
46 52 649 72
46 53 839 308
46 54 54 178
46 55 452 214
46 56 309 69
46 57 87 112
46 58 848 62
46 59 664 190
46 60 256 37
46 61 720 280
47 52 486 302
47 53 90 12
47 54 504 123
47 55 584 46
47 56 764 111
47 57 755 40
47 58 935 34
47 59 710 235
47 60 919 342
47 61 626 218
48 52 416 193
48 53 790 335
48 54 772 130
48 55 658 165
48 56 494 217
48 57 825 8
48 58 45 307
48 59 985 82
48 60 996 16
48 61 82 186
49 52 453 265
49 53 841 213
49 54 978 357
49 55 88 153
49 56 698 65
49 57 106 2
49 58 919 93
49 59 450 113
49 60 995 199
49 61 850 178
50 52 895 314
50 53 34 119
50 54 549 329
50 55 800 263
50 56 969 111
50 57 276 259
50 58 560 104
50 59 59 16
50 60 98 257
50 61 434 14
51 52 825 233
51 53 340 187
51 54 541 266
51 55 887 88
51 56 971 192
51 57 875 30
51 58 664 247
51 59 584 314
51 60 445 131
51 61 627 281
52 62 578 344
52 63 977 350
52 64 783 317
52 65 466 146
52 66 512 213
52 67 320 133
52 68 195 299
52 69 343 23
52 70 665 292
52 71 659 323
53 62 522 129
53 63 655 13
53 64 410 134
53 65 742 358
53 66 135 37
53 67 726 8
53 68 556 250
53 69 883 209
53 70 481 132
53 71 856 119
54 62 709 178
54 63 2 75
54 64 406 133
54 65 280 185
54 66 547 301
54 67 299 362
54 68 404 65
54 69 937 312
54 70 125 183
54 71 587 37
55 62 550 269
55 63 964 184
55 64 339 348
55 65 733 113
55 66 795 281
55 67 576 279
55 68 65 103
55 69 117 212
55 70 182 20
55 71 392 340
55 81 29309 39
56 62 119 78
56 63 101 305
56 64 164 257
56 65 982 327
56 66 359 66
56 67 667 12
56 68 643 84
56 69 384 278
56 70 19 69
56 71 797 314
57 62 654 317
57 63 259 89
57 64 542 136
57 65 872 343
57 66 168 104
57 67 389 199
57 68 182 123
57 69 812 213
57 70 267 127
57 71 95 105
57 120 28557 229
58 62 458 280
58 63 929 255
58 64 756 292
58 65 199 163
58 66 494 167
58 67 412 70
58 68 839 282
58 69 981 100
58 70 588 142
58 71 874 179
59 62 256 11
59 63 28 218
59 64 71 168
59 65 648 291
59 66 294 211
59 67 338 312
59 68 39 318
59 69 172 79
59 70 369 49
59 71 561 115
59 94 24882 273
60 62 298 23
60 63 782 333
60 64 843 231
60 65 661 55
60 66 539 229
60 67 195 336
60 68 65 55
60 69 686 18
60 70 513 103
60 71 164 297
61 62 910 359
61 63 377 317
61 64 973 160
61 65 622 285
61 66 353 171
61 67 652 126
61 68 934 253
61 69 835 215
61 70 43 242
61 71 216 1
61 139 25357 166
62 72 727 189
62 73 304 305
62 74 452 16
62 75 376 335
62 76 71 25
62 77 64 268
62 78 150 244
62 79 1 360
62 80 444 129
62 81 363 347
63 72 498 255
63 73 835 326
63 74 576 342
63 75 1 273
63 76 696 356
63 77 860 53
63 78 392 12
63 79 913 61
63 80 349 302
63 81 24 344
64 72 49 220
64 73 52 300
64 74 706 95
64 75 733 15
64 76 928 257
64 77 197 216
64 78 201 253
64 79 311 322
64 80 77 223
64 81 486 218
65 72 174 183
65 73 9 301
65 74 553 198
65 75 435 108
65 76 336 231
65 77 611 158
65 78 660 42
65 79 224 190
65 80 331 163
65 81 496 46
65 97 29297 120
66 72 385 317
66 73 361 76
66 74 782 217
66 75 781 16
66 76 925 319
66 77 571 211
66 78 99 194
66 79 538 157
66 80 800 2
66 81 730 207
67 72 107 293
67 73 175 54
67 74 445 80
67 75 707 336
67 76 436 155
67 77 699 30
67 78 386 58
67 79 784 331
67 80 746 321
67 81 837 58
67 93 28925 175
68 72 656 345
68 73 879 25
68 74 558 137
68 75 216 118
68 76 588 37
68 77 964 180
68 78 875 216
68 79 852 282
68 80 335 258
68 81 640 102
69 72 504 332
69 73 108 73
69 74 624 24
69 75 602 126
69 76 1 198
69 77 69 294
69 78 843 285
69 79 529 174
69 80 458 187
69 81 906 126
70 72 677 80
70 73 543 123
70 74 728 97
70 75 247 3
70 76 274 346
70 77 985 198
70 78 951 167
70 79 380 82
70 80 190 13
70 81 343 269
71 72 905 166
71 73 650 317
71 74 919 25
71 75 104 360
71 76 240 161
71 77 236 127
71 78 472 326
71 79 350 120
71 80 162 316
71 81 866 331
72 82 298 237
72 83 774 238
72 84 105 10
72 85 813 43
72 86 60 303
72 87 359 5
72 88 310 123
72 89 463 216
72 90 274 196
72 91 680 139
73 82 368 251
73 83 394 136
73 84 618 347
73 85 66 21
73 86 50 272
73 87 729 125
73 88 763 329
73 89 941 298
73 90 187 93
73 91 450 344
73 95 30484 215
73 126 16427 309
74 82 961 106
74 83 812 138
74 84 936 269
74 85 568 31
74 86 878 52
74 87 294 268
74 88 587 292
74 89 152 222
74 90 755 315
74 91 358 208
75 82 862 38
75 83 597 304
75 84 879 24
75 85 482 1
75 86 799 315
75 87 586 244
75 88 29 262
75 89 65 200
75 90 415 168
75 91 757 86
75 145 22828 335
76 82 217 13
76 83 98 99
76 84 110 305
76 85 648 193
76 86 424 4
76 87 976 272
76 88 580 3
76 89 202 82
76 90 857 270
76 91 148 78
77 82 186 58
77 83 473 165
77 84 417 126
77 85 924 250
77 86 206 311
77 87 857 136
77 88 237 90
77 89 421 241
77 90 755 107
77 91 208 292
78 82 145 276
78 83 455 155
78 84 751 94
78 85 528 17
78 86 952 350
78 87 90 11
78 88 450 57
78 89 184 289
78 90 726 122
78 91 152 352
78 95 29160 81
79 82 342 167
79 83 188 51
79 84 90 62
79 85 380 21
79 86 992 182
79 87 972 143
79 88 709 355
79 89 558 248
79 90 148 179
79 91 780 196
80 82 570 29
80 83 971 54
80 84 625 251
80 85 475 212
80 86 39 219
80 87 487 149
80 88 184 271
80 89 709 91
80 90 495 335
80 91 691 57
80 117 19992 17
81 82 315 296
81 83 884 144
81 84 357 48
81 85 330 260
81 86 171 223
81 87 347 313
81 88 183 89
81 89 648 12
81 90 381 256
81 91 124 318
82 92 717 256
82 93 946 345
82 94 322 38
82 95 217 176
82 96 939 169
82 97 167 241
82 98 669 247
82 99 422 260
82 100 89 353
82 101 270 199
83 92 484 49
83 93 134 101
83 94 648 156
83 95 895 237
83 96 763 297
83 97 593 104
83 98 15 6
83 99 438 225
83 100 777 216
83 101 796 131
84 92 59 260
84 93 896 333
84 94 871 342
84 95 833 177
84 96 413 246
84 97 911 88
84 98 314 271
84 99 86 55
84 100 652 99
84 101 686 119
85 92 197 256
85 93 101 143
85 94 811 124
85 95 440 214
85 96 409 189
85 97 653 140
85 98 605 76
85 99 959 120
85 100 180 112
85 101 262 253
86 92 173 30
86 93 342 246
86 94 793 87
86 95 988 196
86 96 896 223
86 97 216 247
86 98 150 355
86 99 480 215
86 100 319 247
86 101 596 337
87 92 389 40
87 93 21 69
87 94 992 60
87 95 195 240
87 96 444 345
87 97 8 153
87 98 70 100
87 99 579 154
87 100 669 333
87 101 432 164
88 92 418 295
88 93 676 311
88 94 139 27
88 95 353 362
88 96 369 50
88 97 71 31
88 98 526 348
88 99 160 63
88 100 752 235
88 101 659 243
89 92 909 326
89 93 406 324
89 94 568 5
89 95 163 226
89 96 421 46
89 97 490 301
89 98 450 289
89 99 498 361
89 100 211 13
89 101 407 144
90 92 124 273
90 93 777 188
90 94 925 84
90 95 801 24
90 96 173 75
90 97 423 311
90 98 736 68
90 99 905 340
90 100 66 62
90 101 550 157
91 92 655 54
91 93 446 66
91 94 939 223
91 95 661 39
91 96 42 85
91 97 955 296
91 98 64 144
91 99 606 304
91 100 70 301
91 101 68 230
92 102 584 244
92 103 554 105
92 104 821 302
92 105 522 165
92 106 436 55
92 107 560 183
92 108 691 104
92 109 860 249
92 110 899 67
92 111 799 181
93 102 435 93
93 103 144 179
93 104 323 212
93 105 71 263
93 106 88 294
93 107 58 212
93 108 112 58
93 109 33 336
93 110 169 54
93 111 58 303
94 102 299 353
94 103 252 343
94 104 77 248
94 105 886 4
94 106 780 354
94 107 291 326
94 108 241 18
94 109 525 132
94 110 990 100
94 111 161 198
95 102 980 68
95 103 558 180
95 104 701 335
95 105 565 81
95 106 322 292
95 107 194 111
95 108 998 170
95 109 629 215
95 110 303 354
95 111 386 356
96 102 730 44
96 103 943 210
96 104 919 230
96 105 869 166
96 106 657 361
96 107 156 245
96 108 722 51
96 109 313 296
96 110 819 16
96 111 404 341
97 102 634 239
97 103 804 27
97 104 975 7
97 105 67 277
97 106 639 190
97 107 75 128
97 108 189 216
97 109 474 97
97 110 877 49
97 111 303 332
97 132 19279 262
98 102 257 22
98 103 16 216
98 104 874 268
98 105 29 310
98 106 832 233
98 107 454 192
98 108 707 119
98 109 779 18
98 110 314 105
98 111 58 37
99 102 578 330
99 103 102 242
99 104 764 4
99 105 635 151
99 106 147 31
99 107 173 248
99 108 237 360
99 109 699 15
99 110 916 126
99 111 117 225
100 102 144 263
100 103 216 13
100 104 185 287
100 105 748 21
100 106 475 82
100 107 379 349
100 108 834 320
100 109 136 259
100 110 99 90
100 111 697 31
101 102 703 312
101 103 669 174
101 104 671 180
101 105 926 301
101 106 909 6
101 107 977 11
101 108 502 238
101 109 17 305
101 110 218 179
101 111 368 54
102 112 928 148
102 113 48 5
102 114 89 265
102 115 569 359
102 116 898 209
102 117 541 92
102 118 223 297
102 119 111 46
102 120 653 60
102 121 705 250
103 112 485 176
103 113 544 263
103 114 558 83
103 115 798 190
103 116 973 332
103 117 14 171
103 118 533 55
103 119 39 127
103 120 321 256
103 121 626 159
104 112 314 300
104 113 464 232
104 114 442 101
104 115 648 144
104 116 639 319
104 117 647 201
104 118 879 253
104 119 669 215
104 120 702 234
104 121 180 32
105 112 620 278
105 113 485 67
105 114 45 139
105 115 497 101
105 116 105 69
105 117 51 357
105 118 906 287
105 119 6 24
105 120 126 42
105 121 50 134
105 149 18499 29
106 112 892 38
106 113 602 111
106 114 650 352
106 115 486 16
106 116 188 200
106 117 443 24
106 118 390 25
106 119 71 262
106 120 826 122
106 121 721 49
107 112 26 362
107 113 794 3
107 114 554 330
107 115 491 209
107 116 827 25
107 117 430 24
107 118 490 340
107 119 109 226
107 120 182 205
107 121 199 314
108 112 136 353
108 113 915 320
108 114 436 74
108 115 212 194
108 116 371 12
108 117 975 152
108 118 361 348
108 119 126 316
108 120 540 198
108 121 95 227
109 112 954 25
109 113 521 68
109 114 4 48
109 115 134 232
109 116 660 179
109 117 513 88
109 118 474 183
109 119 619 95
109 120 789 206
109 121 957 256
110 112 63 189
110 113 53 75
110 114 401 168
110 115 939 9
110 116 962 341
110 117 992 288
110 118 467 102
110 119 399 105
110 120 991 28
110 121 921 200
111 112 564 347
111 113 998 138
111 114 580 254
111 115 922 100
111 116 660 168
111 117 932 304
111 118 999 267
111 119 921 209
111 120 954 127
111 121 366 92
112 122 556 56
112 123 294 305
112 124 583 222
112 125 770 288
112 126 101 195
112 127 915 48
112 128 525 7
112 129 386 191
112 130 629 250
112 131 808 234
112 135 16395 115
113 122 793 54
113 123 600 209
113 124 824 195
113 125 731 180
113 126 390 179
113 127 577 123
113 128 722 214
113 129 511 290
113 130 278 4
113 131 269 71
113 147 29256 3
114 122 873 279
114 123 691 187
114 124 411 234
114 125 286 150
114 126 679 316
114 127 120 192
114 128 329 167
114 129 505 315
114 130 603 107
114 131 44 270
115 122 875 285
115 123 299 219
115 124 950 297
115 125 420 296
115 126 973 133
115 127 334 233
115 128 436 142
115 129 996 344
115 130 290 48
115 131 974 89
116 122 196 60
116 123 412 345
116 124 872 172
116 125 247 346
116 126 232 284
116 127 527 115
116 128 108 157
116 129 814 101
116 130 500 6
116 131 479 263
117 122 154 242
117 123 702 17
117 124 524 30
117 125 921 119
117 126 546 110
117 127 929 49
117 128 965 145
117 129 418 255
117 130 223 197
117 131 330 40
118 122 639 320
118 123 163 149
118 124 810 93
118 125 513 351
118 126 916 308
118 127 845 21
118 128 643 31
118 129 674 262
118 130 424 12
118 131 842 14
119 122 848 7
119 123 392 276
119 124 135 110
119 125 26 163
119 126 465 147
119 127 784 197
119 128 653 149
119 129 827 43
119 130 842 272
119 131 789 94
120 122 438 187
120 123 218 134
120 124 785 19
120 125 328 98
120 126 235 144
120 127 869 326
120 128 938 70
120 129 353 355
120 130 517 165
120 131 646 179
121 122 846 255
121 123 465 47
121 124 401 361
121 125 9 272
121 126 34 330
121 127 144 18
121 128 41 71
121 129 795 235
121 130 991 320
121 131 457 304
121 148 15830 45
122 132 23 230
122 133 839 310
122 134 508 118
122 135 984 163
122 136 475 100
122 137 563 105
122 138 508 216
122 139 704 193
122 140 175 341
122 141 698 101
123 132 459 141
123 133 973 358
123 134 690 41
123 135 709 343
123 136 569 339
123 137 157 301
123 138 890 44
123 139 116 269
123 140 716 127
123 141 323 226
124 132 685 197
124 133 350 68
124 134 230 361
124 135 973 335
124 136 197 246
124 137 656 235
124 138 14 305
124 139 557 108
124 140 405 106
124 141 462 214
125 132 266 273
125 133 957 342
125 134 262 191
125 135 333 75
125 136 232 344
125 137 51 143
125 138 615 237
125 139 782 108
125 140 792 282
125 141 613 131
126 132 283 6
126 133 759 76
126 134 66 96
126 135 514 171
126 136 928 256
126 137 430 75
126 138 432 159
126 139 707 287
126 140 720 105
126 141 448 17
127 132 939 241
127 133 707 55
127 134 945 286
127 135 574 80
127 136 470 322
127 137 641 256
127 138 927 298
127 139 538 229
127 140 151 35
127 141 503 53
128 132 819 44
128 133 645 285
128 134 863 248
128 135 641 16
128 136 676 34
128 137 298 35
128 138 897 4
128 139 680 8
128 140 746 110
128 141 324 87
129 132 71 168
129 133 196 294
129 134 15 143
129 135 902 243
129 136 333 13
129 137 211 190
129 138 220 254
129 139 270 33
129 140 486 75
129 141 862 58
130 132 8 1
130 133 103 208
130 134 477 38
130 135 932 142
130 136 319 342
130 137 911 183
130 138 440 258
130 139 626 130
130 140 892 347
130 141 157 240
131 132 96 350
131 133 633 134
131 134 754 248
131 135 699 185
131 136 222 185
131 137 447 314
131 138 473 1
131 139 986 112
131 140 58 98
131 141 329 66
132 142 940 180
132 143 706 339
132 144 92 120
132 145 919 356
132 146 471 176
132 147 939 313
132 148 522 221
132 149 72 187
132 150 838 129
132 151 900 165
133 142 93 148
133 143 494 119
133 144 206 267
133 145 113 33
133 146 198 56
133 147 154 217
133 148 5 302
133 149 295 258
133 150 496 41
133 151 668 358
134 142 635 99
134 143 509 52
134 144 255 262
134 145 202 179
134 146 577 32
134 147 745 95
134 148 102 182
134 149 881 24
134 150 653 276
134 151 65 330
135 142 439 270
135 143 672 239
135 144 88 246
135 145 280 258
135 146 20 319
135 147 164 82
135 148 398 128
135 149 623 354
135 150 14 187
135 151 774 171
136 142 603 31
136 143 448 78
136 144 563 13
136 145 430 174
136 146 516 321
136 147 331 360
136 148 276 318
136 149 373 327
136 150 749 327
136 151 256 158
137 142 953 331
137 143 871 117
137 144 205 335
137 145 578 298
137 146 703 95
137 147 856 362
137 148 623 203
137 149 758 118
137 150 626 289
137 151 407 234
138 142 696 30
138 143 468 355
138 144 511 40
138 145 268 124
138 146 902 57
138 147 405 202
138 148 912 337
138 149 335 152
138 150 74 276
138 151 430 234
139 142 622 181
139 143 320 332
139 144 41 102
139 145 921 1
139 146 954 306
139 147 977 330
139 148 330 69
139 149 381 163
139 150 236 136
139 151 207 2
140 142 432 48
140 143 943 107
140 144 171 254
140 145 486 149
140 146 136 150
140 147 446 198
140 148 71 4
140 149 282 190
140 150 14 189
140 151 420 49
141 142 978 18
141 143 655 177
141 144 511 205
141 145 296 110
141 146 107 267
141 147 753 280
141 148 971 345
141 149 593 264
141 150 74 283
141 151 791 234
142 152 285 34
143 152 515 30
144 152 403 138
145 152 515 64
146 152 269 330
147 152 336 75
148 152 432 105
149 152 585 191
150 152 342 300
151 152 457 89
