152 1438 1 152 7 360
1 2 318 33
1 3 508 205
1 4 923 36
1 5 491 123
1 6 113 102
1 7 366 147
1 8 995 90
1 9 855 269
1 10 20 298
1 11 403 27
2 12 17 130
2 13 48 24
2 14 466 352
2 15 71 137
2 16 181 166
2 17 3 195
2 18 212 175
2 19 661 212
2 20 118 316
2 21 965 9
3 12 798 171
3 13 257 120
3 14 557 56
3 15 62 257
3 16 354 87
3 17 638 82
3 18 765 59
3 19 47 103
3 20 294 274
3 21 826 56
4 12 549 8
4 13 848 304
4 14 672 250
4 15 731 175
4 16 112 255
4 17 433 213
4 18 619 312
4 19 137 331
4 20 91 293
4 21 285 139
5 12 895 284
5 13 529 355
5 14 333 216
5 15 308 82
5 16 241 48
5 17 527 246
5 18 130 265
5 19 481 16
5 20 639 106
5 21 681 236
6 12 878 35
6 13 737 331
6 14 185 209
6 15 520 349
6 16 54 286
6 17 277 196
6 18 632 331
6 19 85 344
6 20 72 237
6 21 23 325
7 12 340 18
7 13 770 264
7 14 202 307
7 15 419 226
7 16 787 87
7 17 841 100
7 18 410 65
7 19 540 210
7 20 836 152
7 21 458 178
8 12 101 259
8 13 603 193
8 14 603 147
8 15 757 83
8 16 664 87
8 17 716 118
8 18 738 156
8 19 146 54
8 20 422 80
8 21 132 295
8 29 21623 345
9 12 660 173
9 13 640 254
9 14 864 153
9 15 893 169
9 16 952 264
9 17 337 157
9 18 231 158
9 19 572 131
9 20 303 188
9 21 83 155
10 12 435 252
10 13 215 218
10 14 140 341
10 15 798 190
10 16 336 87
10 17 472 23
10 18 456 260
10 19 876 328
10 20 80 229
10 21 206 151
11 12 956 58
11 13 248 135
11 14 215 194
11 15 142 310
11 16 350 26
11 17 322 70
11 18 405 286
11 19 130 7
11 20 514 320
11 21 592 256
12 22 170 71
12 23 652 270
12 24 797 32
12 25 107 60
12 26 921 332
12 27 393 124
12 28 447 175
12 29 347 267
12 30 74 56
12 31 444 309
13 22 536 284
13 23 62 312
13 24 280 193
13 25 79 47
13 26 838 304
13 27 604 259
13 28 403 311
13 29 980 18
13 30 495 221
13 31 527 195
14 22 791 360
14 23 299 54
14 24 660 336
14 25 756 353
14 26 197 87
14 27 913 334
14 28 123 320
14 29 882 311
14 30 521 254
14 31 826 251
15 22 308 111
15 23 472 165
15 24 504 74
15 25 384 343
15 26 546 199
15 27 802 158
15 28 798 345
15 29 132 120
15 30 994 55
15 31 875 270
15 109 28297 123
16 22 53 146
16 23 679 344
16 24 675 84
16 25 488 160
16 26 309 49
16 27 916 61
16 28 826 347
16 29 419 282
16 30 241 32
16 31 857 289
17 22 641 169
17 23 146 26
17 24 419 12
17 25 744 137
17 26 183 354
17 27 294 77
17 28 45 217
17 29 164 55
17 30 675 299
17 31 257 175
17 119 27773 32
18 22 929 359
18 23 516 230
18 24 83 91
18 25 395 329
18 26 720 62
18 27 7 319
18 28 85 271
18 29 368 347
18 30 276 262
18 31 812 311
19 22 175 331
19 23 916 311
19 24 944 155
19 25 256 243
19 26 72 12
19 27 387 291
19 28 383 247
19 29 197 140
19 30 958 304
19 31 629 59
20 22 206 275
20 23 781 153
20 24 382 32
20 25 608 120
20 26 878 197
20 27 117 299
20 28 979 41
20 29 568 45
20 30 1000 205
20 31 188 127
21 22 952 220
21 23 60 342
21 24 520 20
21 25 779 315
21 26 236 15
21 27 842 13
21 28 855 89
21 29 386 111
21 30 604 295
21 31 390 349
22 32 263 132
22 33 449 150
22 34 308 69
22 35 210 341
22 36 201 186
22 37 307 81
22 38 111 62
22 39 946 34
22 40 961 88
22 41 178 178
22 93 21496 79
23 32 56 126
23 33 42 65
23 34 769 156
23 35 35 238
23 36 899 137
23 37 575 342
23 38 463 170
23 39 362 235
23 40 782 333
23 41 270 331
23 74 28994 44
24 32 572 221
24 33 921 259
24 34 416 300
24 35 598 190
24 36 408 199
24 37 622 270
24 38 281 346
24 39 891 101
24 40 670 18
24 41 298 236
25 32 985 12
25 33 411 272
25 34 696 102
25 35 371 146
25 36 234 127
25 37 422 256
25 38 122 65
25 39 974 298
25 40 491 330
25 41 290 225
26 32 625 230
26 33 170 172
26 34 641 66
26 35 201 161
26 36 936 149
26 37 538 64
26 38 865 261
26 39 420 300
26 40 990 132
26 41 710 220
27 32 223 270
27 33 262 302
27 34 890 165
27 35 37 267
27 36 26 126
27 37 577 192
27 38 822 44
27 39 207 358
27 40 460 190
27 41 377 275
27 108 17788 290
28 32 286 307
28 33 617 243
28 34 507 316
28 35 534 199
28 36 266 211
28 37 591 266
28 38 877 83
28 39 349 240
28 40 716 256
28 41 531 146
29 32 181 88
29 33 653 298
29 34 479 72
29 35 539 109
29 36 881 257
29 37 395 4
29 38 512 84
29 39 163 265
29 40 253 100
29 41 879 95
30 32 38 28
30 33 270 279
30 34 798 337
30 35 397 140
30 36 26 232
30 37 445 214
30 38 737 219
30 39 897 59
30 40 526 93
30 41 98 152
31 32 105 50
31 33 789 277
31 34 80 109
31 35 93 358
31 36 131 55
31 37 549 281
31 38 440 129
31 39 307 139
31 40 864 31
31 41 773 43
32 42 183 260
32 43 519 268
32 44 605 45
32 45 314 110
32 46 659 197
32 47 910 216
32 48 16 180
32 49 893 171
32 50 800 1
32 51 1 53
33 42 500 66
33 43 788 223
33 44 44 239
33 45 835 124
33 46 456 197
33 47 836 12
33 48 125 27
33 49 502 191
33 50 447 94
33 51 501 354
34 42 289 278
34 43 100 190
34 44 907 157
34 45 992 31
34 46 880 170
34 47 822 43
34 48 399 95
34 49 669 356
34 50 556 72
34 51 717 296
34 57 27169 351
34 93 27794 185
35 42 198 264
35 43 187 135
35 44 889 201
35 45 136 17
35 46 9 71
35 47 770 266
35 48 739 77
35 49 488 325
35 50 645 108
35 51 178 9
36 42 84 262
36 43 433 194
36 44 373 289
36 45 528 219
36 46 839 275
36 47 472 116
36 48 1000 88
36 49 753 301
36 50 821 13
36 51 740 208
37 42 445 197
37 43 997 281
37 44 437 73
37 45 361 77
37 46 251 319
37 47 879 338
37 48 181 321
37 49 429 108
37 50 186 261
37 51 560 120
38 42 461 20
38 43 562 2
38 44 299 224
38 45 52 89
38 46 243 37
38 47 770 258
38 48 448 154
38 49 179 287
38 50 109 86
38 51 585 353
39 42 88 238
39 43 917 88
39 44 192 236
39 45 421 341
39 46 334 141
39 47 256 51
39 48 999 72
39 49 661 317
39 50 175 295
39 51 118 273
39 76 17471 58
40 42 104 227
40 43 169 307
40 44 975 122
40 45 533 149
40 46 648 185
40 47 264 207
40 48 994 35
40 49 737 266
40 50 40 172
40 51 749 186
41 42 345 136
41 43 98 228
41 44 514 284
41 45 886 115
41 46 421 75
41 47 464 151
41 48 482 79
41 49 277 332
41 50 295 355
41 51 20 220
42 52 945 331
42 53 146 46
42 54 516 222
42 55 66 57
42 56 880 295
42 57 510 37
42 58 29 166
42 59 870 150
42 60 102 264
42 61 585 61
43 52 354 115
43 53 450 312
43 54 785 105
43 55 37 165
43 56 984 221
43 57 21 141
43 58 101 312
43 59 265 39
43 60 523 1
43 61 838 104
44 52 296 49
44 53 512 171
44 54 198 48
44 55 768 283
44 56 326 264
44 57 432 74
44 58 810 23
44 59 820 28
44 60 680 292
44 61 231 319
45 52 166 3
45 53 551 127
45 54 124 13
45 55 390 195
45 56 908 64
45 57 44 168
45 58 413 309
45 59 824 46
45 60 237 123
45 61 92 254
46 52 881 95
46 53 504 12
46 54 536 181
46 55 931 314
46 56 174 222
46 57 794 49
46 58 120 209
46 59 782 224
46 60 578 343
46 61 992 124
46 140 25568 290
47 52 108 128
47 53 366 304
47 54 224 134
47 55 700 266
47 56 858 324
47 57 344 111
47 58 793 253
47 59 23 83
47 60 479 283
47 61 97 123
48 52 899 137
48 53 610 196
48 54 765 249
48 55 347 116
48 56 603 356
48 57 923 9
48 58 311 27
48 59 427 211
48 60 349 147
48 61 981 96
49 52 946 95
49 53 22 70
49 54 432 355
49 55 782 241
49 56 967 59
49 57 975 327
49 58 978 176
49 59 184 10
49 60 961 67
49 61 965 120
49 121 24391 269
50 52 741 81
50 53 928 102
50 54 571 254
50 55 991 40
50 56 253 145
50 57 238 144
50 58 650 299
50 59 363 332
50 60 761 287
50 61 334 280
51 52 546 268
51 53 957 27
51 54 844 289
51 55 636 174
51 56 173 138
51 57 952 91
51 58 126 186
51 59 829 295
51 60 576 344
51 61 886 275
52 62 683 294
52 63 439 24
52 64 77 136
52 65 351 97
52 66 163 142
52 67 43 119
52 68 509 266
52 69 247 94
52 70 634 50
52 71 213 15
53 62 169 169
53 63 897 40
53 64 946 302
53 65 665 263
53 66 557 247
53 67 916 209
53 68 172 223
53 69 173 261
53 70 288 304
53 71 377 321
54 62 78 217
54 63 735 359
54 64 498 14
54 65 782 121
54 66 294 342
54 67 414 309
54 68 11 51
54 69 195 43
54 70 818 253
54 71 236 264
55 62 352 157
55 63 74 190
55 64 998 187
55 65 42 324
55 66 120 331
55 67 450 21
55 68 750 135
55 69 896 143
55 70 668 94
55 71 802 213
56 62 550 272
56 63 354 204
56 64 326 150
56 65 779 42
56 66 765 110
56 67 137 48
56 68 295 31
56 69 496 25
56 70 314 133
56 71 907 268
57 62 830 5
57 63 448 305
57 64 696 274
57 65 347 268
57 66 124 273
57 67 568 334
57 68 404 188
57 69 277 73
57 70 496 360
57 71 94 119
58 62 324 185
58 63 70 301
58 64 789 103
58 65 185 190
58 66 221 74
58 67 202 111
58 68 287 209
58 69 731 245
58 70 320 195
58 71 641 55
59 62 23 10
59 63 189 101
59 64 97 47
59 65 258 313
59 66 500 75
59 67 532 321
59 68 880 301
59 69 211 97
59 70 879 109
59 71 954 317
60 62 787 187
60 63 770 201
60 64 80 30
60 65 521 222
60 66 309 102
60 67 760 338
60 68 495 101
60 69 304 181
60 70 673 301
60 71 339 182
61 62 982 139
61 63 107 111
61 64 96 14
61 65 898 96
61 66 526 141
61 67 877 70
61 68 284 229
61 69 774 2
61 70 368 271
61 71 645 279
62 72 692 196
62 73 218 62
62 74 72 185
62 75 73 297
62 76 515 15
62 77 482 227
62 78 215 325
62 79 81 287
62 80 591 154
62 81 282 51
63 72 65 95
63 73 719 18
63 74 568 264
63 75 497 226
63 76 20 12
63 77 144 269
63 78 700 148
63 79 569 346
63 80 89 203
63 81 188 33
64 72 768 300
64 73 571 201
64 74 246 85
64 75 380 331
64 76 278 229
64 77 977 122
64 78 915 61
64 79 122 226
64 80 713 165
64 81 18 78
65 72 163 225
65 73 552 287
65 74 960 109
65 75 100 99
65 76 848 130
65 77 776 74
65 78 49 294
65 79 60 232
65 80 105 60
65 81 510 110
66 72 865 345
66 73 657 140
66 74 735 222
66 75 702 248
66 76 477 235
66 77 151 245
66 78 820 322
66 79 408 150
66 80 845 218
66 81 563 85
66 107 22689 47
67 72 414 156
67 73 968 124
67 74 148 207
67 75 877 244
67 76 914 326
67 77 112 128
67 78 258 160
67 79 361 80
67 80 390 5
67 81 916 135
68 72 938 250
68 73 683 327
68 74 778 107
68 75 209 15
68 76 575 89
68 77 969 196
68 78 857 37
68 79 288 201
68 80 42 100
68 81 842 193
69 72 481 34
69 73 924 35
69 74 301 221
69 75 368 329
69 76 665 277
69 77 818 123
69 78 550 231
69 79 598 286
69 80 109 78
69 81 62 94
70 72 428 63
70 73 374 244
70 74 978 20
70 75 808 255
70 76 673 225
70 77 199 40
70 78 32 79
70 79 218 46
70 80 830 42
70 81 281 42
71 72 359 162
71 73 610 33
71 74 672 174
71 75 819 30
71 76 717 208
71 77 175 276
71 78 880 50
71 79 211 245
71 80 712 346
71 81 362 273
72 82 249 288
72 83 431 359
72 84 182 154
72 85 897 340
72 86 204 184
72 87 274 171
72 88 812 280
72 89 657 244
72 90 228 245
72 91 515 96
73 82 843 137
73 83 327 232
73 84 707 255
73 85 518 116
73 86 966 49
73 87 507 91
73 88 700 340
73 89 734 281
73 90 328 105
73 91 220 170
74 82 359 254
74 83 997 113
74 84 545 69
74 85 363 169
74 86 770 302
74 87 114 114
74 88 974 216
74 89 811 89
74 90 477 280
74 91 215 185
75 82 988 266
75 83 188 102
75 84 203 40
75 85 120 154
75 86 548 331
75 87 686 22
75 88 462 274
75 89 537 221
75 90 324 298
75 91 67 278
76 82 907 290
76 83 837 244
76 84 840 286
76 85 889 1
76 86 977 52
76 87 484 188
76 88 742 20
76 89 438 121
76 90 314 231
76 91 508 334
77 82 545 278
77 83 400 161
77 84 387 91
77 85 806 106
77 86 914 305
77 87 182 157
77 88 742 236
77 89 851 268
77 90 408 161
77 91 222 37
78 82 863 16
78 83 645 190
78 84 38 330
78 85 414 152
78 86 352 244
78 87 360 228
78 88 233 279
78 89 766 350
78 90 298 118
78 91 475 30
79 82 568 85
79 83 769 311
79 84 105 248
79 85 521 11
79 86 861 43
79 87 30 133
79 88 639 60
79 89 65 17
79 90 876 16
79 91 862 279
80 82 602 301
80 83 579 291
80 84 347 54
80 85 181 21
80 86 736 300
80 87 914 40
80 88 165 47
80 89 796 52
80 90 983 221
80 91 159 330
81 82 22 247
81 83 967 149
81 84 802 159
81 85 168 22
81 86 489 30
81 87 300 10
81 88 976 349
81 89 149 64
81 90 114 323
81 91 823 134
82 92 761 219
82 93 406 30
82 94 805 313
82 95 501 253
82 96 986 307
82 97 190 25
82 98 225 62
82 99 817 316
82 100 214 277
82 101 377 141
82 119 25754 262
83 92 466 298
83 93 77 294
83 94 24 216
83 95 409 31
83 96 856 134
83 97 798 251
83 98 167 86
83 99 641 230
83 100 58 155
83 101 304 255
84 92 856 82
84 93 69 319
84 94 401 112
84 95 76 13
84 96 1 217
84 97 765 146
84 98 764 210
84 99 903 79
84 100 505 137
84 101 754 179
84 127 16808 310
85 92 894 189
85 93 77 223
85 94 425 112
85 95 569 347
85 96 861 354
85 97 824 323
85 98 596 301
85 99 490 170
85 100 439 8
85 101 272 45
86 92 325 269
86 93 812 237
86 94 807 223
86 95 916 215
86 96 438 342
86 97 553 98
86 98 903 69
86 99 497 192
86 100 350 178
86 101 513 83
87 92 100 29
87 93 847 42
87 94 223 285
87 95 92 104
87 96 501 59
87 97 989 166
87 98 184 154
87 99 632 319
87 100 747 43
87 101 502 105
88 92 86 26
88 93 539 282
88 94 639 333
88 95 985 18
88 96 420 224
88 97 662 227
88 98 131 90
88 99 644 23
88 100 553 212
88 101 747 323
88 116 16989 22
88 145 16940 257
89 92 997 134
89 93 112 130
89 94 174 158
89 95 481 41
89 96 31 152
89 97 468 218
89 98 740 57
89 99 400 191
89 100 776 124
89 101 828 139
90 92 850 246
90 93 679 41
90 94 701 83
90 95 997 59
90 96 935 323
90 97 402 105
90 98 533 265
90 99 911 63
90 100 6 151
90 101 327 286
91 92 275 313
91 93 665 71
91 94 173 178
91 95 986 98
91 96 148 16
91 97 368 150
91 98 637 334
91 99 497 283
91 100 683 323
91 101 731 97
92 102 296 155
92 103 638 353
92 104 471 69
92 105 825 135
92 106 745 302
92 107 202 15
92 108 152 283
92 109 689 11
92 110 117 73
92 111 87 104
93 102 98 240
93 103 579 239
93 104 258 238
93 105 675 221
93 106 159 133
93 107 766 80
93 108 392 208
93 109 453 60
93 110 333 38
93 111 632 14
94 102 673 117
94 103 919 139
94 104 965 260
94 105 357 194
94 106 244 21
94 107 276 276
94 108 347 2
94 109 585 350
94 110 173 101
94 111 364 247
95 102 351 174
95 103 629 118
95 104 92 282
95 105 338 299
95 106 76 199
95 107 651 272
95 108 967 334
95 109 733 288
95 110 301 278
95 111 398 333
96 102 554 87
96 103 942 213
96 104 299 149
96 105 293 53
96 106 788 63
96 107 384 173
96 108 926 28
96 109 802 198
96 110 486 308
96 111 300 77
97 102 528 351
97 103 444 163
97 104 860 28
97 105 871 273
97 106 733 229
97 107 839 12
97 108 242 44
97 109 103 79
97 110 497 236
97 111 602 220
97 121 25491 290
98 102 996 330
98 103 69 271
98 104 362 168
98 105 763 344
98 106 240 332
98 107 191 178
98 108 973 29
98 109 615 133
98 110 176 145
98 111 350 302
99 102 682 15
99 103 627 291
99 104 186 254
99 105 471 73
99 106 687 105
99 107 261 108
99 108 546 236
99 109 524 92
99 110 393 265
99 111 235 137
100 102 295 91
100 103 293 297
100 104 126 353
100 105 351 75
100 106 173 30
100 107 273 90
100 108 712 73
100 109 805 255
100 110 584 229
100 111 503 259
101 102 902 13
101 103 984 142
101 104 639 276
101 105 271 151
101 106 89 216
101 107 663 280
101 108 572 195
101 109 214 143
101 110 629 151
101 111 151 70
102 112 126 227
102 113 711 190
102 114 141 188
102 115 671 261
102 116 779 351
102 117 549 280
102 118 619 122
102 119 98 84
102 120 909 148
102 121 781 13
103 112 212 115
103 113 777 319
103 114 337 89
103 115 496 71
103 116 525 148
103 117 959 244
103 118 11 82
103 119 680 154
103 120 349 146
103 121 160 138
104 112 105 165
104 113 704 360
104 114 55 298
104 115 560 140
104 116 348 200
104 117 495 5
104 118 290 226
104 119 896 60
104 120 24 186
104 121 432 53
105 112 804 74
105 113 61 94
105 114 768 290
105 115 443 245
105 116 734 328
105 117 245 184
105 118 135 139
105 119 276 43
105 120 273 287
105 121 621 48
106 112 925 248
106 113 454 288
106 114 533 53
106 115 610 113
106 116 362 229
106 117 272 17
106 118 979 157
106 119 498 93
106 120 278 254
106 121 302 62
107 112 500 229
107 113 148 149
107 114 203 172
107 115 861 35
107 116 865 171
107 117 551 153
107 118 60 344
107 119 97 318
107 120 263 264
107 121 833 85
108 112 369 12
108 113 612 327
108 114 757 288
108 115 281 40
108 116 495 47
108 117 366 132
108 118 773 283
108 119 450 99
108 120 827 13
108 121 105 160
109 112 357 252
109 113 96 94
109 114 688 231
109 115 668 336
109 116 45 313
109 117 406 241
109 118 923 317
109 119 286 138
109 120 875 325
109 121 727 332
110 112 51 295
110 113 353 26
110 114 490 206
110 115 483 19
110 116 976 14
110 117 244 74
110 118 389 294
110 119 720 182
110 120 622 185
110 121 18 318
111 112 53 175
111 113 180 142
111 114 207 330
111 115 859 288
111 116 623 267
111 117 581 236
111 118 477 179
111 119 627 143
111 120 268 60
111 121 904 197
112 122 695 224
112 123 615 358
112 124 851 74
112 125 640 296
112 126 549 214
112 127 403 204
112 128 650 17
112 129 396 192
112 130 631 266
112 131 417 205
113 122 890 317
113 123 70 275
113 124 113 277
113 125 606 299
113 126 964 208
113 127 575 31
113 128 867 31
113 129 220 268
113 130 593 163
113 131 652 150
114 122 766 293
114 123 737 217
114 124 176 348
114 125 376 104
114 126 881 345
114 127 247 247
114 128 737 59
114 129 278 213
114 130 446 202
114 131 726 69
115 122 820 359
115 123 606 96
115 124 506 247
115 125 111 108
115 126 563 111
115 127 320 267
115 128 304 223
115 129 774 152
115 130 103 198
115 131 760 231
116 122 826 137
116 123 327 129
116 124 996 304
116 125 470 239
116 126 771 105
116 127 748 247
116 128 916 156
116 129 668 98
116 130 968 252
116 131 994 87
117 122 582 221
117 123 468 118
117 124 581 294
117 125 612 10
117 126 968 277
117 127 677 106
117 128 509 269
117 129 917 32
117 130 454 281
117 131 389 143
118 122 540 183
118 123 78 299
118 124 997 128
118 125 732 163
118 126 280 75
118 127 619 47
118 128 276 257
118 129 695 151
118 130 250 79
118 131 438 140
119 122 941 8
119 123 346 264
119 124 481 113
119 125 3 10
119 126 709 163
119 127 987 282
119 128 450 8
119 129 97 283
119 130 35 126
119 131 577 332
120 122 228 27
120 123 769 142
120 124 694 72
120 125 40 304
120 126 501 115
120 127 540 205
120 128 407 198
120 129 843 338
120 130 552 266
120 131 573 285
121 122 375 166
121 123 406 19
121 124 317 113
121 125 537 41
121 126 473 29
121 127 230 334
121 128 750 250
121 129 627 131
121 130 806 27
121 131 239 224
122 132 457 23
122 133 103 288
122 134 496 173
122 135 153 65
122 136 998 163
122 137 166 139
122 138 868 69
122 139 744 177
122 140 578 248
122 141 116 2
123 132 438 117
123 133 914 191
123 134 980 320
123 135 213 298
123 136 409 234
123 137 271 112
123 138 601 118
123 139 808 247
123 140 419 188
123 141 849 268
124 132 400 2
124 133 43 59
124 134 892 53
124 135 119 21
124 136 681 263
124 137 391 166
124 138 856 303
124 139 857 145
124 140 55 286
124 141 3 154
125 132 849 345
125 133 358 134
125 134 353 328
125 135 55 326
125 136 86 143
125 137 493 53
125 138 289 224
125 139 996 156
125 140 224 212
125 141 420 344
125 143 18692 215
126 132 907 179
126 133 37 268
126 134 670 360
126 135 649 9
126 136 599 226
126 137 340 39
126 138 866 308
126 139 264 167
126 140 950 236
126 141 429 43
127 132 659 8
127 133 5 169
127 134 233 334
127 135 974 225
127 136 284 271
127 137 919 188
127 138 325 326
127 139 358 348
127 140 317 323
127 141 468 276
128 132 224 202
128 133 527 96
128 134 505 139
128 135 601 243
128 136 212 34
128 137 215 219
128 138 964 43
128 139 311 113
128 140 81 82
128 141 765 64
129 132 189 315
129 133 960 217
129 134 517 266
129 135 300 261
129 136 54 2
129 137 381 337
129 138 694 339
129 139 855 241
129 140 583 196
129 141 217 150
130 132 968 277
130 133 268 132
130 134 948 144
130 135 375 333
130 136 294 20
130 137 687 66
130 138 744 91
130 139 880 276
130 140 777 119
130 141 386 87
131 132 479 180
131 133 963 78
131 134 761 60
131 135 313 143
131 136 662 263
131 137 517 15
131 138 367 118
131 139 815 214
131 140 533 263
131 141 68 260
132 142 238 359
132 143 292 249
132 144 362 149
132 145 892 295
132 146 925 113
132 147 573 217
132 148 75 292
132 149 75 240
132 150 421 232
132 151 431 263
133 142 567 339
133 143 811 142
133 144 457 175
133 145 758 344
133 146 244 139
133 147 532 202
133 148 128 72
133 149 204 74
133 150 812 49
133 151 985 272
134 142 554 267
134 143 492 253
134 144 542 186
134 145 18 345
134 146 334 297
134 147 417 290
134 148 77 161
134 149 996 37
134 150 191 93
134 151 645 35
135 142 995 125
135 143 254 38
135 144 178 14
135 145 731 43
135 146 797 212
135 147 660 309
135 148 146 49
135 149 467 39
135 150 164 278
135 151 630 306
136 142 13 203
136 143 176 296
136 144 210 306
136 145 769 339
136 146 517 50
136 147 720 354
136 148 459 264
136 149 197 323
136 150 382 295
136 151 29 259
137 142 212 39
137 143 449 65
137 144 919 61
137 145 193 289
137 146 783 191
137 147 778 133
137 148 200 108
137 149 17 276
137 150 356 98
137 151 828 307
138 142 26 75
138 143 301 62
138 144 34 360
138 145 81 116
138 146 679 331
138 147 69 285
138 148 622 179
138 149 343 167
138 150 607 191
138 151 183 242
139 142 802 346
139 143 570 7
139 144 171 224
139 145 803 26
139 146 63 112
139 147 895 109
139 148 944 331
139 149 127 301
139 150 904 62
139 151 642 14
140 142 967 108
140 143 867 40
140 144 257 226
140 145 233 53
140 146 186 292
140 147 686 88
140 148 807 286
140 149 295 348
140 150 687 198
140 151 204 218
141 142 660 76
141 143 236 284
141 144 737 278
141 145 109 251
141 146 456 233
141 147 156 16
141 148 511 70
141 149 647 298
141 150 454 128
141 151 357 252
142 152 831 323
143 152 740 11
144 152 63 315
145 152 552 335
146 152 753 136
147 152 761 123
148 152 677 239
149 152 71 307
150 152 556 102
151 152 517 292
