152 1435 1 152 7 359
1 2 618 135
1 3 272 304
1 4 56 139
1 5 65 129
1 6 912 94
1 7 331 32
1 8 780 174
1 9 723 139
1 10 928 255
1 11 786 267
2 12 864 229
2 13 680 9
2 14 927 111
2 15 332 37
2 16 714 111
2 17 847 181
2 18 895 347
2 19 291 59
2 20 789 302
2 21 728 178
3 12 302 352
3 13 540 359
3 14 936 243
3 15 127 276
3 16 534 318
3 17 534 272
3 18 344 28
3 19 353 324
3 20 451 158
3 21 631 323
4 12 436 242
4 13 4 132
4 14 748 219
4 15 720 295
4 16 889 3
4 17 937 235
4 18 10 321
4 19 715 163
4 20 282 319
4 21 48 200
5 12 131 359
5 13 887 145
5 14 620 307
5 15 796 138
5 16 495 310
5 17 507 275
5 18 818 164
5 19 941 100
5 20 873 252
5 21 341 199
6 12 514 280
6 13 662 8
6 14 188 359
6 15 965 12
6 16 170 295
6 17 774 113
6 18 437 256
6 19 619 296
6 20 206 180
6 21 348 51
7 12 178 37
7 13 925 341
7 14 122 266
7 15 638 267
7 16 560 235
7 17 713 289
7 18 536 31
7 19 335 82
7 20 949 62
7 21 351 217
8 12 248 32
8 13 183 174
8 14 201 211
8 15 247 207
8 16 744 211
8 17 290 57
8 18 880 335
8 19 645 76
8 20 94 137
8 21 465 162
9 12 74 132
9 13 286 52
9 14 419 261
9 15 43 103
9 16 472 341
9 17 375 79
9 18 379 5
9 19 77 128
9 20 942 247
9 21 806 87
9 43 27580 334
10 12 419 18
10 13 406 10
10 14 144 114
10 15 87 319
10 16 284 286
10 17 169 196
10 18 272 267
10 19 454 269
10 20 383 261
10 21 666 36
11 12 530 247
11 13 378 15
11 14 486 348
11 15 280 191
11 16 512 29
11 17 727 115
11 18 426 40
11 19 145 87
11 20 257 220
11 21 703 106
12 22 935 212
12 23 981 127
12 24 737 335
12 25 576 287
12 26 306 12
12 27 743 165
12 28 445 23
12 29 248 233
12 30 694 229
12 31 570 232
13 22 259 250
13 23 592 317
13 24 522 41
13 25 632 196
13 26 450 225
13 27 40 73
13 28 446 270
13 29 75 133
13 30 376 53
13 31 697 272
13 139 18863 193
14 22 70 307
14 23 103 155
14 24 19 1
14 25 860 27
14 26 567 202
14 27 671 122
14 28 231 161
14 29 613 106
14 30 992 301
14 31 546 174
15 22 176 88
15 23 166 324
15 24 187 123
15 25 312 240
15 26 869 327
15 27 904 62
15 28 743 349
15 29 343 287
15 30 682 195
15 31 619 346
16 22 609 283
16 23 972 113
16 24 432 284
16 25 82 44
16 26 914 262
16 27 882 216
16 28 50 263
16 29 853 286
16 30 792 279
16 31 979 223
17 22 207 35
17 23 916 144
17 24 327 11
17 25 122 8
17 26 300 136
17 27 31 166
17 28 62 197
17 29 576 129
17 30 396 15
17 31 511 70
18 22 780 291
18 23 810 310
18 24 892 164
18 25 4 313
18 26 787 242
18 27 511 336
18 28 745 147
18 29 787 275
18 30 336 331
18 31 276 58
19 22 621 32
19 23 916 158
19 24 271 15
19 25 749 246
19 26 96 8
19 27 637 64
19 28 677 346
19 29 446 277
19 30 231 8
19 31 449 111
20 22 322 44
20 23 926 173
20 24 269 259
20 25 744 250
20 26 226 295
20 27 323 115
20 28 503 225
20 29 692 238
20 30 953 123
20 31 987 118
21 22 806 103
21 23 591 224
21 24 27 356
21 25 772 232
21 26 104 129
21 27 870 319
21 28 656 121
21 29 320 265
21 30 837 298
21 31 167 174
22 32 548 158
22 33 877 4
22 34 543 138
22 35 974 46
22 36 576 62
22 37 478 123
22 38 497 306
22 39 107 114
22 40 709 243
22 41 4 355
23 32 965 278
23 33 14 38
23 34 730 147
23 35 768 185
23 36 18 284
23 37 888 111
23 38 965 34
23 39 634 322
23 40 287 188
23 41 50 132
24 32 796 162
24 33 804 82
24 34 306 12
24 35 703 145
24 36 528 318
24 37 718 320
24 38 407 57
24 39 742 137
24 40 620 68
24 41 61 359
25 32 495 264
25 33 485 296
25 34 903 206
25 35 131 123
25 36 265 339
25 37 537 247
25 38 40 113
25 39 19 179
25 40 161 104
25 41 868 81
26 32 529 201
26 33 932 158
26 34 334 298
26 35 182 70
26 36 696 357
26 37 116 24
26 38 178 276
26 39 164 268
26 40 585 92
26 41 881 186
27 32 39 214
27 33 888 266
27 34 484 147
27 35 637 172
27 36 284 231
27 37 904 273
27 38 553 170
27 39 153 146
27 40 389 272
27 41 532 206
28 32 201 357
28 33 454 297
28 34 408 123
28 35 478 63
28 36 476 9
28 37 701 203
28 38 899 311
28 39 888 279
28 40 366 59
28 41 188 96
29 32 309 110
29 33 789 88
29 34 679 36
29 35 833 82
29 36 510 96
29 37 961 150
29 38 715 44
29 39 897 269
29 40 99 247
29 41 562 18
30 32 674 89
30 33 376 197
30 34 707 17
30 35 770 68
30 36 667 182
30 37 686 333
30 38 36 8
30 39 862 312
30 40 824 38
30 41 573 223
30 120 29262 98
31 32 622 75
31 33 124 235
31 34 119 174
31 35 211 296
31 36 159 193
31 37 103 62
31 38 964 203
31 39 695 12
31 40 104 74
31 41 520 181
32 42 174 28
32 43 748 275
32 44 503 145
32 45 264 4
32 46 925 4
32 47 491 70
32 48 805 218
32 49 673 142
32 50 63 178
32 51 167 197
33 42 897 204
33 43 183 327
33 44 810 210
33 45 692 30
33 46 69 240
33 47 242 349
33 48 88 359
33 49 281 358
33 50 862 214
33 51 555 227
34 42 479 108
34 43 176 210
34 44 233 344
34 45 643 199
34 46 754 334
34 47 505 259
34 48 446 355
34 49 294 47
34 50 756 77
34 51 635 251
35 42 426 41
35 43 822 327
35 44 663 206
35 45 1000 359
35 46 890 298
35 47 159 297
35 48 984 89
35 49 280 281
35 50 59 176
35 51 226 325
36 42 409 129
36 43 349 227
36 44 301 147
36 45 719 248
36 46 95 87
36 47 175 180
36 48 797 358
36 49 57 276
36 50 225 263
36 51 202 142
36 91 25369 291
37 42 565 339
37 43 213 81
37 44 518 353
37 45 250 112
37 46 544 169
37 47 256 118
37 48 822 151
37 49 53 19
37 50 829 278
37 51 986 195
38 42 355 57
38 43 942 152
38 44 153 353
38 45 608 13
38 46 902 103
38 47 487 235
38 48 870 137
38 49 247 114
38 50 739 284
38 51 553 259
39 42 799 257
39 43 887 183
39 44 378 122
39 45 851 181
39 46 640 238
39 47 91 287
39 48 400 313
39 49 550 62
39 50 455 349
39 51 165 236
40 42 861 91
40 43 933 355
40 44 719 60
40 45 518 274
40 46 105 255
40 47 83 327
40 48 866 97
40 49 387 100
40 50 327 44
40 51 693 36
41 42 872 183
41 43 584 308
41 44 709 222
41 45 724 280
41 46 387 18
41 47 995 114
41 48 81 23
41 49 963 94
41 50 977 212
41 51 364 277
42 52 975 67
42 53 414 252
42 54 342 124
42 55 221 274
42 56 360 258
42 57 915 320
42 58 273 19
42 59 581 250
42 60 779 90
42 61 642 124
43 52 617 83
43 53 511 157
43 54 3 262
43 55 884 48
43 56 740 158
43 57 248 266
43 58 343 334
43 59 734 90
43 60 583 79
43 61 466 66
44 52 28 160
44 53 460 107
44 54 232 274
44 55 813 128
44 56 175 324
44 57 1 81
44 58 479 130
44 59 879 323
44 60 202 250
44 61 284 125
45 52 25 164
45 53 952 280
45 54 874 233
45 55 218 33
45 56 282 21
45 57 466 163
45 58 759 257
45 59 863 18
45 60 453 136
45 61 15 161
46 52 243 355
46 53 284 332
46 54 817 174
46 55 92 108
46 56 680 309
46 57 92 31
46 58 387 130
46 59 950 310
46 60 98 66
46 61 671 200
47 52 820 147
47 53 561 277
47 54 210 140
47 55 924 53
47 56 791 203
47 57 775 191
47 58 132 109
47 59 39 298
47 60 324 119
47 61 905 225
48 52 500 1
48 53 169 239
48 54 96 52
48 55 450 336
48 56 474 236
48 57 159 40
48 58 17 325
48 59 988 47
48 60 751 341
48 61 897 318
49 52 689 269
49 53 890 197
49 54 933 238
49 55 562 328
49 56 921 36
49 57 489 333
49 58 928 318
49 59 996 16
49 60 641 231
49 61 943 72
50 52 173 286
50 53 781 302
50 54 189 56
50 55 693 39
50 56 158 140
50 57 371 135
50 58 5 41
50 59 81 287
50 60 49 315
50 61 964 170
51 52 435 49
51 53 944 225
51 54 894 235
51 55 471 11
51 56 272 91
51 57 83 138
51 58 799 104
51 59 506 49
51 60 727 348
51 61 139 338
52 62 779 153
52 63 836 177
52 64 95 209
52 65 987 200
52 66 632 277
52 67 775 99
52 68 819 163
52 69 117 50
52 70 96 357
52 71 830 118
53 62 52 297
53 63 256 158
53 64 942 165
53 65 918 263
53 66 661 311
53 67 639 208
53 68 291 120
53 69 25 171
53 70 806 348
53 71 399 298
54 62 598 137
54 63 212 69
54 64 421 356
54 65 438 41
54 66 571 62
54 67 280 3
54 68 571 263
54 69 95 283
54 70 9 99
54 71 882 318
54 79 20922 307
55 62 300 20
55 63 634 46
55 64 598 343
55 65 552 98
55 66 323 105
55 67 615 107
55 68 195 17
55 69 257 71
55 70 258 122
55 71 581 159
55 138 26969 121
56 62 695 251
56 63 127 166
56 64 266 167
56 65 195 24
56 66 157 301
56 67 989 41
56 68 237 132
56 69 51 168
56 70 749 150
56 71 963 69
57 62 298 250
57 63 844 305
57 64 483 250
57 65 476 164
57 66 849 243
57 67 802 15
57 68 701 154
57 69 171 354
57 70 429 306
57 71 221 84
58 62 7 357
58 63 126 172
58 64 677 290
58 65 253 96
58 66 285 328
58 67 308 327
58 68 191 14
58 69 823 301
58 70 142 279
58 71 769 241
58 87 30456 97
59 62 369 296
59 63 752 121
59 64 209 351
59 65 854 230
59 66 308 203
59 67 963 280
59 68 186 324
59 69 791 176
59 70 998 153
59 71 401 239
60 62 13 281
60 63 801 226
60 64 95 66
60 65 269 278
60 66 635 276
60 67 346 78
60 68 375 199
60 69 800 332
60 70 246 12
60 71 549 295
61 62 185 338
61 63 340 158
61 64 419 295
61 65 117 199
61 66 171 190
61 67 651 285
61 68 186 160
61 69 280 4
61 70 589 310
61 71 241 255
62 72 395 289
62 73 114 342
62 74 48 75
62 75 199 189
62 76 866 342
62 77 113 338
62 78 951 337
62 79 123 170
62 80 358 239
62 81 700 339
62 121 30049 320
63 72 451 22
63 73 224 274
63 74 397 293
63 75 457 53
63 76 793 140
63 77 221 357
63 78 47 260
63 79 99 79
63 80 570 23
63 81 176 70
64 72 392 307
64 73 164 345
64 74 468 272
64 75 677 227
64 76 833 244
64 77 948 334
64 78 373 352
64 79 980 288
64 80 638 61
64 81 771 91
65 72 974 53
65 73 496 343
65 74 8 135
65 75 305 289
65 76 785 286
65 77 636 4
65 78 390 349
65 79 352 201
65 80 311 243
65 81 946 214
66 72 602 123
66 73 972 304
66 74 898 182
66 75 712 126
66 76 59 276
66 77 360 82
66 78 487 12
66 79 124 228
66 80 568 242
66 81 407 20
67 72 515 329
67 73 866 187
67 74 91 221
67 75 454 67
67 76 548 196
67 77 110 62
67 78 920 209
67 79 250 292
67 80 920 143
67 81 114 209
68 72 546 21
68 73 265 95
68 74 856 78
68 75 412 339
68 76 301 315
68 77 716 109
68 78 857 106
68 79 77 249
68 80 710 169
68 81 840 298
69 72 561 204
69 73 327 227
69 74 977 284
69 75 290 12
69 76 427 191
69 77 521 271
69 78 659 25
69 79 666 64
69 80 683 165
69 81 654 23
70 72 267 120
70 73 4 123
70 74 567 234
70 75 974 349
70 76 447 68
70 77 106 192
70 78 207 232
70 79 359 235
70 80 986 199
70 81 236 9
71 72 307 208
71 73 481 93
71 74 346 260
71 75 64 103
71 76 117 103
71 77 427 10
71 78 763 248
71 79 794 24
71 80 862 306
71 81 384 273
72 82 484 21
72 83 298 233
72 84 334 63
72 85 107 259
72 86 637 45
72 87 840 20
72 88 376 40
72 89 872 56
72 90 314 58
72 91 873 223
73 82 49 116
73 83 276 345
73 84 377 233
73 85 777 123
73 86 877 227
73 87 390 326
73 88 721 314
73 89 293 203
73 90 918 149
73 91 32 91
74 82 955 160
74 83 551 234
74 84 615 87
74 85 726 80
74 86 449 234
74 87 875 91
74 88 568 11
74 89 467 195
74 90 649 260
74 91 957 206
74 121 18788 120
75 82 730 31
75 83 782 231
75 84 726 44
75 85 212 317
75 86 435 61
75 87 385 209
75 88 246 39
75 89 584 54
75 90 816 350
75 91 574 323
76 82 630 36
76 83 937 50
76 84 115 351
76 85 857 29
76 86 669 34
76 87 208 206
76 88 852 343
76 89 824 229
76 90 668 77
76 91 742 67
77 82 176 276
77 83 876 48
77 84 110 28
77 85 2 7
77 86 104 5
77 87 282 193
77 88 256 152
77 89 235 142
77 90 859 183
77 91 209 259
78 82 128 273
78 83 935 46
78 84 449 175
78 85 702 171
78 86 824 245
78 87 19 80
78 88 1 194
78 89 482 225
78 90 640 347
78 91 404 286
79 82 331 276
79 83 7 301
79 84 33 225
79 85 799 235
79 86 690 28
79 87 556 356
79 88 436 346
79 89 456 192
79 90 352 339
79 91 827 211
80 82 136 40
80 83 263 299
80 84 214 17
80 85 547 313
80 86 611 237
80 87 789 340
80 88 184 180
80 89 618 307
80 90 738 115
80 91 105 229
81 82 548 67
81 83 397 200
81 84 213 120
81 85 146 7
81 86 836 275
81 87 602 48
81 88 604 356
81 89 641 244
81 90 715 178
81 91 792 25
82 92 959 48
82 93 125 198
82 94 279 179
82 95 446 308
82 96 791 132
82 97 584 304
82 98 251 181
82 99 249 77
82 100 916 155
82 101 564 188
83 92 513 125
83 93 403 94
83 94 755 258
83 95 237 307
83 96 865 152
83 97 79 47
83 98 206 142
83 99 983 162
83 100 97 249
83 101 971 139
83 138 29196 62
84 92 986 60
84 93 208 142
84 94 878 19
84 95 844 248
84 96 456 205
84 97 207 141
84 98 33 8
84 99 493 134
84 100 105 258
84 101 364 210
85 92 449 293
85 93 381 227
85 94 246 78
85 95 484 245
85 96 559 183
85 97 294 56
85 98 519 273
85 99 576 26
85 100 584 125
85 101 227 186
86 92 115 37
86 93 154 282
86 94 923 287
86 95 312 48
86 96 66 344
86 97 315 278
86 98 318 255
86 99 164 79
86 100 196 219
86 101 908 4
87 92 435 243
87 93 18 296
87 94 791 90
87 95 910 119
87 96 710 184
87 97 369 267
87 98 253 79
87 99 65 303
87 100 460 125
87 101 201 145
88 92 869 354
88 93 84 79
88 94 363 158
88 95 417 286
88 96 409 140
88 97 982 338
88 98 142 107
88 99 707 279
88 100 221 346
88 101 50 324
89 92 895 25
89 93 992 189
89 94 878 259
89 95 910 275
89 96 155 222
89 97 700 214
89 98 361 356
89 99 33 32
89 100 730 246
89 101 352 129
89 138 28430 22
90 92 267 275
90 93 1 300
90 94 418 61
90 95 14 224
90 96 474 13
90 97 589 200
90 98 299 121
90 99 616 25
90 100 447 289
90 101 126 112
91 92 470 323
91 93 292 127
91 94 831 222
91 95 27 158
91 96 283 357
91 97 703 344
91 98 449 247
91 99 429 75
91 100 479 290
91 101 216 307
92 102 947 225
92 103 560 71
92 104 95 111
92 105 416 268
92 106 626 33
92 107 54 87
92 108 687 124
92 109 393 206
92 110 991 241
92 111 850 44
93 102 507 226
93 103 736 220
93 104 624 208
93 105 86 157
93 106 375 112
93 107 803 49
93 108 558 158
93 109 305 195
93 110 852 175
93 111 319 290
93 126 29943 172
94 102 493 59
94 103 82 156
94 104 543 10
94 105 520 22
94 106 105 341
94 107 616 265
94 108 203 69
94 109 663 118
94 110 958 249
94 111 162 338
95 102 160 38
95 103 174 268
95 104 720 54
95 105 395 19
95 106 448 254
95 107 129 232
95 108 1 334
95 109 747 148
95 110 553 158
95 111 480 207
96 102 356 272
96 103 999 233
96 104 450 346
96 105 816 212
96 106 2 172
96 107 214 261
96 108 855 154
96 109 130 138
96 110 285 31
96 111 78 245
97 102 605 236
97 103 527 110
97 104 315 94
97 105 899 175
97 106 794 178
97 107 584 94
97 108 571 125
97 109 338 48
97 110 395 49
97 111 393 52
98 102 562 312
98 103 861 122
98 104 346 27
98 105 57 338
98 106 380 94
98 107 649 199
98 108 783 196
98 109 103 174
98 110 403 27
98 111 747 20
99 102 213 65
99 103 435 62
99 104 902 275
99 105 958 120
99 106 380 121
99 107 488 105
99 108 75 173
99 109 952 337
99 110 714 282
99 111 555 123
100 102 186 257
100 103 880 260
100 104 590 30
100 105 566 157
100 106 108 287
100 107 661 90
100 108 833 318
100 109 521 76
100 110 182 288
100 111 415 277
101 102 417 299
101 103 586 99
101 104 710 265
101 105 106 196
101 106 347 274
101 107 953 156
101 108 259 250
101 109 981 312
101 110 921 75
101 111 853 344
102 112 154 346
102 113 529 98
102 114 786 65
102 115 947 266
102 116 58 62
102 117 273 274
102 118 23 305
102 119 5 111
102 120 370 351
102 121 618 250
103 112 776 222
103 113 75 85
103 114 702 25
103 115 281 306
103 116 438 225
103 117 633 176
103 118 780 245
103 119 628 295
103 120 445 161
103 121 217 125
103 126 30594 140
104 112 864 86
104 113 247 102
104 114 804 12
104 115 504 266
104 116 490 205
104 117 862 197
104 118 702 146
104 119 435 172
104 120 697 238
104 121 712 289
105 112 828 295
105 113 156 250
105 114 253 197
105 115 328 264
105 116 558 76
105 117 757 203
105 118 806 25
105 119 981 245
105 120 468 321
105 121 413 108
106 112 278 308
106 113 498 257
106 114 354 284
106 115 477 183
106 116 936 149
106 117 449 40
106 118 97 266
106 119 704 349
106 120 668 160
106 121 195 313
107 112 187 356
107 113 290 283
107 114 603 94
107 115 485 99
107 116 741 144
107 117 118 126
107 118 190 137
107 119 479 35
107 120 413 155
107 121 6 94
108 112 855 308
108 113 678 126
108 114 617 50
108 115 159 250
108 116 591 251
108 117 799 48
108 118 628 246
108 119 234 162
108 120 676 187
108 121 485 135
109 112 882 250
109 113 110 160
109 114 260 234
109 115 680 322
109 116 313 86
109 117 433 244
109 118 559 113
109 119 909 328
109 120 428 44
109 121 495 306
110 112 684 207
110 113 839 163
110 114 328 147
110 115 464 48
110 116 191 48
110 117 134 298
110 118 651 80
110 119 626 84
110 120 442 132
110 121 401 89
111 112 117 1
111 113 577 41
111 114 324 162
111 115 652 277
111 116 15 10
111 117 401 31
111 118 391 336
111 119 4 195
111 120 927 246
111 121 709 159
112 122 595 250
112 123 361 149
112 124 235 190
112 125 758 74
112 126 545 347
112 127 902 152
112 128 564 171
112 129 339 355
112 130 246 60
112 131 982 309
113 122 515 295
113 123 12 358
113 124 235 251
113 125 739 334
113 126 471 78
113 127 417 144
113 128 938 21
113 129 194 190
113 130 716 310
113 131 89 131
114 122 515 234
114 123 419 328
114 124 225 77
114 125 488 229
114 126 706 213
114 127 784 50
114 128 522 187
114 129 594 33
114 130 154 84
114 131 596 123
115 122 44 90
115 123 937 264
115 124 653 83
115 125 37 184
115 126 479 14
115 127 737 18
115 128 918 250
115 129 489 203
115 130 353 1
115 131 418 131
116 122 493 71
116 123 670 178
116 124 720 11
116 125 529 78
116 126 128 13
116 127 122 188
116 128 322 199
116 129 252 14
116 130 316 49
116 131 169 54
117 122 242 311
117 123 421 290
117 124 645 23
117 125 709 104
117 126 492 128
117 127 206 132
117 128 257 226
117 129 224 99
117 130 269 344
117 131 973 340
118 122 815 229
118 123 656 271
118 124 353 13
118 125 357 229
118 126 994 63
118 127 627 237
118 128 419 323
118 129 621 159
118 130 499 177
118 131 775 40
118 133 20516 75
119 122 571 9
119 123 963 170
119 124 445 84
119 125 960 280
119 126 925 1
119 127 175 28
119 128 188 349
119 129 635 241
119 130 493 340
119 131 273 162
120 122 828 14
120 123 444 249
120 124 574 16
120 125 461 334
120 126 435 94
120 127 484 168
120 128 456 303
120 129 794 321
120 130 35 305
120 131 949 166
121 122 439 359
121 123 537 306
121 124 600 203
121 125 685 154
121 126 825 65
121 127 841 320
121 128 536 63
121 129 423 54
121 130 783 338
121 131 29 289
122 132 320 315
122 133 382 75
122 134 449 123
122 135 781 305
122 136 282 282
122 137 243 230
122 138 989 201
122 139 577 46
122 140 80 226
122 141 33 103
123 132 602 59
123 133 586 350
123 134 432 355
123 135 284 7
123 136 947 98
123 137 424 114
123 138 96 242
123 139 251 310
123 140 733 335
123 141 81 3
124 132 195 341
124 133 795 213
124 134 654 299
124 135 62 344
124 136 482 23
124 137 994 349
124 138 458 320
124 139 988 23
124 140 670 284
124 141 41 326
125 132 471 231
125 133 828 258
125 134 180 145
125 135 194 96
125 136 975 36
125 137 53 89
125 138 144 308
125 139 788 147
125 140 147 293
125 141 932 278
126 132 623 247
126 133 964 243
126 134 748 128
126 135 482 150
126 136 638 29
126 137 879 287
126 138 211 144
126 139 236 74
126 140 412 45
126 141 172 94
127 132 606 135
127 133 809 47
127 134 177 245
127 135 591 23
127 136 25 332
127 137 905 191
127 138 228 196
127 139 822 8
127 140 316 43
127 141 408 116
128 132 430 60
128 133 357 196
128 134 334 257
128 135 695 336
128 136 541 204
128 137 47 343
128 138 481 261
128 139 512 272
128 140 898 122
128 141 879 184
129 132 21 50
129 133 958 206
129 134 629 110
129 135 388 265
129 136 457 21
129 137 326 177
129 138 49 43
129 139 808 117
129 140 809 135
129 141 888 318
129 143 19425 64
130 132 830 322
130 133 592 52
130 134 502 193
130 135 165 320
130 136 122 79
130 137 540 31
130 138 869 38
130 139 338 203
130 140 455 255
130 141 893 191
131 132 800 341
131 133 256 151
131 134 572 61
131 135 744 268
131 136 637 233
131 137 235 339
131 138 400 73
131 139 297 205
131 140 999 355
131 141 841 208
132 142 900 77
132 143 158 253
132 144 353 325
132 145 923 135
132 146 718 102
132 147 543 241
132 148 393 273
132 149 720 196
132 150 528 227
132 151 613 267
133 142 565 95
133 143 247 349
133 144 139 190
133 145 562 161
133 146 782 181
133 147 711 267
133 148 78 93
133 149 253 110
133 150 180 183
133 151 701 359
134 142 897 279
134 143 629 141
134 144 813 308
134 145 126 181
134 146 424 227
134 147 445 206
134 148 386 76
134 149 504 357
134 150 908 284
134 151 341 183
135 142 239 163
135 143 445 26
135 144 506 125
135 145 975 145
135 146 190 357
135 147 198 348
135 148 40 184
135 149 740 24
135 150 34 100
135 151 300 257
136 142 658 212
136 143 277 128
136 144 953 213
136 145 355 81
136 146 284 233
136 147 453 21
136 148 379 39
136 149 23 23
136 150 108 161
136 151 350 325
137 142 123 265
137 143 732 207
137 144 666 160
137 145 409 354
137 146 840 258
137 147 299 6
137 148 558 56
137 149 542 70
137 150 876 259
137 151 572 337
138 142 362 296
138 143 487 270
138 144 599 345
138 145 354 45
138 146 281 256
138 147 317 309
138 148 159 232
138 149 54 283
138 150 366 205
138 151 571 220
139 142 208 17
139 143 501 184
139 144 438 4
139 145 858 237
139 146 117 67
139 147 738 193
139 148 669 138
139 149 372 68
139 150 778 258
139 151 758 62
140 142 4 331
140 143 280 9
140 144 680 136
140 145 5 17
140 146 597 30
140 147 164 215
140 148 358 339
140 149 343 176
140 150 895 94
140 151 388 96
141 142 998 182
141 143 100 333
141 144 325 111
141 145 112 255
141 146 823 139
141 147 800 41
141 148 119 221
141 149 977 239
141 150 520 153
141 151 581 307
142 152 904 176
143 152 254 105
144 152 400 132
145 152 262 19
146 152 172 332
147 152 782 320
148 152 408 282
149 152 781 349
150 152 871 255
151 152 263 252
