152 1420 1 152 7 355
1 2 311 9
1 3 755 43
1 4 786 198
1 5 409 57
1 6 734 318
1 7 729 274
1 8 307 45
1 9 55 60
1 10 435 209
1 11 138 219
2 12 338 272
2 13 457 311
2 14 905 47
2 15 681 192
2 16 403 10
2 17 948 310
2 18 287 88
2 19 249 323
2 20 412 50
2 21 185 309
3 12 856 242
3 13 273 201
3 14 382 254
3 15 773 244
3 16 238 17
3 17 370 58
3 18 998 90
3 19 97 269
3 20 636 270
3 21 384 284
4 12 297 224
4 13 517 271
4 14 146 312
4 15 836 59
4 16 689 249
4 17 28 354
4 18 268 165
4 19 468 102
4 20 790 8
4 21 421 13
5 12 655 30
5 13 125 349
5 14 441 341
5 15 313 58
5 16 373 228
5 17 777 78
5 18 769 94
5 19 307 311
5 20 423 132
5 21 340 171
6 12 985 256
6 13 45 230
6 14 25 221
6 15 973 335
6 16 429 205
6 17 912 4
6 18 995 154
6 19 212 270
6 20 422 84
6 21 545 22
7 12 989 140
7 13 583 136
7 14 97 131
7 15 436 173
7 16 899 72
7 17 61 181
7 18 205 163
7 19 107 4
7 20 961 84
7 21 338 248
8 12 741 132
8 13 96 117
8 14 869 333
8 15 436 100
8 16 727 288
8 17 517 342
8 18 992 350
8 19 329 141
8 20 406 230
8 21 614 95
9 12 304 69
9 13 550 283
9 14 68 259
9 15 542 235
9 16 558 330
9 17 667 47
9 18 238 207
9 19 409 116
9 20 52 92
9 21 153 109
10 12 303 254
10 13 836 136
10 14 672 147
10 15 714 34
10 16 428 166
10 17 261 230
10 18 76 31
10 19 468 95
10 20 890 290
10 21 811 37
11 12 643 236
11 13 638 186
11 14 36 79
11 15 220 279
11 16 610 204
11 17 675 195
11 18 749 329
11 19 389 21
11 20 261 100
11 21 335 301
12 22 846 351
12 23 496 178
12 24 215 279
12 25 894 303
12 26 465 96
12 27 444 50
12 28 772 168
12 29 364 203
12 30 391 254
12 31 640 76
13 22 591 96
13 23 217 219
13 24 557 32
13 25 821 171
13 26 603 278
13 27 451 254
13 28 113 5
13 29 318 51
13 30 941 255
13 31 531 180
14 22 755 326
14 23 505 99
14 24 42 333
14 25 538 200
14 26 665 261
14 27 730 224
14 28 454 175
14 29 727 235
14 30 763 317
14 31 534 35
15 22 187 354
15 23 317 182
15 24 323 173
15 25 628 89
15 26 651 298
15 27 263 233
15 28 277 251
15 29 137 89
15 30 823 36
15 31 513 61
16 22 589 216
16 23 456 151
16 24 492 279
16 25 465 207
16 26 790 171
16 27 775 265
16 28 174 12
16 29 569 136
16 30 244 91
16 31 47 297
17 22 287 72
17 23 221 82
17 24 704 248
17 25 49 257
17 26 567 82
17 27 952 131
17 28 383 351
17 29 914 256
17 30 440 147
17 31 330 209
18 22 959 95
18 23 389 269
18 24 243 50
18 25 201 130
18 26 293 262
18 27 621 165
18 28 486 349
18 29 706 189
18 30 170 132
18 31 634 207
19 22 407 45
19 23 942 58
19 24 461 160
19 25 869 121
19 26 561 65
19 27 971 211
19 28 128 103
19 29 329 114
19 30 249 73
19 31 417 308
20 22 855 274
20 23 228 168
20 24 650 60
20 25 443 143
20 26 488 166
20 27 348 284
20 28 364 33
20 29 520 95
20 30 966 70
20 31 877 249
21 22 611 326
21 23 321 319
21 24 707 200
21 25 589 2
21 26 25 179
21 27 340 132
21 28 7 34
21 29 225 353
21 30 991 220
21 31 591 263
22 32 168 203
22 33 383 49
22 34 746 297
22 35 40 309
22 36 208 197
22 37 638 110
22 38 754 242
22 39 979 192
22 40 212 216
22 41 694 175
23 32 991 145
23 33 952 93
23 34 760 105
23 35 119 22
23 36 282 334
23 37 775 290
23 38 158 24
23 39 717 175
23 40 686 168
23 41 138 349
24 32 718 236
24 33 112 224
24 34 562 143
24 35 958 189
24 36 130 9
24 37 651 194
24 38 811 13
24 39 344 19
24 40 447 321
24 41 688 23
25 32 355 109
25 33 86 205
25 34 716 25
25 35 350 194
25 36 148 112
25 37 417 96
25 38 348 237
25 39 152 291
25 40 267 329
25 41 327 225
26 32 181 59
26 33 724 59
26 34 97 106
26 35 993 355
26 36 905 281
26 37 845 74
26 38 693 335
26 39 963 199
26 40 996 16
26 41 438 146
27 32 458 1
27 33 204 228
27 34 724 20
27 35 149 255
27 36 936 283
27 37 155 282
27 38 829 298
27 39 915 104
27 40 900 259
27 41 972 305
28 32 452 11
28 33 527 318
28 34 153 211
28 35 614 16
28 36 803 36
28 37 431 290
28 38 283 272
28 39 281 348
28 40 892 209
28 41 328 340
29 32 744 191
29 33 927 56
29 34 220 289
29 35 570 23
29 36 671 185
29 37 265 279
29 38 398 292
29 39 902 177
29 40 696 136
29 41 902 193
30 32 400 98
30 33 93 319
30 34 94 154
30 35 315 55
30 36 57 64
30 37 445 260
30 38 165 174
30 39 224 249
30 40 859 287
30 41 773 305
31 32 792 140
31 33 202 262
31 34 635 338
31 35 961 81
31 36 718 235
31 37 566 319
31 38 961 278
31 39 975 150
31 40 234 123
31 41 538 110
32 42 571 87
32 43 137 186
32 44 676 268
32 45 330 187
32 46 528 31
32 47 717 347
32 48 508 10
32 49 243 327
32 50 261 327
32 51 623 322
33 42 928 240
33 43 417 296
33 44 991 218
33 45 60 117
33 46 470 168
33 47 375 306
33 48 374 322
33 49 146 341
33 50 627 86
33 51 916 239
34 42 980 306
34 43 286 211
34 44 507 217
34 45 190 227
34 46 998 274
34 47 589 173
34 48 769 277
34 49 339 88
34 50 950 178
34 51 6 78
35 42 328 44
35 43 502 1
35 44 635 48
35 45 454 62
35 46 360 149
35 47 279 318
35 48 119 230
35 49 95 349
35 50 478 166
35 51 12 309
36 42 768 318
36 43 729 293
36 44 686 258
36 45 474 115
36 46 465 126
36 47 44 21
36 48 557 65
36 49 804 240
36 50 188 143
36 51 493 318
37 42 490 200
37 43 926 162
37 44 631 172
37 45 42 292
37 46 443 25
37 47 260 212
37 48 506 253
37 49 333 76
37 50 751 35
37 51 39 88
38 42 88 354
38 43 619 124
38 44 436 178
38 45 867 269
38 46 42 245
38 47 922 135
38 48 350 90
38 49 693 109
38 50 610 200
38 51 716 129
39 42 764 230
39 43 817 44
39 44 202 319
39 45 214 125
39 46 912 60
39 47 222 224
39 48 38 268
39 49 35 319
39 50 442 128
39 51 244 89
40 42 331 230
40 43 531 49
40 44 93 335
40 45 144 84
40 46 145 145
40 47 501 229
40 48 23 219
40 49 748 198
40 50 106 153
40 51 365 352
41 42 641 116
41 43 828 9
41 44 38 36
41 45 164 72
41 46 153 311
41 47 337 11
41 48 978 74
41 49 359 135
41 50 176 355
41 51 926 11
42 52 480 347
42 53 979 177
42 54 496 322
42 55 47 212
42 56 415 207
42 57 764 145
42 58 438 176
42 59 132 34
42 60 315 153
42 61 286 128
43 52 118 155
43 53 383 158
43 54 860 308
43 55 102 249
43 56 533 123
43 57 66 25
43 58 419 318
43 59 599 251
43 60 891 207
43 61 886 290
44 52 519 214
44 53 684 229
44 54 269 286
44 55 156 53
44 56 26 106
44 57 698 142
44 58 965 67
44 59 910 76
44 60 402 193
44 61 788 236
45 52 308 56
45 53 668 200
45 54 327 108
45 55 783 316
45 56 442 82
45 57 57 303
45 58 844 211
45 59 612 222
45 60 156 25
45 61 1 210
46 52 460 21
46 53 969 108
46 54 664 135
46 55 653 101
46 56 690 76
46 57 721 128
46 58 755 350
46 59 419 176
46 60 633 142
46 61 881 73
47 52 796 167
47 53 679 272
47 54 402 98
47 55 902 1
47 56 957 155
47 57 150 245
47 58 506 250
47 59 663 133
47 60 98 253
47 61 488 41
48 52 30 332
48 53 186 180
48 54 603 1
48 55 857 333
48 56 109 252
48 57 105 256
48 58 297 223
48 59 883 6
48 60 783 243
48 61 146 278
49 52 15 114
49 53 38 175
49 54 943 22
49 55 800 194
49 56 284 171
49 57 44 227
49 58 4 225
49 59 763 288
49 60 242 328
49 61 913 298
50 52 693 98
50 53 283 64
50 54 199 257
50 55 727 76
50 56 750 254
50 57 725 5
50 58 319 296
50 59 514 272
50 60 652 339
50 61 127 335
51 52 444 175
51 53 2 155
51 54 905 35
51 55 834 62
51 56 531 140
51 57 147 282
51 58 124 350
51 59 618 222
51 60 577 247
51 61 600 30
52 62 971 242
52 63 445 263
52 64 741 266
52 65 89 333
52 66 365 138
52 67 810 300
52 68 274 317
52 69 751 2
52 70 462 348
52 71 518 221
53 62 172 60
53 63 165 22
53 64 861 51
53 65 532 288
53 66 216 167
53 67 133 122
53 68 516 29
53 69 187 217
53 70 576 9
53 71 318 14
54 62 940 87
54 63 689 130
54 64 112 220
54 65 636 109
54 66 120 59
54 67 294 170
54 68 796 202
54 69 198 335
54 70 162 103
54 71 785 85
55 62 768 126
55 63 262 209
55 64 308 21
55 65 306 119
55 66 396 249
55 67 38 351
55 68 901 52
55 69 652 328
55 70 919 98
55 71 592 307
56 62 13 162
56 63 141 156
56 64 475 271
56 65 336 204
56 66 198 289
56 67 431 58
56 68 203 176
56 69 532 311
56 70 980 276
56 71 101 5
57 62 309 251
57 63 96 244
57 64 25 127
57 65 155 216
57 66 456 194
57 67 901 342
57 68 863 181
57 69 659 340
57 70 596 234
57 71 360 92
58 62 693 349
58 63 942 284
58 64 118 217
58 65 413 96
58 66 479 35
58 67 328 173
58 68 321 262
58 69 656 154
58 70 854 316
58 71 472 240
59 62 103 17
59 63 531 27
59 64 334 120
59 65 464 348
59 66 155 26
59 67 127 120
59 68 212 212
59 69 280 294
59 70 77 306
59 71 275 223
60 62 567 74
60 63 926 74
60 64 355 51
60 65 158 236
60 66 550 18
60 67 389 249
60 68 607 216
60 69 222 255
60 70 221 142
60 71 230 191
61 62 82 87
61 63 407 12
61 64 962 48
61 65 609 205
61 66 627 160
61 67 735 133
61 68 422 85
61 69 565 249
61 70 638 228
61 71 223 55
62 72 314 144
62 73 952 293
62 74 321 17
62 75 301 283
62 76 150 111
62 77 267 94
62 78 626 108
62 79 337 41
62 80 866 272
62 81 68 66
63 72 914 306
63 73 315 175
63 74 98 212
63 75 219 146
63 76 972 305
63 77 908 272
63 78 679 148
63 79 154 42
63 80 166 259
63 81 312 232
64 72 410 177
64 73 80 12
64 74 380 134
64 75 12 299
64 76 99 193
64 77 598 346
64 78 8 97
64 79 22 152
64 80 329 101
64 81 837 41
65 72 446 127
65 73 941 184
65 74 383 115
65 75 299 338
65 76 6 186
65 77 305 166
65 78 663 145
65 79 218 305
65 80 309 266
65 81 153 25
66 72 574 16
66 73 395 202
66 74 164 143
66 75 724 318
66 76 251 229
66 77 78 37
66 78 246 81
66 79 950 216
66 80 795 30
66 81 359 112
67 72 734 354
67 73 821 2
67 74 891 81
67 75 549 77
67 76 953 56
67 77 357 296
67 78 82 58
67 79 141 65
67 80 176 102
67 81 597 230
68 72 568 47
68 73 461 241
68 74 111 62
68 75 383 21
68 76 905 29
68 77 228 114
68 78 618 177
68 79 878 303
68 80 461 189
68 81 79 218
69 72 706 114
69 73 651 125
69 74 44 290
69 75 244 142
69 76 709 210
69 77 21 183
69 78 297 67
69 79 766 141
69 80 430 111
69 81 884 156
70 72 149 112
70 73 221 213
70 74 992 28
70 75 583 321
70 76 805 34
70 77 510 279
70 78 855 301
70 79 55 32
70 80 699 169
70 81 789 111
71 72 242 161
71 73 934 198
71 74 488 124
71 75 65 167
71 76 142 55
71 77 715 198
71 78 908 175
71 79 531 183
71 80 469 107
71 81 280 209
72 82 843 166
72 83 905 128
72 84 575 318
72 85 719 221
72 86 86 121
72 87 366 256
72 88 777 92
72 89 821 69
72 90 34 302
72 91 595 267
73 82 701 4
73 83 653 179
73 84 346 319
73 85 560 10
73 86 534 218
73 87 553 86
73 88 137 85
73 89 735 304
73 90 566 224
73 91 924 50
74 82 888 243
74 83 74 142
74 84 295 37
74 85 781 241
74 86 982 209
74 87 297 350
74 88 779 313
74 89 85 241
74 90 372 7
74 91 66 107
75 82 841 288
75 83 270 204
75 84 15 221
75 85 294 230
75 86 206 76
75 87 552 168
75 88 891 55
75 89 446 254
75 90 759 25
75 91 372 104
76 82 395 243
76 83 745 45
76 84 224 210
76 85 488 232
76 86 795 194
76 87 961 111
76 88 337 96
76 89 73 51
76 90 420 319
76 91 526 96
77 82 866 37
77 83 840 300
77 84 569 314
77 85 764 260
77 86 567 290
77 87 741 315
77 88 446 191
77 89 698 301
77 90 863 197
77 91 742 177
78 82 423 36
78 83 333 349
78 84 546 94
78 85 897 2
78 86 337 307
78 87 245 343
78 88 850 28
78 89 305 340
78 90 56 62
78 91 215 151
79 82 955 257
79 83 694 290
79 84 15 13
79 85 720 345
79 86 797 61
79 87 728 173
79 88 952 298
79 89 4 279
79 90 950 241
79 91 824 181
80 82 323 316
80 83 745 262
80 84 921 232
80 85 292 265
80 86 284 161
80 87 679 312
80 88 94 350
80 89 985 122
80 90 885 293
80 91 344 279
81 82 355 355
81 83 183 288
81 84 110 255
81 85 195 8
81 86 976 97
81 87 861 5
81 88 384 179
81 89 915 25
81 90 497 64
81 91 748 176
82 92 408 40
82 93 868 14
82 94 878 166
82 95 583 47
82 96 147 111
82 97 406 268
82 98 331 191
82 99 810 324
82 100 344 306
82 101 328 205
83 92 205 281
83 93 489 126
83 94 598 173
83 95 812 347
83 96 333 219
83 97 52 292
83 98 101 227
83 99 953 229
83 100 806 227
83 101 969 180
84 92 902 69
84 93 447 349
84 94 328 351
84 95 891 175
84 96 493 13
84 97 299 354
84 98 346 54
84 99 70 222
84 100 622 242
84 101 300 125
85 92 771 57
85 93 355 204
85 94 575 238
85 95 761 8
85 96 233 209
85 97 4 128
85 98 937 71
85 99 480 322
85 100 768 276
85 101 47 97
86 92 571 54
86 93 413 301
86 94 382 261
86 95 306 218
86 96 619 138
86 97 41 188
86 98 926 54
86 99 81 11
86 100 935 152
86 101 264 129
87 92 939 14
87 93 695 198
87 94 323 327
87 95 621 261
87 96 560 118
87 97 153 225
87 98 243 65
87 99 33 190
87 100 311 10
87 101 363 130
88 92 166 8
88 93 986 209
88 94 459 275
88 95 611 315
88 96 143 165
88 97 814 321
88 98 689 303
88 99 839 240
88 100 824 8
88 101 24 151
89 92 965 75
89 93 582 242
89 94 642 159
89 95 58 198
89 96 855 26
89 97 229 50
89 98 306 282
89 99 806 66
89 100 114 343
89 101 484 201
90 92 518 349
90 93 736 296
90 94 450 77
90 95 718 346
90 96 327 36
90 97 844 217
90 98 683 207
90 99 421 286
90 100 63 183
90 101 138 167
91 92 6 193
91 93 930 333
91 94 686 64
91 95 279 321
91 96 63 118
91 97 9 308
91 98 376 137
91 99 227 130
91 100 948 138
91 101 444 124
92 102 784 39
92 103 156 66
92 104 605 195
92 105 614 120
92 106 233 352
92 107 470 49
92 108 243 350
92 109 177 100
92 110 756 217
92 111 215 114
93 102 501 260
93 103 560 264
93 104 803 106
93 105 680 241
93 106 777 124
93 107 670 330
93 108 628 226
93 109 461 301
93 110 129 70
93 111 655 263
94 102 486 217
94 103 125 128
94 104 46 321
94 105 94 58
94 106 759 262
94 107 350 173
94 108 179 332
94 109 689 277
94 110 975 331
94 111 704 329
95 102 592 112
95 103 621 209
95 104 920 268
95 105 960 168
95 106 30 75
95 107 816 138
95 108 613 32
95 109 293 51
95 110 700 3
95 111 140 349
96 102 254 27
96 103 601 44
96 104 259 294
96 105 457 326
96 106 544 141
96 107 884 76
96 108 275 185
96 109 337 88
96 110 33 188
96 111 29 11
97 102 961 149
97 103 780 203
97 104 667 173
97 105 379 313
97 106 993 218
97 107 185 291
97 108 311 34
97 109 433 113
97 110 940 5
97 111 208 11
98 102 747 299
98 103 485 28
98 104 200 184
98 105 388 33
98 106 489 335
98 107 215 304
98 108 502 195
98 109 674 39
98 110 234 54
98 111 782 286
99 102 590 261
99 103 607 44
99 104 677 332
99 105 157 149
99 106 82 26
99 107 802 213
99 108 401 331
99 109 732 184
99 110 217 60
99 111 835 87
100 102 857 331
100 103 3 19
100 104 642 68
100 105 252 254
100 106 934 293
100 107 696 251
100 108 286 67
100 109 30 314
100 110 927 309
100 111 465 168
101 102 433 304
101 103 428 90
101 104 783 49
101 105 833 205
101 106 761 15
101 107 860 276
101 108 917 56
101 109 964 353
101 110 104 187
101 111 167 198
102 112 497 64
102 113 270 238
102 114 271 46
102 115 978 316
102 116 505 74
102 117 409 94
102 118 33 25
102 119 445 208
102 120 278 126
102 121 880 20
103 112 274 336
103 113 9 330
103 114 955 139
103 115 896 220
103 116 735 165
103 117 210 129
103 118 172 165
103 119 1000 137
103 120 270 267
103 121 465 93
104 112 446 288
104 113 43 237
104 114 303 208
104 115 791 112
104 116 317 151
104 117 935 319
104 118 522 310
104 119 243 150
104 120 163 12
104 121 599 278
105 112 137 10
105 113 118 274
105 114 348 196
105 115 701 264
105 116 828 68
105 117 836 297
105 118 228 219
105 119 232 3
105 120 469 103
105 121 685 53
106 112 832 13
106 113 399 223
106 114 463 80
106 115 792 269
106 116 718 7
106 117 349 309
106 118 531 171
106 119 683 126
106 120 88 107
106 121 935 351
107 112 145 40
107 113 146 242
107 114 181 91
107 115 589 79
107 116 35 8
107 117 556 346
107 118 713 148
107 119 615 224
107 120 592 329
107 121 28 263
108 112 899 208
108 113 164 197
108 114 626 339
108 115 985 65
108 116 136 205
108 117 789 85
108 118 494 337
108 119 123 63
108 120 252 335
108 121 908 251
109 112 741 301
109 113 901 69
109 114 716 87
109 115 771 13
109 116 644 283
109 117 993 347
109 118 349 79
109 119 377 176
109 120 715 304
109 121 342 133
110 112 860 195
110 113 631 80
110 114 401 123
110 115 712 350
110 116 280 262
110 117 415 262
110 118 388 305
110 119 188 146
110 120 41 24
110 121 96 293
111 112 213 263
111 113 433 23
111 114 937 219
111 115 240 156
111 116 836 205
111 117 871 89
111 118 442 42
111 119 445 281
111 120 414 273
111 121 18 76
112 122 640 91
112 123 283 137
112 124 235 29
112 125 107 137
112 126 103 47
112 127 201 270
112 128 600 36
112 129 584 217
112 130 843 343
112 131 667 226
113 122 543 259
113 123 91 29
113 124 857 150
113 125 397 292
113 126 680 148
113 127 686 102
113 128 67 85
113 129 869 42
113 130 663 44
113 131 622 8
114 122 74 58
114 123 164 235
114 124 786 339
114 125 2 105
114 126 877 157
114 127 729 134
114 128 883 255
114 129 299 131
114 130 694 338
114 131 462 267
115 122 435 232
115 123 917 343
115 124 651 56
115 125 956 234
115 126 924 172
115 127 103 203
115 128 33 298
115 129 733 56
115 130 692 112
115 131 183 18
116 122 912 236
116 123 963 142
116 124 900 272
116 125 553 55
116 126 842 128
116 127 204 126
116 128 806 230
116 129 881 134
116 130 787 99
116 131 948 258
117 122 764 196
117 123 190 246
117 124 199 284
117 125 824 223
117 126 750 292
117 127 783 5
117 128 478 317
117 129 665 145
117 130 860 216
117 131 912 63
118 122 726 178
118 123 347 70
118 124 107 176
118 125 917 230
118 126 100 334
118 127 992 245
118 128 911 57
118 129 856 197
118 130 486 85
118 131 133 104
119 122 57 103
119 123 754 160
119 124 540 229
119 125 155 61
119 126 187 292
119 127 471 261
119 128 807 197
119 129 887 349
119 130 347 258
119 131 677 225
120 122 511 81
120 123 500 75
120 124 245 297
120 125 940 30
120 126 776 330
120 127 472 26
120 128 165 236
120 129 671 106
120 130 279 295
120 131 894 342
121 122 717 132
121 123 58 240
121 124 825 179
121 125 80 134
121 126 401 50
121 127 437 228
121 128 42 327
121 129 39 219
121 130 466 58
121 131 952 281
122 132 243 195
122 133 344 171
122 134 217 135
122 135 678 140
122 136 190 251
122 137 181 23
122 138 99 292
122 139 74 140
122 140 247 259
122 141 197 31
123 132 369 3
123 133 58 22
123 134 310 335
123 135 866 260
123 136 741 318
123 137 757 102
123 138 11 32
123 139 235 26
123 140 933 215
123 141 190 326
124 132 182 243
124 133 411 118
124 134 709 290
124 135 18 80
124 136 518 177
124 137 132 146
124 138 641 36
124 139 991 258
124 140 118 44
124 141 650 17
125 132 673 248
125 133 770 254
125 134 370 305
125 135 637 143
125 136 619 174
125 137 103 153
125 138 680 40
125 139 271 186
125 140 255 243
125 141 146 279
126 132 977 63
126 133 879 252
126 134 848 237
126 135 637 4
126 136 26 189
126 137 293 74
126 138 295 306
126 139 898 188
126 140 406 228
126 141 729 44
127 132 338 299
127 133 199 136
127 134 453 220
127 135 859 353
127 136 172 72
127 137 699 282
127 138 483 106
127 139 931 32
127 140 799 326
127 141 902 73
128 132 75 350
128 133 473 43
128 134 514 78
128 135 368 18
128 136 755 216
128 137 773 263
128 138 987 241
128 139 110 123
128 140 305 276
128 141 109 39
129 132 704 74
129 133 236 169
129 134 428 44
129 135 148 233
129 136 316 126
129 137 479 72
129 138 404 89
129 139 256 210
129 140 395 344
129 141 446 115
130 132 557 174
130 133 156 125
130 134 273 224
130 135 626 13
130 136 484 344
130 137 532 229
130 138 401 39
130 139 594 181
130 140 658 101
130 141 919 107
131 132 155 216
131 133 750 72
131 134 118 176
131 135 16 322
131 136 262 28
131 137 357 257
131 138 428 63
131 139 892 169
131 140 301 215
131 141 104 218
132 142 339 152
132 143 101 136
132 144 794 114
132 145 895 66
132 146 643 2
132 147 687 324
132 148 972 285
132 149 276 179
132 150 751 132
132 151 333 308
133 142 200 256
133 143 922 270
133 144 985 308
133 145 253 221
133 146 59 94
133 147 709 207
133 148 312 20
133 149 732 214
133 150 476 334
133 151 139 335
134 142 389 321
134 143 259 346
134 144 276 6
134 145 609 214
134 146 316 256
134 147 600 328
134 148 473 216
134 149 730 224
134 150 631 163
134 151 349 269
135 142 328 143
135 143 675 73
135 144 724 103
135 145 461 279
135 146 929 328
135 147 91 167
135 148 552 236
135 149 463 345
135 150 768 109
135 151 13 59
136 142 521 58
136 143 235 70
136 144 684 44
136 145 209 324
136 146 518 165
136 147 700 254
136 148 112 112
136 149 458 138
136 150 579 209
136 151 337 77
137 142 792 226
137 143 758 98
137 144 121 353
137 145 499 319
137 146 266 323
137 147 468 220
137 148 668 312
137 149 44 68
137 150 855 321
137 151 174 169
138 142 102 184
138 143 13 126
138 144 182 256
138 145 328 331
138 146 710 218
138 147 656 199
138 148 775 2
138 149 738 137
138 150 535 223
138 151 627 325
139 142 59 140
139 143 154 304
139 144 792 181
139 145 565 344
139 146 125 274
139 147 732 158
139 148 14 140
139 149 656 355
139 150 102 110
139 151 167 179
140 142 558 85
140 143 69 316
140 144 312 34
140 145 589 275
140 146 182 148
140 147 653 247
140 148 854 52
140 149 638 71
140 150 550 7
140 151 462 305
141 142 181 138
141 143 35 67
141 144 118 25
141 145 874 342
141 146 752 226
141 147 678 1
141 148 956 94
141 149 645 82
141 150 627 156
141 151 395 236
142 152 358 231
143 152 501 315
144 152 832 103
145 152 810 246
146 152 919 219
147 152 570 304
148 152 629 25
149 152 994 176
150 152 89 268
151 152 808 126
