152 1440 1 152 7 360
1 2 296 100
1 3 712 35
1 4 190 128
1 5 384 253
1 6 147 103
1 7 891 270
1 8 254 111
1 9 490 209
1 10 457 229
1 11 948 243
1 122 26226 68
2 12 639 147
2 13 381 170
2 14 584 62
2 15 343 293
2 16 763 290
2 17 241 205
2 18 171 350
2 19 690 261
2 20 31 203
2 21 454 175
3 12 743 237
3 13 196 354
3 14 157 240
3 15 262 39
3 16 58 299
3 17 371 100
3 18 623 284
3 19 362 135
3 20 908 67
3 21 420 355
3 25 18653 42
4 12 492 279
4 13 988 131
4 14 886 17
4 15 193 257
4 16 32 87
4 17 998 305
4 18 398 181
4 19 568 40
4 20 739 78
4 21 539 225
4 40 25821 42
5 12 403 296
5 13 26 325
5 14 370 1
5 15 982 35
5 16 555 122
5 17 326 257
5 18 155 295
5 19 738 249
5 20 264 24
5 21 922 178
6 12 951 83
6 13 696 349
6 14 876 87
6 15 331 203
6 16 577 146
6 17 604 267
6 18 938 111
6 19 78 228
6 20 921 153
6 21 894 330
6 130 30418 179
7 12 967 65
7 13 46 275
7 14 758 5
7 15 159 349
7 16 230 25
7 17 715 86
7 18 61 225
7 19 583 36
7 20 50 51
7 21 984 241
8 12 110 88
8 13 28 320
8 14 114 307
8 15 865 293
8 16 442 278
8 17 502 134
8 18 684 47
8 19 940 212
8 20 782 351
8 21 887 300
9 12 260 136
9 13 922 330
9 14 249 301
9 15 707 140
9 16 476 27
9 17 15 10
9 18 553 210
9 19 238 300
9 20 889 359
9 21 713 360
9 73 23086 106
10 12 977 355
10 13 45 226
10 14 82 160
10 15 80 137
10 16 800 114
10 17 676 182
10 18 296 340
10 19 771 105
10 20 584 61
10 21 553 290
11 12 132 187
11 13 686 13
11 14 108 156
11 15 486 114
11 16 841 132
11 17 867 213
11 18 861 154
11 19 567 260
11 20 270 121
11 21 641 230
12 22 223 17
12 23 105 276
12 24 73 109
12 25 230 93
12 26 679 63
12 27 639 21
12 28 164 335
12 29 220 183
12 30 878 209
12 31 651 246
13 22 436 100
13 23 772 172
13 24 33 277
13 25 564 79
13 26 201 194
13 27 993 228
13 28 41 10
13 29 486 310
13 30 556 20
13 31 917 25
13 137 20579 249
14 22 460 67
14 23 871 137
14 24 897 130
14 25 302 202
14 26 876 356
14 27 489 140
14 28 195 155
14 29 649 315
14 30 555 77
14 31 122 84
15 22 303 19
15 23 412 316
15 24 421 208
15 25 987 91
15 26 719 237
15 27 263 167
15 28 453 211
15 29 84 221
15 30 315 194
15 31 666 169
16 22 258 11
16 23 52 203
16 24 100 360
16 25 29 20
16 26 65 119
16 27 391 133
16 28 883 116
16 29 637 271
16 30 735 205
16 31 295 25
17 22 898 52
17 23 102 35
17 24 234 56
17 25 415 336
17 26 716 126
17 27 763 71
17 28 547 247
17 29 183 285
17 30 119 163
17 31 275 95
17 114 15994 175
18 22 294 226
18 23 759 265
18 24 526 15
18 25 691 265
18 26 197 154
18 27 471 146
18 28 349 325
18 29 351 137
18 30 967 181
18 31 753 223
19 22 445 256
19 23 249 244
19 24 411 39
19 25 139 137
19 26 644 293
19 27 401 87
19 28 949 222
19 29 306 79
19 30 570 289
19 31 381 133
20 22 34 338
20 23 435 181
20 24 408 309
20 25 140 227
20 26 1000 305
20 27 552 265
20 28 909 319
20 29 907 66
20 30 946 255
20 31 815 173
21 22 852 223
21 23 565 269
21 24 49 134
21 25 825 68
21 26 455 193
21 27 466 221
21 28 836 170
21 29 390 52
21 30 476 268
21 31 184 239
22 32 896 95
22 33 250 223
22 34 636 273
22 35 203 79
22 36 903 52
22 37 143 26
22 38 626 349
22 39 572 97
22 40 786 174
22 41 595 123
23 32 758 33
23 33 846 91
23 34 79 308
23 35 206 167
23 36 766 50
23 37 597 171
23 38 656 205
23 39 841 150
23 40 975 269
23 41 823 355
24 32 932 237
24 33 648 273
24 34 2 81
24 35 799 229
24 36 591 26
24 37 851 94
24 38 65 318
24 39 875 77
24 40 3 37
24 41 485 247
25 32 996 178
25 33 74 291
25 34 385 187
25 35 599 298
25 36 346 336
25 37 803 343
25 38 617 124
25 39 101 103
25 40 540 85
25 41 938 231
26 32 149 37
26 33 556 275
26 34 127 29
26 35 236 272
26 36 89 184
26 37 257 298
26 38 465 164
26 39 151 357
26 40 764 347
26 41 394 62
27 32 507 111
27 33 664 238
27 34 630 320
27 35 207 268
27 36 62 108
27 37 80 34
27 38 319 51
27 39 136 212
27 40 211 37
27 41 2 6
28 32 662 302
28 33 741 62
28 34 545 76
28 35 933 205
28 36 51 172
28 37 676 36
28 38 197 46
28 39 420 277
28 40 145 260
28 41 853 66
29 32 261 145
29 33 669 34
29 34 646 101
29 35 427 106
29 36 247 332
29 37 230 182
29 38 328 41
29 39 506 188
29 40 771 39
29 41 423 338
30 32 533 189
30 33 267 253
30 34 165 198
30 35 329 329
30 36 446 182
30 37 203 247
30 38 875 216
30 39 744 105
30 40 825 115
30 41 139 210
30 102 28485 294
31 32 846 246
31 33 624 321
31 34 16 44
31 35 905 50
31 36 234 247
31 37 443 3
31 38 809 108
31 39 437 275
31 40 860 194
31 41 154 188
32 42 242 23
32 43 481 346
32 44 132 162
32 45 82 344
32 46 292 297
32 47 875 185
32 48 187 149
32 49 890 202
32 50 938 342
32 51 979 111
32 96 19646 94
33 42 993 10
33 43 747 308
33 44 237 306
33 45 333 135
33 46 807 174
33 47 625 118
33 48 845 174
33 49 38 5
33 50 988 360
33 51 723 105
34 42 119 268
34 43 861 50
34 44 853 143
34 45 917 31
34 46 997 171
34 47 920 204
34 48 860 273
34 49 361 176
34 50 40 153
34 51 423 128
35 42 876 77
35 43 148 118
35 44 488 215
35 45 654 353
35 46 173 297
35 47 36 96
35 48 437 28
35 49 786 59
35 50 722 264
35 51 784 17
36 42 490 252
36 43 334 263
36 44 783 168
36 45 975 344
36 46 513 188
36 47 810 78
36 48 363 77
36 49 825 283
36 50 721 125
36 51 786 53
37 42 85 57
37 43 632 339
37 44 603 8
37 45 927 165
37 46 814 296
37 47 211 72
37 48 258 174
37 49 908 353
37 50 466 251
37 51 329 301
38 42 698 336
38 43 276 252
38 44 853 147
38 45 585 128
38 46 916 163
38 47 875 253
38 48 398 68
38 49 477 326
38 50 503 130
38 51 838 46
39 42 216 85
39 43 206 264
39 44 735 195
39 45 529 213
39 46 351 21
39 47 298 146
39 48 574 237
39 49 20 188
39 50 933 10
39 51 383 283
40 42 108 27
40 43 872 104
40 44 552 234
40 45 446 285
40 46 301 349
40 47 813 211
40 48 968 329
40 49 896 140
40 50 205 262
40 51 556 110
40 112 23849 23
41 42 950 282
41 43 264 310
41 44 625 247
41 45 207 297
41 46 586 79
41 47 589 202
41 48 680 346
41 49 376 288
41 50 171 348
41 51 462 349
42 52 843 259
42 53 855 166
42 54 342 204
42 55 216 253
42 56 636 155
42 57 148 194
42 58 840 76
42 59 775 31
42 60 156 55
42 61 492 50
43 52 923 161
43 53 799 298
43 54 303 54
43 55 80 131
43 56 339 329
43 57 39 142
43 58 714 26
43 59 523 153
43 60 761 102
43 61 613 158
44 52 702 252
44 53 369 18
44 54 679 358
44 55 494 43
44 56 929 202
44 57 629 273
44 58 144 70
44 59 28 27
44 60 199 346
44 61 835 341
45 52 763 256
45 53 349 117
45 54 434 48
45 55 431 230
45 56 435 34
45 57 22 318
45 58 476 253
45 59 203 207
45 60 61 130
45 61 688 7
45 142 17784 294
46 52 963 345
46 53 126 243
46 54 38 50
46 55 438 158
46 56 340 94
46 57 920 199
46 58 429 168
46 59 548 231
46 60 191 82
46 61 750 144
47 52 725 57
47 53 683 128
47 54 38 256
47 55 362 1
47 56 762 230
47 57 46 273
47 58 609 18
47 59 156 221
47 60 883 36
47 61 6 256
48 52 62 82
48 53 544 91
48 54 489 101
48 55 661 292
48 56 125 69
48 57 836 212
48 58 138 146
48 59 648 115
48 60 388 161
48 61 471 178
48 141 22661 243
49 52 1 193
49 53 487 80
49 54 319 338
49 55 536 241
49 56 579 82
49 57 572 182
49 58 491 357
49 59 903 335
49 60 278 85
49 61 344 286
50 52 728 349
50 53 116 167
50 54 727 328
50 55 580 83
50 56 252 31
50 57 785 287
50 58 776 7
50 59 213 344
50 60 201 246
50 61 254 252
51 52 93 246
51 53 42 312
51 54 201 151
51 55 441 324
51 56 859 76
51 57 392 116
51 58 708 259
51 59 864 19
51 60 953 278
51 61 706 304
52 62 4 306
52 63 51 38
52 64 902 232
52 65 652 54
52 66 987 110
52 67 298 288
52 68 467 166
52 69 248 146
52 70 306 358
52 71 183 75
52 108 21897 237
53 62 912 18
53 63 610 198
53 64 533 42
53 65 183 98
53 66 625 300
53 67 566 231
53 68 941 65
53 69 532 259
53 70 79 7
53 71 158 256
54 62 99 42
54 63 4 270
54 64 530 289
54 65 581 268
54 66 638 254
54 67 840 35
54 68 671 24
54 69 656 143
54 70 386 51
54 71 783 33
55 62 513 352
55 63 886 156
55 64 746 243
55 65 394 87
55 66 155 342
55 67 652 249
55 68 977 2
55 69 18 283
55 70 883 350
55 71 216 48
56 62 805 317
56 63 439 6
56 64 480 38
56 65 334 92
56 66 86 137
56 67 107 98
56 68 969 229
56 69 804 162
56 70 466 351
56 71 262 92
57 62 601 282
57 63 224 48
57 64 93 104
57 65 922 213
57 66 263 341
57 67 112 299
57 68 752 119
57 69 746 330
57 70 321 358
57 71 880 167
58 62 693 1
58 63 129 342
58 64 623 61
58 65 999 188
58 66 828 271
58 67 319 61
58 68 843 115
58 69 62 125
58 70 890 81
58 71 466 160
59 62 555 152
59 63 845 3
59 64 473 329
59 65 26 82
59 66 525 43
59 67 542 290
59 68 771 71
59 69 655 342
59 70 509 216
59 71 613 353
60 62 980 28
60 63 855 24
60 64 417 203
60 65 816 62
60 66 143 153
60 67 908 315
60 68 380 174
60 69 941 127
60 70 956 6
60 71 73 340
61 62 322 286
61 63 477 11
61 64 119 121
61 65 441 34
61 66 978 350
61 67 149 331
61 68 521 204
61 69 306 292
61 70 146 247
61 71 314 75
62 72 409 62
62 73 1 40
62 74 470 231
62 75 746 295
62 76 772 323
62 77 913 198
62 78 936 67
62 79 976 318
62 80 604 131
62 81 126 210
63 72 412 294
63 73 940 220
63 74 405 56
63 75 424 110
63 76 135 321
63 77 938 200
63 78 294 281
63 79 381 312
63 80 292 133
63 81 924 146
64 72 311 293
64 73 809 351
64 74 68 181
64 75 994 107
64 76 19 132
64 77 446 235
64 78 57 351
64 79 105 359
64 80 784 239
64 81 242 283
65 72 447 147
65 73 988 241
65 74 681 205
65 75 54 4
65 76 799 292
65 77 190 96
65 78 862 94
65 79 465 236
65 80 278 222
65 81 221 126
66 72 236 54
66 73 959 220
66 74 582 150
66 75 384 85
66 76 749 128
66 77 867 11
66 78 844 168
66 79 861 315
66 80 893 173
66 81 151 113
67 72 247 157
67 73 242 208
67 74 33 57
67 75 328 331
67 76 900 314
67 77 172 191
67 78 940 234
67 79 798 29
67 80 874 125
67 81 644 174
67 126 16582 334
68 72 506 161
68 73 131 297
68 74 194 228
68 75 529 96
68 76 403 275
68 77 420 289
68 78 865 279
68 79 323 296
68 80 296 245
68 81 232 201
69 72 519 356
69 73 168 199
69 74 900 294
69 75 626 328
69 76 739 106
69 77 712 114
69 78 354 250
69 79 842 354
69 80 433 15
69 81 792 208
70 72 635 207
70 73 842 42
70 74 960 99
70 75 354 279
70 76 750 9
70 77 82 304
70 78 72 26
70 79 403 58
70 80 184 60
70 81 422 195
71 72 515 236
71 73 228 234
71 74 362 203
71 75 712 37
71 76 740 109
71 77 18 256
71 78 762 147
71 79 181 234
71 80 718 347
71 81 882 7
72 82 642 292
72 83 343 52
72 84 161 232
72 85 583 23
72 86 668 256
72 87 307 344
72 88 368 278
72 89 200 312
72 90 401 227
72 91 376 288
73 82 161 175
73 83 866 44
73 84 490 177
73 85 621 98
73 86 264 138
73 87 621 108
73 88 889 201
73 89 690 202
73 90 67 168
73 91 779 352
74 82 495 7
74 83 871 42
74 84 524 58
74 85 233 354
74 86 460 251
74 87 390 236
74 88 51 332
74 89 307 328
74 90 60 300
74 91 744 330
74 137 29812 147
75 82 823 95
75 83 907 93
75 84 203 59
75 85 458 340
75 86 469 38
75 87 284 133
75 88 426 221
75 89 950 256
75 90 558 93
75 91 568 358
76 82 183 181
76 83 924 145
76 84 162 312
76 85 767 80
76 86 947 360
76 87 861 159
76 88 618 254
76 89 354 42
76 90 542 200
76 91 590 329
77 82 633 130
77 83 614 348
77 84 733 90
77 85 504 220
77 86 546 357
77 87 81 303
77 88 984 11
77 89 468 96
77 90 987 156
77 91 549 144
78 82 178 76
78 83 336 136
78 84 497 87
78 85 749 19
78 86 767 214
78 87 702 307
78 88 355 237
78 89 679 183
78 90 572 109
78 91 660 310
79 82 23 246
79 83 484 327
79 84 991 209
79 85 424 304
79 86 894 5
79 87 668 259
79 88 192 167
79 89 316 40
79 90 160 281
79 91 740 156
80 82 676 151
80 83 307 109
80 84 551 2
80 85 869 112
80 86 192 97
80 87 987 84
80 88 622 340
80 89 769 304
80 90 43 132
80 91 448 248
81 82 669 353
81 83 141 65
81 84 360 134
81 85 267 222
81 86 703 268
81 87 731 65
81 88 268 358
81 89 431 211
81 90 115 259
81 91 688 111
82 92 664 335
82 93 250 219
82 94 218 250
82 95 414 185
82 96 221 192
82 97 486 117
82 98 1 36
82 99 313 85
82 100 630 357
82 101 715 266
83 92 45 214
83 93 253 304
83 94 919 320
83 95 881 81
83 96 345 104
83 97 365 139
83 98 369 102
83 99 688 178
83 100 209 197
83 101 327 92
84 92 861 357
84 93 806 201
84 94 738 116
84 95 191 294
84 96 13 262
84 97 813 99
84 98 20 173
84 99 863 67
84 100 179 15
84 101 517 235
85 92 886 218
85 93 243 194
85 94 307 132
85 95 405 190
85 96 418 311
85 97 810 76
85 98 843 143
85 99 35 112
85 100 59 220
85 101 979 200
86 92 517 341
86 93 80 97
86 94 130 74
86 95 966 68
86 96 378 250
86 97 95 270
86 98 501 80
86 99 718 133
86 100 52 73
86 101 440 301
86 114 28439 153
87 92 789 53
87 93 950 124
87 94 619 39
87 95 253 322
87 96 537 181
87 97 879 55
87 98 878 264
87 99 839 196
87 100 349 74
87 101 666 41
88 92 325 214
88 93 579 7
88 94 789 218
88 95 45 199
88 96 34 360
88 97 268 289
88 98 356 224
88 99 280 196
88 100 554 348
88 101 758 247
89 92 346 172
89 93 997 132
89 94 485 286
89 95 695 297
89 96 848 306
89 97 691 277
89 98 404 238
89 99 299 324
89 100 218 83
89 101 725 332
90 92 927 235
90 93 148 13
90 94 666 84
90 95 796 202
90 96 635 195
90 97 309 292
90 98 645 115
90 99 319 88
90 100 271 326
90 101 483 208
91 92 82 15
91 93 189 283
91 94 204 321
91 95 169 236
91 96 283 172
91 97 531 192
91 98 298 172
91 99 549 278
91 100 42 187
91 101 468 220
92 102 737 86
92 103 805 304
92 104 315 284
92 105 209 105
92 106 106 78
92 107 295 87
92 108 164 182
92 109 385 89
92 110 444 218
92 111 864 233
92 139 26047 42
93 102 945 151
93 103 285 127
93 104 705 42
93 105 341 124
93 106 300 222
93 107 280 158
93 108 260 50
93 109 558 196
93 110 199 230
93 111 152 282
94 102 744 245
94 103 943 183
94 104 134 215
94 105 560 158
94 106 444 47
94 107 199 307
94 108 53 35
94 109 831 14
94 110 661 295
94 111 507 296
95 102 950 223
95 103 464 211
95 104 498 355
95 105 348 279
95 106 981 258
95 107 662 193
95 108 547 76
95 109 576 255
95 110 331 282
95 111 79 305
96 102 840 333
96 103 116 8
96 104 957 42
96 105 407 287
96 106 103 217
96 107 260 42
96 108 440 235
96 109 520 94
96 110 38 219
96 111 81 333
97 102 95 24
97 103 759 355
97 104 430 41
97 105 216 210
97 106 744 210
97 107 146 72
97 108 205 84
97 109 995 315
97 110 937 228
97 111 54 307
98 102 369 72
98 103 404 23
98 104 544 237
98 105 447 285
98 106 391 89
98 107 822 306
98 108 380 244
98 109 721 261
98 110 354 188
98 111 240 159
99 102 493 31
99 103 847 250
99 104 771 111
99 105 638 192
99 106 998 344
99 107 551 55
99 108 67 42
99 109 277 170
99 110 681 295
99 111 830 102
100 102 397 199
100 103 374 92
100 104 745 251
100 105 549 2
100 106 222 122
100 107 510 50
100 108 256 319
100 109 644 118
100 110 915 158
100 111 726 92
100 133 28596 87
101 102 93 215
101 103 632 300
101 104 193 130
101 105 7 71
101 106 995 152
101 107 149 319
101 108 811 95
101 109 74 9
101 110 204 25
101 111 126 261
101 149 23052 72
102 112 63 108
102 113 251 232
102 114 285 293
102 115 221 29
102 116 131 315
102 117 194 320
102 118 560 224
102 119 133 104
102 120 480 107
102 121 502 7
103 112 879 100
103 113 359 223
103 114 225 351
103 115 441 74
103 116 873 270
103 117 218 115
103 118 693 226
103 119 116 316
103 120 29 199
103 121 391 88
104 112 697 166
104 113 742 310
104 114 748 271
104 115 300 169
104 116 167 96
104 117 305 25
104 118 857 261
104 119 488 320
104 120 462 148
104 121 806 114
105 112 228 164
105 113 861 164
105 114 150 259
105 115 887 124
105 116 759 129
105 117 133 47
105 118 592 57
105 119 215 73
105 120 60 54
105 121 47 59
106 112 122 286
106 113 595 4
106 114 374 115
106 115 234 186
106 116 884 338
106 117 618 174
106 118 501 230
106 119 602 256
106 120 966 163
106 121 195 143
107 112 987 102
107 113 427 189
107 114 22 277
107 115 866 156
107 116 595 235
107 117 51 13
107 118 886 305
107 119 34 63
107 120 12 167
107 121 245 330
108 112 142 181
108 113 453 266
108 114 185 127
108 115 161 117
108 116 79 128
108 117 262 144
108 118 237 278
108 119 307 225
108 120 123 334
108 121 493 120
109 112 404 120
109 113 451 90
109 114 664 226
109 115 142 324
109 116 80 228
109 117 546 180
109 118 836 317
109 119 315 43
109 120 843 192
109 121 332 149
110 112 598 53
110 113 667 284
110 114 431 300
110 115 448 64
110 116 616 241
110 117 909 115
110 118 583 188
110 119 932 150
110 120 316 129
110 121 751 352
111 112 650 189
111 113 359 48
111 114 44 181
111 115 4 139
111 116 517 241
111 117 774 312
111 118 154 311
111 119 545 274
111 120 778 124
111 121 173 355
112 122 721 270
112 123 102 63
112 124 902 295
112 125 831 54
112 126 438 309
112 127 389 308
112 128 407 290
112 129 728 179
112 130 237 29
112 131 738 14
113 122 319 64
113 123 461 182
113 124 369 123
113 125 215 147
113 126 771 208
113 127 361 241
113 128 708 69
113 129 807 349
113 130 577 255
113 131 421 187
114 122 660 118
114 123 912 118
114 124 796 114
114 125 277 23
114 126 541 141
114 127 891 46
114 128 717 145
114 129 277 83
114 130 111 285
114 131 793 212
115 122 813 268
115 123 484 201
115 124 60 354
115 125 298 131
115 126 720 344
115 127 26 243
115 128 543 326
115 129 655 265
115 130 682 342
115 131 184 301
115 148 15923 59
116 122 679 205
116 123 10 282
116 124 708 218
116 125 260 15
116 126 517 342
116 127 366 280
116 128 469 67
116 129 122 280
116 130 538 61
116 131 932 258
117 122 591 312
117 123 617 113
117 124 325 85
117 125 96 230
117 126 363 331
117 127 788 35
117 128 260 61
117 129 516 339
117 130 496 202
117 131 489 330
118 122 486 229
118 123 985 73
118 124 447 13
118 125 132 28
118 126 662 64
118 127 733 97
118 128 797 353
118 129 430 173
118 130 192 341
118 131 125 275
119 122 831 129
119 123 641 303
119 124 446 94
119 125 345 236
119 126 443 279
119 127 104 120
119 128 978 305
119 129 706 203
119 130 206 64
119 131 939 293
120 122 849 175
120 123 266 74
120 124 463 21
120 125 136 26
120 126 40 286
120 127 564 177
120 128 115 313
120 129 499 304
120 130 410 59
120 131 873 356
121 122 405 121
121 123 611 29
121 124 754 113
121 125 164 188
121 126 202 151
121 127 581 209
121 128 80 324
121 129 876 27
121 130 738 168
121 131 69 288
122 132 931 9
122 133 333 33
122 134 159 302
122 135 168 104
122 136 601 335
122 137 147 149
122 138 154 162
122 139 596 221
122 140 607 283
122 141 240 329
123 132 617 74
123 133 205 288
123 134 22 161
123 135 390 256
123 136 764 295
123 137 47 26
123 138 157 295
123 139 426 63
123 140 107 87
123 141 199 77
124 132 346 173
124 133 583 254
124 134 944 322
124 135 764 336
124 136 306 47
124 137 237 102
124 138 878 8
124 139 905 5
124 140 62 43
124 141 117 84
125 132 814 149
125 133 517 300
125 134 438 197
125 135 494 217
125 136 514 278
125 137 884 308
125 138 782 40
125 139 804 295
125 140 5 74
125 141 408 335
126 132 843 99
126 133 15 26
126 134 32 335
126 135 430 69
126 136 891 284
126 137 543 318
126 138 294 157
126 139 994 200
126 140 496 192
126 141 397 267
127 132 179 159
127 133 6 348
127 134 595 172
127 135 318 304
127 136 543 104
127 137 782 136
127 138 228 225
127 139 201 323
127 140 92 81
127 141 227 41
128 132 923 145
128 133 598 299
128 134 840 220
128 135 657 339
128 136 486 8
128 137 215 355
128 138 692 158
128 139 369 252
128 140 440 167
128 141 950 305
129 132 706 50
129 133 221 19
129 134 9 345
129 135 84 326
129 136 545 165
129 137 767 261
129 138 167 187
129 139 847 358
129 140 146 70
129 141 560 311
130 132 729 277
130 133 742 210
130 134 745 157
130 135 287 130
130 136 716 182
130 137 819 1
130 138 511 67
130 139 866 179
130 140 139 122
130 141 787 71
131 132 591 84
131 133 689 194
131 134 190 304
131 135 591 322
131 136 700 179
131 137 301 346
131 138 552 97
131 139 69 282
131 140 600 28
131 141 683 267
132 142 257 22
132 143 584 220
132 144 322 22
132 145 205 352
132 146 114 354
132 147 354 266
132 148 353 121
132 149 711 224
132 150 538 2
132 151 453 50
133 142 860 36
133 143 970 125
133 144 968 109
133 145 603 100
133 146 822 320
133 147 397 61
133 148 449 134
133 149 107 86
133 150 94 35
133 151 127 22
134 142 875 346
134 143 977 175
134 144 872 309
134 145 880 55
134 146 450 177
134 147 114 152
134 148 912 63
134 149 830 146
134 150 812 41
134 151 331 86
135 142 726 6
135 143 106 67
135 144 297 289
135 145 642 277
135 146 781 60
135 147 520 305
135 148 444 308
135 149 411 227
135 150 659 161
135 151 295 295
136 142 888 4
136 143 65 100
136 144 726 155
136 145 744 152
136 146 336 17
136 147 612 313
136 148 344 299
136 149 287 66
136 150 744 268
136 151 164 205
137 142 616 268
137 143 517 293
137 144 277 312
137 145 671 118
137 146 754 19
137 147 201 337
137 148 696 67
137 149 43 255
137 150 755 276
137 151 723 289
138 142 334 219
138 143 53 120
138 144 11 32
138 145 842 24
138 146 513 241
138 147 560 90
138 148 915 6
138 149 938 342
138 150 609 116
138 151 351 285
139 142 882 6
139 143 997 245
139 144 137 295
139 145 484 131
139 146 905 209
139 147 809 32
139 148 350 88
139 149 6 78
139 150 124 263
139 151 695 261
140 142 64 333
140 143 276 277
140 144 19 193
140 145 352 25
140 146 430 158
140 147 967 76
140 148 953 341
140 149 397 45
140 150 932 309
140 151 517 107
141 142 594 52
141 143 467 47
141 144 225 354
141 145 618 110
141 146 731 141
141 147 684 218
141 148 843 266
141 149 133 215
141 150 959 145
141 151 696 7
142 152 413 315
143 152 675 245
144 152 632 133
145 152 857 226
146 152 429 68
147 152 631 49
148 152 812 267
149 152 633 71
150 152 889 272
151 152 334 9
