152 1704 1 152 7 426
1 2 972 24
1 3 559 341
1 4 920 168
1 5 187 282
1 6 604 278
1 7 565 234
1 8 238 22
1 9 669 204
1 10 843 361
1 11 95 95
2 3 404 177
2 4 656 337
2 5 130 113
2 8 129 61
2 10 83 65
3 2 404 414
3 4 505 409
3 6 762 201
3 10 817 243
3 11 149 325
3 12 97 110
3 13 656 405
3 14 875 47
3 15 827 127
3 16 607 45
3 17 861 126
3 18 917 53
3 19 704 257
3 20 300 120
3 21 265 173
4 2 656 75
4 3 505 46
4 6 437 287
4 7 971 157
4 9 871 167
4 10 513 185
4 11 824 207
4 12 652 408
4 13 979 63
4 14 753 255
4 15 263 134
4 16 845 85
4 17 22 66
4 18 178 327
4 19 507 3
4 20 39 320
4 21 809 363
5 2 130 331
5 12 688 180
5 13 37 423
5 14 782 42
5 15 642 236
5 16 125 281
5 17 723 133
5 18 57 98
5 19 101 111
5 20 497 244
5 21 955 415
6 3 762 388
6 4 437 153
6 12 796 115
6 13 236 45
6 14 379 22
6 15 583 364
6 16 737 69
6 17 908 403
6 18 509 17
6 19 719 263
6 20 686 60
6 21 461 250
7 4 971 254
7 12 964 192
7 13 62 223
7 14 591 59
7 15 707 346
7 16 884 14
7 17 222 86
7 18 107 164
7 19 886 81
7 20 79 61
7 21 977 134
8 2 129 26
8 12 483 394
8 13 689 396
8 14 286 63
8 15 72 373
8 16 359 141
8 17 155 303
8 18 590 75
8 19 802 241
8 20 520 397
8 21 74 146
9 4 871 301
9 12 83 286
9 13 795 153
9 14 158 24
9 15 821 340
9 16 753 207
9 17 960 133
9 18 271 348
9 19 134 188
9 20 41 298
9 21 929 217
10 2 83 177
10 3 817 349
10 4 513 133
10 12 131 238
10 13 151 16
10 14 849 54
10 15 474 269
10 16 533 387
10 17 489 398
10 18 214 26
10 19 51 133
10 20 910 293
10 21 679 258
11 3 149 134
11 4 824 358
11 12 136 234
11 13 529 303
11 14 152 216
11 15 538 326
11 16 770 106
11 17 150 411
11 18 785 117
11 19 100 64
11 20 114 251
11 21 397 195
12 13 954 388
12 14 13 323
12 16 80 109
12 18 888 190
12 20 452 400
13 12 954 148
13 14 364 369
13 16 101 232
13 19 856 296
13 20 415 40
13 21 97 218
13 22 194 216
13 23 279 157
13 24 316 214
13 25 986 375
13 26 615 42
13 27 273 268
13 28 577 146
13 29 107 338
13 30 251 31
13 31 332 389
14 12 13 4
14 13 364 68
14 17 900 101
14 19 474 289
14 21 45 18
14 22 784 201
14 23 515 302
14 24 88 164
14 25 529 248
14 26 968 343
14 27 809 1
14 28 206 342
14 29 180 263
14 30 629 286
14 31 594 207
15 22 361 150
15 23 263 348
15 24 116 75
15 25 484 137
15 26 748 399
15 27 209 126
15 28 997 8
15 29 540 281
15 30 72 88
15 31 30 60
16 12 80 61
16 13 101 119
16 22 629 358
16 23 693 63
16 24 38 27
16 25 700 352
16 26 673 261
16 27 154 270
16 28 73 216
16 29 465 105
16 30 558 39
16 31 575 98
17 14 900 4
17 22 459 23
17 23 900 389
17 24 905 212
17 25 344 377
17 26 773 164
17 27 307 47
17 28 77 128
17 29 521 369
17 30 680 226
17 31 539 147
18 12 888 397
18 22 428 194
18 23 622 121
18 24 701 250
18 25 629 390
18 26 417 116
18 27 648 180
18 28 156 285
18 29 292 248
18 30 777 404
18 31 766 57
19 13 856 222
19 14 474 271
19 22 321 226
19 23 864 38
19 24 677 383
19 25 790 225
19 26 376 198
19 27 818 33
19 28 604 367
19 29 143 397
19 30 580 134
19 31 138 16
20 12 452 387
20 13 415 115
20 22 386 65
20 23 858 139
20 24 46 111
20 25 410 401
20 26 507 166
20 27 249 421
20 28 351 236
20 29 872 137
20 30 713 119
20 31 450 268
21 13 97 419
21 14 45 377
21 22 490 308
21 23 430 57
21 24 276 42
21 25 84 387
21 26 770 132
21 27 355 21
21 28 43 362
21 29 307 22
21 30 612 210
21 31 252 13
22 23 750 172
22 24 95 366
22 26 251 56
22 30 772 424
22 31 175 314
23 22 750 421
23 24 187 309
23 27 364 1
23 31 516 35
23 32 486 312
23 33 345 130
23 34 115 212
23 35 213 409
23 36 495 374
23 37 408 196
23 38 242 265
23 39 214 116
23 40 752 28
23 41 278 68
24 22 95 230
24 23 187 241
24 25 740 64
24 29 203 136
24 32 13 43
24 33 689 89
24 34 524 209
24 35 861 41
24 36 686 48
24 37 168 1
24 38 967 248
24 39 372 250
24 40 17 183
24 41 716 162
25 24 740 298
25 32 89 67
25 33 589 238
25 34 414 360
25 35 667 332
25 36 557 318
25 37 935 252
25 38 72 419
25 39 906 62
25 40 58 99
25 41 765 192
26 22 251 324
26 32 830 5
26 33 721 319
26 34 907 171
26 35 611 360
26 36 169 302
26 37 691 78
26 38 526 260
26 39 948 20
26 40 338 286
26 41 251 165
27 23 364 228
27 32 124 414
27 33 121 233
27 34 612 416
27 35 491 131
27 36 557 237
27 37 698 103
27 38 640 274
27 39 720 130
27 40 93 96
27 41 545 201
28 32 165 181
28 33 674 382
28 34 598 398
28 35 686 320
28 36 530 175
28 37 374 178
28 38 87 231
28 39 408 64
28 40 724 398
28 41 185 160
29 24 203 369
29 32 543 376
29 33 570 94
29 34 250 426
29 35 301 405
29 36 758 170
29 37 195 62
29 38 311 20
29 39 916 82
29 40 889 137
29 41 823 251
30 22 772 39
30 32 146 222
30 33 463 371
30 34 400 288
30 35 572 318
30 36 199 177
30 37 438 295
30 38 660 177
30 39 62 349
30 40 531 85
30 41 11 424
31 22 175 397
31 23 516 200
31 32 110 191
31 33 18 40
31 34 974 310
31 35 634 175
31 36 929 284
31 37 116 286
31 38 527 133
31 39 240 56
31 40 172 153
31 41 757 377
32 33 563 107
32 34 742 82
32 36 665 149
32 37 302 335
32 39 313 181
32 41 717 4
33 32 563 41
33 34 152 15
33 35 491 205
33 36 171 235
33 37 491 129
33 40 743 28
33 41 621 27
33 42 344 102
33 43 75 346
33 44 229 275
33 45 841 169
33 46 752 181
33 47 689 69
33 48 76 125
33 49 411 92
33 50 533 73
33 51 591 227
34 32 742 381
34 33 152 394
34 35 659 178
34 36 421 163
34 38 213 117
34 39 926 404
34 40 262 241
34 42 78 174
34 43 787 327
34 44 29 309
34 45 857 113
34 46 531 405
34 47 730 409
34 48 818 302
34 49 627 319
34 50 988 356
34 51 590 60
35 33 491 91
35 34 659 421
35 42 723 139
35 43 388 136
35 44 91 164
35 45 813 398
35 46 726 346
35 47 684 322
35 48 152 374
35 49 547 132
35 50 438 377
35 51 948 279
36 32 665 426
36 33 171 136
36 34 421 386
36 42 82 342
36 43 964 309
36 44 450 311
36 45 510 181
36 46 578 187
36 47 745 424
36 48 960 113
36 49 936 202
36 50 964 169
36 51 346 300
37 32 302 231
37 33 491 116
37 42 718 135
37 43 646 407
37 44 644 23
37 45 168 98
37 46 381 121
37 47 106 6
37 48 758 142
37 49 73 318
37 50 694 338
37 51 297 167
38 34 213 412
38 42 370 50
38 43 537 415
38 44 19 384
38 45 303 191
38 46 653 315
38 47 940 329
38 48 161 158
38 49 955 423
38 50 137 183
38 51 875 215
39 32 313 315
39 34 926 279
39 42 894 171
39 43 59 165
39 44 970 8
39 45 591 373
39 46 96 26
39 47 54 416
39 48 219 358
39 49 493 240
39 50 374 28
39 51 899 338
40 33 743 155
40 34 262 49
40 42 660 272
40 43 872 260
40 44 406 368
40 45 446 343
40 46 404 205
40 47 22 315
40 48 459 231
40 49 977 352
40 50 792 387
40 51 76 152
41 32 717 53
41 33 621 232
41 42 506 148
41 43 192 340
41 44 810 127
41 45 126 339
41 46 797 68
41 47 713 321
41 48 506 376
41 49 998 66
41 50 866 202
41 51 57 74
42 43 638 416
42 44 533 217
42 46 412 396
42 48 628 282
42 49 155 145
42 51 946 114
43 42 638 103
43 44 929 318
43 47 297 149
43 48 857 160
43 51 626 392
43 52 763 409
43 53 284 351
43 54 445 368
43 55 814 392
43 56 717 364
43 57 39 219
43 58 43 335
43 59 966 386
43 60 991 228
43 61 337 321
44 42 533 300
44 43 929 151
44 46 841 16
44 47 219 34
44 48 417 388
44 50 469 260
44 52 739 276
44 53 478 258
44 54 249 356
44 55 593 291
44 56 926 193
44 57 265 422
44 58 51 343
44 59 123 180
44 60 190 171
44 61 615 418
45 52 706 99
45 53 409 114
45 54 798 232
45 55 229 174
45 56 777 35
45 57 428 76
45 58 780 187
45 59 528 213
45 60 701 252
45 61 428 60
46 42 412 379
46 44 841 71
46 52 135 281
46 53 309 311
46 54 472 135
46 55 617 322
46 56 877 324
46 57 803 392
46 58 170 346
46 59 279 57
46 60 584 328
46 61 542 247
47 43 297 93
47 44 219 391
47 52 274 95
47 53 939 246
47 54 356 324
47 55 444 401
47 56 245 329
47 57 144 355
47 58 311 208
47 59 910 325
47 60 726 16
47 61 520 140
48 42 628 20
48 43 857 26
48 44 417 46
48 52 19 274
48 53 138 300
48 54 402 359
48 55 516 342
48 56 894 417
48 57 102 138
48 58 804 423
48 59 597 247
48 60 692 264
48 61 431 425
49 42 155 145
49 52 172 77
49 53 725 388
49 54 225 112
49 55 644 189
49 56 472 97
49 57 879 399
49 58 883 151
49 59 64 165
49 60 987 146
49 61 68 381
50 44 469 111
50 52 54 234
50 53 510 97
50 54 63 100
50 55 618 3
50 56 415 17
50 57 678 80
50 58 696 231
50 59 86 162
50 60 610 346
50 61 739 33
51 42 946 296
51 43 626 306
51 52 324 119
51 53 412 166
51 54 12 350
51 55 489 43
51 56 92 311
51 57 198 71
51 58 42 65
51 59 929 181
51 60 299 146
51 61 376 24
52 53 459 4
52 54 917 239
52 56 68 322
52 57 396 136
52 58 553 223
52 59 598 151
52 60 488 255
52 61 147 378
53 52 459 188
53 54 704 276
53 55 114 327
53 56 170 114
53 57 153 112
53 59 262 308
53 60 567 414
53 62 504 84
53 63 491 312
53 64 199 160
53 65 124 130
53 66 540 371
53 67 637 235
53 68 586 355
53 69 329 101
53 70 334 255
53 71 210 36
54 52 917 89
54 53 704 160
54 57 539 161
54 58 594 362
54 59 739 103
54 62 394 240
54 63 420 101
54 64 862 50
54 65 819 115
54 66 827 160
54 67 196 411
54 68 624 391
54 69 142 3
54 70 862 291
54 71 658 334
55 53 114 365
55 62 952 189
55 63 52 253
55 64 369 320
55 65 389 198
55 66 673 145
55 67 697 346
55 68 227 223
55 69 898 320
55 70 629 91
55 71 271 16
56 52 68 180
56 53 170 62
56 62 132 19
56 63 456 233
56 64 871 248
56 65 98 366
56 66 894 6
56 67 930 143
56 68 503 313
56 69 343 285
56 70 481 341
56 71 837 127
57 52 396 200
57 53 153 311
57 54 539 3
57 62 434 231
57 63 446 307
57 64 921 343
57 65 856 258
57 66 335 156
57 67 823 335
57 68 399 15
57 69 820 211
57 70 972 128
57 71 661 415
58 52 553 103
58 54 594 241
58 62 795 158
58 63 734 409
58 64 372 370
58 65 511 77
58 66 974 92
58 67 819 394
58 68 625 279
58 69 981 80
58 70 268 128
58 71 919 142
59 52 598 261
59 53 262 10
59 54 739 36
59 62 759 152
59 63 390 398
59 64 106 33
59 65 587 381
59 66 749 397
59 67 67 321
59 68 56 153
59 69 251 45
59 70 234 275
59 71 295 375
60 52 488 14
60 53 567 396
60 62 324 303
60 63 705 148
60 64 431 47
60 65 299 220
60 66 242 273
60 67 716 282
60 68 492 269
60 69 968 159
60 70 660 263
60 71 208 154
61 52 147 286
61 62 679 102
61 63 221 262
61 64 929 103
61 65 470 84
61 66 539 402
61 67 325 160
61 68 813 384
61 69 388 205
61 70 315 423
61 71 742 29
62 63 240 128
62 64 226 123
62 65 491 422
62 66 330 396
62 67 753 145
62 70 771 236
62 71 933 69
63 62 240 335
63 64 77 318
63 65 372 421
63 68 694 52
63 69 290 35
63 72 961 395
63 73 393 268
63 74 197 180
63 75 373 151
63 76 605 356
63 77 455 177
63 78 90 421
63 79 994 279
63 80 577 124
63 81 84 40
64 62 226 249
64 63 77 45
64 65 219 104
64 67 106 67
64 68 82 245
64 70 105 413
64 71 607 408
64 72 364 263
64 73 356 135
64 74 224 417
64 75 232 93
64 76 757 25
64 77 707 139
64 78 959 322
64 79 886 68
64 80 347 123
64 81 572 85
65 62 491 93
65 63 372 188
65 64 219 390
65 72 34 268
65 73 506 132
65 74 759 39
65 75 78 69
65 76 816 264
65 77 786 261
65 78 659 380
65 79 409 383
65 80 479 56
65 81 67 5
66 62 330 131
66 72 534 135
66 73 952 86
66 74 931 342
66 75 463 135
66 76 743 61
66 77 171 51
66 78 370 56
66 79 44 106
66 80 552 105
66 81 551 371
67 62 753 125
67 64 106 79
67 72 158 153
67 73 715 158
67 74 924 346
67 75 931 292
67 76 25 103
67 77 131 206
67 78 186 52
67 79 457 153
67 80 829 304
67 81 578 290
68 63 694 312
68 64 82 143
68 72 199 186
68 73 92 187
68 74 151 295
68 75 947 105
68 76 309 186
68 77 531 92
68 78 26 2
68 79 279 210
68 80 742 239
68 81 849 258
69 63 290 40
69 72 691 384
69 73 188 74
69 74 167 306
69 75 628 346
69 76 674 419
69 77 839 211
69 78 892 331
69 79 158 127
69 80 929 103
69 81 438 408
70 62 771 397
70 64 105 287
70 72 240 173
70 73 636 228
70 74 236 415
70 75 220 293
70 76 996 171
70 77 876 52
70 78 320 288
70 79 623 256
70 80 631 392
70 81 960 240
71 62 933 219
71 64 607 389
71 72 424 278
71 73 901 360
71 74 908 188
71 75 588 417
71 76 378 150
71 77 943 90
71 78 487 61
71 79 864 397
71 80 149 273
71 81 584 371
72 73 166 176
72 74 92 117
72 77 801 81
72 78 797 349
72 80 387 336
73 72 166 44
73 74 358 72
73 77 188 196
73 80 675 206
73 82 109 33
73 83 651 275
73 84 694 98
73 85 774 312
73 86 549 366
73 87 215 57
73 88 992 171
73 89 796 371
73 90 528 81
73 91 273 420
74 72 92 246
74 73 358 370
74 75 809 401
74 76 69 312
74 79 89 412
74 82 544 210
74 83 666 58
74 84 548 235
74 85 786 285
74 86 219 143
74 87 547 340
74 88 771 13
74 89 578 10
74 90 197 291
74 91 185 404
75 74 809 380
75 82 117 48
75 83 502 176
75 84 372 385
75 85 927 285
75 86 136 306
75 87 606 230
75 88 13 201
75 89 480 133
75 90 579 303
75 91 75 37
76 74 69 251
76 82 487 15
76 83 11 303
76 84 252 147
76 85 428 106
76 86 460 245
76 87 981 95
76 88 106 201
76 89 506 140
76 90 538 377
76 91 935 207
77 72 801 57
77 73 188 210
77 82 255 353
77 83 52 380
77 84 556 298
77 85 668 176
77 86 314 393
77 87 235 287
77 88 70 134
77 89 185 390
77 90 649 409
77 91 950 111
78 72 797 9
78 82 107 351
78 83 534 343
78 84 406 245
78 85 572 393
78 86 607 308
78 87 270 76
78 88 893 97
78 89 665 151
78 90 767 209
78 91 374 92
79 74 89 154
79 82 26 218
79 83 364 290
79 84 800 236
79 85 643 211
79 86 586 424
79 87 552 390
79 88 505 217
79 89 412 37
79 90 223 269
79 91 598 403
80 72 387 131
80 73 675 329
80 82 499 416
80 83 708 215
80 84 374 224
80 85 325 277
80 86 112 76
80 87 199 36
80 88 530 373
80 89 852 230
80 90 874 359
80 91 978 396
81 82 688 113
81 83 951 115
81 84 164 184
81 85 31 273
81 86 165 364
81 87 497 41
81 88 529 394
81 89 678 122
81 90 448 193
81 91 411 189
82 83 295 326
82 84 51 320
82 91 144 37
83 82 295 318
83 84 423 111
83 86 549 33
83 87 833 296
83 88 355 52
83 91 506 259
83 92 741 385
83 93 391 289
83 94 13 95
83 95 971 106
83 96 270 303
83 97 870 282
83 98 900 357
83 99 656 27
83 100 56 316
83 101 529 245
84 82 51 57
84 83 423 14
84 87 474 359
84 89 567 205
84 90 10 6
84 92 704 353
84 93 1 351
84 94 789 133
84 95 356 257
84 96 937 144
84 97 435 239
84 98 218 113
84 99 431 365
84 100 622 175
84 101 58 213
85 92 832 352
85 93 92 324
85 94 683 347
85 95 858 325
85 96 504 304
85 97 716 315
85 98 664 219
85 99 402 188
85 100 751 361
85 101 702 12
86 83 549 326
86 92 480 205
86 93 748 380
86 94 337 71
86 95 845 311
86 96 57 348
86 97 816 16
86 98 53 27
86 99 310 292
86 100 618 56
86 101 56 265
87 83 833 302
87 84 474 418
87 92 788 141
87 93 169 8
87 94 212 190
87 95 662 14
87 96 770 162
87 97 187 65
87 98 521 175
87 99 937 126
87 100 632 412
87 101 901 3
88 83 355 291
88 92 361 65
88 93 332 100
88 94 405 22
88 95 615 113
88 96 869 191
88 97 263 69
88 98 564 33
88 99 719 34
88 100 997 293
88 101 928 5
89 84 567 141
89 92 123 383
89 93 796 376
89 94 376 399
89 95 901 168
89 96 703 330
89 97 591 69
89 98 702 381
89 99 170 312
89 100 778 53
89 101 223 79
90 84 10 94
90 92 26 196
90 93 872 411
90 94 11 36
90 95 263 132
90 96 752 340
90 97 981 417
90 98 212 93
90 99 485 44
90 100 248 69
90 101 486 239
91 82 144 119
91 83 506 192
91 92 17 70
91 93 902 164
91 94 7 33
91 95 31 288
91 96 728 20
91 97 154 421
91 98 740 29
91 99 193 194
91 100 929 161
91 101 68 119
92 93 734 238
92 94 593 69
92 96 789 283
92 97 462 35
92 99 889 284
92 101 838 137
93 92 734 36
93 94 180 215
93 95 821 265
93 100 299 372
93 102 841 100
93 103 124 150
93 104 194 252
93 105 945 152
93 106 109 116
93 107 31 335
93 108 911 393
93 109 15 187
93 110 53 261
93 111 505 354
94 92 593 389
94 93 180 87
94 95 31 222
94 96 452 192
94 98 268 26
94 99 331 92
94 102 813 261
94 103 789 360
94 104 207 222
94 105 394 125
94 106 756 10
94 107 946 301
94 108 875 86
94 109 247 70
94 110 840 59
94 111 447 64
95 93 821 186
95 94 31 380
95 102 322 117
95 103 248 23
95 104 929 151
95 105 584 237
95 106 197 334
95 107 233 102
95 108 529 98
95 109 477 316
95 110 193 387
95 111 379 271
96 92 789 180
96 94 452 255
96 102 333 217
96 103 281 232
96 104 700 235
96 105 332 34
96 106 206 145
96 107 767 58
96 108 403 156
96 109 109 67
96 110 312 298
96 111 705 222
97 92 462 243
97 102 89 234
97 103 167 200
97 104 735 330
97 105 993 114
97 106 331 236
97 107 950 345
97 108 556 71
97 109 828 363
97 110 421 406
97 111 355 24
98 94 268 37
98 102 703 176
98 103 310 324
98 104 119 315
98 105 89 421
98 106 551 372
98 107 165 344
98 108 497 7
98 109 949 60
98 110 533 384
98 111 873 397
99 92 889 55
99 94 331 185
99 102 671 90
99 103 694 132
99 104 502 285
99 105 13 224
99 106 312 149
99 107 447 130
99 108 188 242
99 109 558 297
99 110 704 198
99 111 526 5
100 93 299 201
100 102 495 304
100 103 861 425
100 104 25 74
100 105 658 405
100 106 141 406
100 107 734 308
100 108 431 37
100 109 88 194
100 110 689 75
100 111 198 355
101 92 838 426
101 102 102 350
101 103 60 308
101 104 900 214
101 105 92 39
101 106 932 381
101 107 647 258
101 108 755 56
101 109 805 285
101 110 443 339
101 111 101 146
102 103 876 161
102 104 581 189
102 106 647 375
102 107 799 86
102 108 19 415
102 109 862 277
102 110 715 363
102 111 325 178
103 102 876 305
103 104 983 306
103 106 165 266
103 107 55 345
103 108 38 165
103 112 231 384
103 113 721 355
103 114 295 370
103 115 331 272
103 116 142 264
103 117 34 342
103 118 594 287
103 119 38 405
103 120 148 32
103 121 538 374
104 102 581 321
104 103 983 236
104 105 904 189
104 106 774 113
104 107 404 96
104 111 973 28
104 112 813 250
104 113 657 163
104 114 752 21
104 115 273 293
104 116 724 353
104 117 586 351
104 118 354 368
104 119 874 194
104 120 421 10
104 121 501 342
105 104 904 135
105 112 874 425
105 113 767 103
105 114 380 212
105 115 26 340
105 116 938 371
105 117 574 215
105 118 27 147
105 119 491 156
105 120 161 120
105 121 277 103
106 102 647 13
106 103 165 277
106 104 774 189
106 112 38 156
106 113 260 224
106 114 162 242
106 115 349 4
106 116 97 388
106 117 806 53
106 118 931 273
106 119 746 204
106 120 832 252
106 121 268 11
107 102 799 36
107 103 55 138
107 104 404 202
107 112 556 237
107 113 886 178
107 114 835 288
107 115 534 59
107 116 770 53
107 117 395 120
107 118 956 27
107 119 812 43
107 120 278 214
107 121 24 233
108 102 19 197
108 103 38 415
108 112 573 28
108 113 938 256
108 114 616 156
108 115 898 186
108 116 329 168
108 117 351 352
108 118 893 390
108 119 43 405
108 120 415 258
108 121 988 242
109 102 862 32
109 112 47 12
109 113 613 25
109 114 999 104
109 115 853 335
109 116 934 7
109 117 789 222
109 118 501 331
109 119 426 210
109 120 246 323
109 121 667 71
110 102 715 166
110 112 758 277
110 113 246 12
110 114 998 304
110 115 489 27
110 116 48 224
110 117 650 39
110 118 146 154
110 119 115 202
110 120 742 422
110 121 354 334
111 102 325 173
111 104 973 275
111 112 790 31
111 113 519 209
111 114 423 153
111 115 949 282
111 116 908 225
111 117 997 417
111 118 341 278
111 119 301 253
111 120 21 179
111 121 511 95
112 113 814 37
112 114 790 212
112 118 364 265
112 119 323 284
113 112 814 269
113 114 863 214
113 119 413 15
113 120 881 120
113 121 800 244
113 122 469 215
113 123 490 377
113 124 59 367
113 125 852 327
113 126 320 161
113 127 259 293
113 128 326 125
113 129 648 231
113 130 744 174
113 131 953 293
114 112 790 344
114 113 863 209
114 116 333 295
114 117 117 321
114 119 512 143
114 122 49 225
114 123 662 209
114 124 389 269
114 125 706 129
114 126 403 3
114 127 240 252
114 128 250 375
114 129 136 409
114 130 491 57
114 131 97 226
115 122 587 59
115 123 652 178
115 124 955 142
115 125 81 374
115 126 581 335
115 127 220 273
115 128 790 382
115 129 489 57
115 130 373 302
115 131 704 407
116 114 333 147
116 122 406 109
116 123 569 38
116 124 838 229
116 125 618 327
116 126 308 156
116 127 158 38
116 128 9 369
116 129 500 244
116 130 169 321
116 131 957 343
117 114 117 304
117 122 526 118
117 123 221 382
117 124 484 227
117 125 213 343
117 126 306 244
117 127 840 285
117 128 506 124
117 129 543 139
117 130 596 336
117 131 724 160
118 112 364 85
118 122 372 49
118 123 290 401
118 124 941 52
118 125 818 330
118 126 100 220
118 127 788 25
118 128 94 119
118 129 630 232
118 130 89 192
118 131 120 307
119 112 323 214
119 113 413 289
119 114 512 386
119 122 55 237
119 123 861 91
119 124 767 355
119 125 935 249
119 126 33 401
119 127 575 410
119 128 163 151
119 129 6 107
119 130 170 210
119 131 79 312
120 113 881 295
120 122 441 59
120 123 337 311
120 124 268 148
120 125 712 340
120 126 414 5
120 127 484 350
120 128 632 54
120 129 368 343
120 130 987 212
120 131 466 232
121 113 800 30
121 122 935 279
121 123 868 64
121 124 553 161
121 125 228 417
121 126 584 372
121 127 552 279
121 128 540 192
121 129 936 215
121 130 205 196
121 131 806 243
122 123 424 24
122 124 748 389
122 128 9 178
123 122 424 132
123 124 494 45
123 127 470 389
123 129 327 6
123 130 786 229
123 131 543 251
123 132 960 329
123 133 969 371
123 134 469 141
123 135 674 82
123 136 688 236
123 137 119 289
123 138 618 404
123 139 372 287
123 140 413 385
123 141 519 17
124 122 748 323
124 123 494 316
124 126 292 186
124 127 41 326
124 128 499 303
124 129 620 131
124 130 728 240
124 132 419 294
124 133 832 229
124 134 229 256
124 135 68 65
124 136 187 146
124 137 21 357
124 138 950 185
124 139 22 266
124 140 62 233
124 141 454 1
125 132 924 245
125 133 851 400
125 134 789 5
125 135 644 262
125 136 367 316
125 137 258 103
125 138 100 371
125 139 946 370
125 140 116 348
125 141 993 368
126 124 292 150
126 132 658 158
126 133 604 334
126 134 427 152
126 135 399 83
126 136 176 185
126 137 942 70
126 138 962 63
126 139 561 162
126 140 872 326
126 141 730 300
127 123 470 219
127 124 41 395
127 132 178 422
127 133 235 228
127 134 892 366
127 135 323 316
127 136 950 312
127 137 285 277
127 138 694 164
127 139 421 82
127 140 988 207
127 141 603 243
128 122 9 83
128 124 499 377
128 132 30 130
128 133 117 223
128 134 700 41
128 135 845 99
128 136 464 258
128 137 115 414
128 138 801 73
128 139 941 195
128 140 735 354
128 141 301 152
129 123 327 371
129 124 620 426
129 132 890 420
129 133 579 377
129 134 351 217
129 135 509 370
129 136 75 76
129 137 908 158
129 138 800 395
129 139 953 305
129 140 223 276
129 141 953 136
130 123 786 194
130 124 728 217
130 132 42 226
130 133 452 420
130 134 534 292
130 135 727 107
130 136 364 116
130 137 841 60
130 138 104 37
130 139 292 166
130 140 242 218
130 141 485 260
131 123 543 78
131 132 852 166
131 133 504 246
131 134 92 423
131 135 119 365
131 136 10 81
131 137 14 356
131 138 86 77
131 139 894 350
131 140 39 312
131 141 415 243
132 133 569 424
132 134 42 202
132 135 921 272
132 137 391 276
132 138 714 282
132 139 553 138
132 140 487 326
133 132 569 362
133 134 654 61
133 135 139 234
133 137 485 260
133 138 377 395
133 139 765 289
133 140 419 407
133 141 947 417
133 142 726 321
133 143 626 152
133 144 334 99
133 145 337 388
133 146 860 302
133 147 898 179
133 148 320 165
133 149 880 338
133 150 772 185
133 151 292 373
134 132 42 11
134 133 654 306
134 135 727 199
134 139 747 393
134 140 136 180
134 142 921 370
134 143 466 285
134 144 334 310
134 145 583 388
134 146 966 289
134 147 909 35
134 148 166 18
134 149 272 103
134 150 413 251
134 151 704 241
135 132 921 274
135 133 139 204
135 134 727 174
135 142 979 91
135 143 26 264
135 144 537 207
135 145 873 40
135 146 790 190
135 147 338 423
135 148 520 45
135 149 456 405
135 150 70 135
135 151 811 194
136 142 605 287
136 143 518 21
136 144 234 7
136 145 460 4
136 146 867 253
136 147 838 379
136 148 334 186
136 149 649 177
136 150 823 362
136 151 81 316
137 132 391 126
137 133 485 320
137 142 475 392
137 143 803 71
137 144 509 86
137 145 674 324
137 146 374 385
137 147 526 100
137 148 788 373
137 149 599 200
137 150 412 240
137 151 985 77
138 132 714 181
138 133 377 337
138 142 733 195
138 143 251 362
138 144 388 317
138 145 494 324
138 146 962 231
138 147 417 51
138 148 982 282
138 149 355 351
138 150 780 314
138 151 528 129
139 132 553 56
139 133 765 339
139 134 747 192
139 142 301 263
139 143 58 354
139 144 454 266
139 145 970 362
139 146 459 210
139 147 575 343
139 148 657 281
139 149 661 80
139 150 101 28
139 151 34 342
140 132 487 204
140 133 419 313
140 134 136 122
140 142 918 13
140 143 688 94
140 144 539 387
140 145 374 370
140 146 932 375
140 147 671 126
140 148 813 231
140 149 134 153
140 150 972 402
140 151 377 366
141 133 947 29
141 142 784 8
141 143 408 141
141 144 903 189
141 145 31 335
141 146 439 68
141 147 532 103
141 148 314 117
141 149 178 299
141 150 596 5
141 151 484 359
142 143 350 385
142 144 963 64
142 145 684 358
142 146 118 394
142 147 361 168
142 148 896 358
142 149 345 310
142 151 521 309
142 152 708 6
143 142 350 273
143 144 4 150
143 146 778 214
143 147 821 170
143 149 307 358
143 150 939 288
143 151 213 301
143 152 707 150
144 142 963 363
144 143 4 216
144 145 283 320
144 146 525 277
144 147 229 139
144 148 296 47
144 150 981 253
144 152 726 92
145 142 684 281
145 144 283 127
145 152 177 127
146 142 118 345
146 143 778 192
146 144 525 127
146 152 950 234
147 142 361 136
147 143 821 149
147 144 229 158
147 152 104 253
148 142 896 182
148 144 296 386
148 152 49 220
149 142 345 408
149 143 307 142
149 152 156 108
150 143 939 334
150 144 981 45
150 152 516 412
151 142 521 339
151 143 213 320
151 152 171 26
