152 1722 1 152 7 430
1 2 369 361
1 3 124 34
1 4 302 301
1 5 264 199
1 6 861 81
1 7 347 289
1 8 587 263
1 9 725 340
1 10 973 346
1 11 837 14
2 3 52 290
2 4 753 419
2 5 973 184
2 6 737 236
2 7 33 178
2 8 447 303
3 2 52 10
3 4 30 168
3 7 461 79
3 9 627 109
3 10 423 371
3 12 691 99
3 13 653 341
3 14 60 221
3 15 656 369
3 16 904 5
3 17 56 289
3 18 822 185
3 19 285 173
3 20 482 387
3 21 72 96
4 2 753 375
4 3 30 275
4 5 960 107
4 6 785 430
4 7 2 21
4 10 805 373
4 12 484 147
4 13 862 191
4 14 98 102
4 15 678 291
4 16 258 49
4 17 407 237
4 18 300 357
4 19 419 275
4 20 901 325
4 21 906 209
5 2 973 251
5 4 960 165
5 12 593 216
5 13 193 299
5 14 618 247
5 15 748 358
5 16 482 207
5 17 188 183
5 18 491 91
5 19 261 215
5 20 97 342
5 21 249 1
6 2 737 192
6 4 785 330
6 12 791 251
6 13 270 121
6 14 332 375
6 15 44 102
6 16 51 73
6 17 64 399
6 18 214 109
6 19 55 319
6 20 559 153
6 21 39 132
7 2 33 419
7 3 461 112
7 4 2 242
7 12 619 160
7 13 446 328
7 14 709 179
7 15 997 238
7 16 662 153
7 17 22 426
7 18 222 226
7 19 384 178
7 20 497 137
7 21 569 373
8 2 447 45
8 12 343 134
8 13 50 73
8 14 25 51
8 15 191 62
8 16 298 95
8 17 512 14
8 18 440 341
8 19 446 155
8 20 114 347
8 21 895 26
9 3 627 45
9 12 91 330
9 13 61 8
9 14 706 36
9 15 836 410
9 16 886 49
9 17 514 359
9 18 66 144
9 19 476 414
9 20 542 323
9 21 638 197
10 3 423 155
10 4 805 101
10 12 760 423
10 13 159 262
10 14 675 390
10 15 540 182
10 16 252 47
10 17 744 341
10 18 533 335
10 19 813 50
10 20 911 1
10 21 881 362
11 12 266 341
11 13 204 143
11 14 633 16
11 15 699 417
11 16 964 237
11 17 881 189
11 18 432 140
11 19 894 148
11 20 57 2
11 21 752 1
12 13 33 428
12 14 152 26
12 15 556 136
12 18 821 117
12 19 221 184
12 21 187 116
13 12 33 357
13 14 291 127
13 17 259 352
13 18 808 319
13 19 144 16
13 20 754 155
13 22 48 168
13 23 187 53
13 24 372 323
13 25 76 7
13 26 967 210
13 27 516 330
13 28 596 177
13 29 283 67
13 30 938 105
13 31 685 106
14 12 152 265
14 13 291 116
14 15 382 143
14 16 158 183
14 18 554 55
14 20 26 152
14 21 150 47
14 22 485 82
14 23 518 227
14 24 241 42
14 25 108 331
14 26 613 354
14 27 830 182
14 28 651 59
14 29 238 409
14 30 28 246
14 31 713 247
15 12 556 430
15 14 382 289
15 22 120 309
15 23 419 410
15 24 688 250
15 25 791 259
15 26 405 117
15 27 18 61
15 28 394 309
15 29 589 100
15 30 745 108
15 31 141 350
16 14 158 427
16 22 145 375
16 23 727 117
16 24 178 17
16 25 676 269
16 26 411 102
16 27 824 356
16 28 228 169
16 29 893 287
16 30 937 306
16 31 584 405
17 13 259 411
17 22 191 123
17 23 861 351
17 24 918 311
17 25 704 176
17 26 285 166
17 27 158 214
17 28 934 220
17 29 573 31
17 30 609 268
17 31 164 274
18 12 821 79
18 13 808 338
18 14 554 49
18 22 891 29
18 23 548 108
18 24 81 165
18 25 714 349
18 26 682 408
18 27 272 350
18 28 624 389
18 29 379 210
18 30 143 23
18 31 950 395
19 12 221 324
19 13 144 103
19 22 225 407
19 23 50 154
19 24 614 402
19 25 187 428
19 26 725 341
19 27 875 107
19 28 126 43
19 29 367 389
19 30 609 369
19 31 97 322
20 13 754 404
20 14 26 305
20 22 392 10
20 23 841 2
20 24 978 77
20 25 39 45
20 26 184 417
20 27 177 49
20 28 563 80
20 29 341 54
20 30 602 408
20 31 537 350
21 12 187 280
21 14 150 237
21 22 603 75
21 23 824 332
21 24 991 407
21 25 314 311
21 26 915 136
21 27 419 207
21 28 800 85
21 29 892 54
21 30 504 269
21 31 414 145
22 23 588 283
22 24 130 297
22 25 894 159
22 26 823 92
22 29 716 239
22 31 620 95
23 22 588 44
23 24 373 51
23 26 890 110
23 29 884 259
23 30 916 377
23 32 111 202
23 33 775 86
23 34 293 13
23 35 995 208
23 36 778 48
23 37 842 145
23 38 655 42
23 39 808 381
23 40 100 302
23 41 175 374
24 22 130 148
24 23 373 75
24 25 627 335
24 27 439 118
24 28 597 227
24 29 830 262
24 30 757 93
24 32 906 176
24 33 946 94
24 34 888 234
24 35 422 391
24 36 852 335
24 37 537 359
24 38 438 390
24 39 417 196
24 40 640 43
24 41 460 391
25 22 894 402
25 24 627 348
25 32 402 125
25 33 137 66
25 34 114 384
25 35 910 123
25 36 32 210
25 37 617 385
25 38 503 74
25 39 26 409
25 40 737 238
25 41 660 121
26 22 823 181
26 23 890 274
26 32 591 230
26 33 103 107
26 34 865 84
26 35 452 411
26 36 934 130
26 37 20 86
26 38 275 317
26 39 323 173
26 40 208 166
26 41 923 349
27 24 439 373
27 32 729 172
27 33 148 84
27 34 160 25
27 35 463 114
27 36 113 400
27 37 483 62
27 38 631 228
27 39 719 36
27 40 955 254
27 41 437 232
28 24 597 145
28 32 32 267
28 33 964 302
28 34 170 260
28 35 327 109
28 36 906 16
28 37 677 373
28 38 995 198
28 39 881 378
28 40 337 240
28 41 588 12
29 22 716 40
29 23 884 330
29 24 830 288
29 32 458 195
29 33 797 49
29 34 485 41
29 35 846 19
29 36 434 261
29 37 456 157
29 38 932 378
29 39 365 128
29 40 690 44
29 41 915 133
30 23 916 275
30 24 757 31
30 32 136 399
30 33 458 228
30 34 290 126
30 35 329 313
30 36 436 336
30 37 723 198
30 38 245 130
30 39 379 34
30 40 128 302
30 41 905 323
31 22 620 410
31 32 255 370
31 33 549 165
31 34 6 207
31 35 654 225
31 36 365 306
31 37 828 429
31 38 974 9
31 39 652 333
31 40 583 121
31 41 983 179
32 33 841 236
32 34 97 201
32 35 312 342
32 36 324 78
32 37 936 128
32 38 649 242
32 40 937 32
32 41 562 151
33 32 841 126
33 34 818 193
33 36 620 3
33 38 876 225
33 39 157 112
33 40 794 343
33 42 918 368
33 43 714 53
33 44 762 118
33 45 778 156
33 46 851 47
33 47 694 199
33 48 366 310
33 49 348 281
33 50 324 241
33 51 573 203
34 32 97 177
34 33 818 98
34 37 655 22
34 38 734 72
34 39 576 69
34 42 475 282
34 43 684 103
34 44 968 262
34 45 658 389
34 46 509 428
34 47 649 210
34 48 985 170
34 49 296 219
34 50 190 235
34 51 588 306
35 32 312 420
35 42 482 315
35 43 824 193
35 44 64 206
35 45 609 416
35 46 853 6
35 47 452 81
35 48 180 209
35 49 961 99
35 50 491 297
35 51 149 6
36 32 324 28
36 33 620 339
36 42 547 126
36 43 103 65
36 44 50 120
36 45 731 22
36 46 192 383
36 47 713 269
36 48 866 258
36 49 939 111
36 50 409 378
36 51 37 113
37 32 936 56
37 34 655 395
37 42 110 422
37 43 499 121
37 44 453 397
37 45 151 246
37 46 609 246
37 47 369 250
37 48 533 248
37 49 269 211
37 50 5 149
37 51 741 407
38 32 649 214
38 33 876 388
38 34 734 283
38 42 843 62
38 43 656 231
38 44 698 171
38 45 91 106
38 46 230 209
38 47 79 231
38 48 543 362
38 49 42 184
38 50 227 286
38 51 586 318
39 33 157 408
39 34 576 309
39 42 813 204
39 43 971 328
39 44 78 273
39 45 26 361
39 46 250 428
39 47 531 76
39 48 475 355
39 49 814 406
39 50 975 254
39 51 292 3
40 32 937 94
40 33 794 310
40 42 831 143
40 43 556 287
40 44 215 252
40 45 435 171
40 46 421 383
40 47 451 216
40 48 840 209
40 49 951 361
40 50 573 93
40 51 887 197
41 32 562 72
41 42 960 393
41 43 715 238
41 44 590 337
41 45 480 69
41 46 634 173
41 47 700 302
41 48 646 338
41 49 790 378
41 50 847 36
41 51 624 200
42 43 168 68
42 44 328 9
42 45 168 50
42 49 938 252
42 50 691 335
42 51 805 88
43 42 168 386
43 44 137 310
43 45 590 337
43 49 902 151
43 50 667 292
43 51 432 285
43 52 871 244
43 53 107 203
43 54 55 180
43 55 342 157
43 56 699 334
43 57 127 260
43 58 68 217
43 59 289 405
43 60 115 289
43 61 150 396
44 42 328 59
44 43 137 40
44 49 632 407
44 50 619 240
44 51 2 46
44 52 483 172
44 53 344 230
44 54 101 377
44 55 61 93
44 56 812 155
44 57 283 354
44 58 81 425
44 59 639 71
44 60 876 306
44 61 710 101
45 42 168 85
45 43 590 280
45 52 357 109
45 53 59 209
45 54 696 140
45 55 893 282
45 56 538 93
45 57 94 180
45 58 256 262
45 59 603 304
45 60 695 355
45 61 334 255
46 52 595 175
46 53 986 363
46 54 375 77
46 55 484 46
46 56 452 184
46 57 433 246
46 58 801 160
46 59 585 144
46 60 686 222
46 61 243 262
47 52 241 33
47 53 92 264
47 54 902 82
47 55 222 250
47 56 551 190
47 57 120 220
47 58 338 116
47 59 410 129
47 60 28 394
47 61 73 300
48 52 386 4
48 53 224 164
48 54 147 208
48 55 241 241
48 56 799 367
48 57 168 391
48 58 312 234
48 59 891 396
48 60 742 140
48 61 628 40
49 42 938 319
49 43 902 56
49 44 632 171
49 52 540 365
49 53 283 264
49 54 738 237
49 55 40 7
49 56 653 261
49 57 894 143
49 58 180 313
49 59 490 82
49 60 717 407
49 61 787 409
50 42 691 209
50 43 667 232
50 44 619 48
50 52 172 386
50 53 384 81
50 54 774 242
50 55 512 336
50 56 799 289
50 57 981 101
50 58 57 306
50 59 894 210
50 60 48 187
50 61 797 231
51 42 805 352
51 43 432 50
51 44 2 405
51 52 223 261
51 53 561 127
51 54 935 399
51 55 370 163
51 56 938 143
51 57 55 147
51 58 528 288
51 59 887 116
51 60 54 357
51 61 146 382
52 53 284 385
52 54 558 296
52 55 431 426
52 56 38 382
52 58 607 266
52 59 823 414
52 60 946 96
52 61 281 18
53 52 284 101
53 54 950 360
53 56 175 11
53 59 366 336
53 62 724 370
53 63 255 106
53 64 814 197
53 65 675 93
53 66 25 124
53 67 275 4
53 68 201 201
53 69 161 7
53 70 711 212
53 71 886 408
54 52 558 225
54 53 950 42
54 56 947 126
54 57 823 199
54 58 913 235
54 61 485 428
54 62 166 24
54 63 352 50
54 64 760 339
54 65 859 199
54 66 826 375
54 67 324 410
54 68 101 75
54 69 936 139
54 70 13 360
54 71 843 64
55 52 431 130
55 62 139 388
55 63 257 333
55 64 345 265
55 65 683 160
55 66 327 335
55 67 107 335
55 68 155 373
55 69 854 343
55 70 726 216
55 71 409 100
56 52 38 347
56 53 175 133
56 54 947 264
56 62 312 69
56 63 719 371
56 64 44 378
56 65 749 429
56 66 247 326
56 67 370 95
56 68 730 191
56 69 538 391
56 70 885 88
56 71 909 184
57 54 823 136
57 62 852 297
57 63 443 96
57 64 739 231
57 65 959 92
57 66 936 358
57 67 217 172
57 68 155 139
57 69 199 52
57 70 332 67
57 71 767 118
58 52 607 43
58 54 913 184
58 62 885 131
58 63 988 408
58 64 900 118
58 65 114 355
58 66 493 124
58 67 216 423
58 68 550 327
58 69 316 275
58 70 934 245
58 71 822 13
59 52 823 88
59 53 366 257
59 62 856 87
59 63 378 366
59 64 434 167
59 65 9 114
59 66 106 30
59 67 126 302
59 68 406 72
59 69 743 256
59 70 62 180
59 71 918 46
60 52 946 139
60 62 754 233
60 63 416 265
60 64 167 348
60 65 77 284
60 66 445 71
60 67 20 43
60 68 457 221
60 69 407 170
60 70 138 427
60 71 714 239
61 52 281 13
61 54 485 293
61 62 791 328
61 63 711 76
61 64 79 430
61 65 674 94
61 66 825 115
61 67 822 418
61 68 700 362
61 69 586 21
61 70 428 271
61 71 922 357
62 63 826 282
62 64 58 205
62 66 666 230
62 67 359 261
62 68 361 351
62 69 100 100
62 70 357 104
63 62 826 239
63 64 109 77
63 65 385 91
63 67 970 109
63 68 165 283
63 70 200 119
63 72 2 413
63 73 857 152
63 74 377 402
63 75 968 32
63 76 363 336
63 77 874 374
63 78 524 228
63 79 911 3
63 80 745 99
63 81 780 329
64 62 58 94
64 63 109 230
64 66 793 226
64 68 676 228
64 69 492 125
64 72 479 149
64 73 549 111
64 74 401 344
64 75 814 309
64 76 648 255
64 77 671 248
64 78 889 409
64 79 585 32
64 80 629 63
64 81 63 102
65 63 385 187
65 72 728 237
65 73 35 222
65 74 922 423
65 75 173 193
65 76 634 187
65 77 344 304
65 78 306 199
65 79 218 372
65 80 245 127
65 81 976 20
66 62 666 141
66 64 793 302
66 72 291 365
66 73 441 367
66 74 874 410
66 75 599 264
66 76 724 125
66 77 498 67
66 78 16 77
66 79 850 277
66 80 523 176
66 81 347 74
67 62 359 287
67 63 970 348
67 72 799 184
67 73 194 32
67 74 627 276
67 75 330 183
67 76 32 113
67 77 427 366
67 78 114 315
67 79 490 127
67 80 218 381
67 81 805 176
68 62 361 356
68 63 165 266
68 64 676 76
68 72 740 250
68 73 713 134
68 74 699 267
68 75 281 108
68 76 957 116
68 77 791 60
68 78 873 425
68 79 880 379
68 80 763 282
68 81 134 159
69 62 100 375
69 64 492 226
69 72 609 333
69 73 128 403
69 74 507 59
69 75 429 3
69 76 157 236
69 77 458 131
69 78 942 168
69 79 844 13
69 80 951 160
69 81 787 77
70 62 357 350
70 63 200 66
70 72 568 247
70 73 61 130
70 74 124 103
70 75 381 305
70 76 336 243
70 77 710 311
70 78 1000 318
70 79 456 293
70 80 994 268
70 81 438 22
71 72 353 323
71 73 92 41
71 74 398 64
71 75 134 392
71 76 542 179
71 77 592 13
71 78 620 80
71 79 554 267
71 80 510 318
71 81 638 205
72 73 477 166
72 74 147 284
72 75 388 385
72 77 850 1
72 78 857 189
72 79 14 81
73 72 477 67
73 74 366 11
73 75 229 60
73 78 853 319
73 79 445 375
73 82 499 288
73 83 343 286
73 84 474 118
73 85 322 164
73 86 293 330
73 87 601 217
73 88 249 426
73 89 92 130
73 90 985 252
73 91 26 395
74 72 147 122
74 73 366 262
74 76 228 213
74 77 616 70
74 78 819 67
74 79 516 362
74 81 708 143
74 82 424 252
74 83 610 418
74 84 444 369
74 85 348 339
74 86 587 187
74 87 76 303
74 88 646 243
74 89 249 409
74 90 500 319
74 91 557 135
75 72 388 419
75 73 229 392
75 82 960 426
75 83 447 229
75 84 967 279
75 85 33 29
75 86 626 187
75 87 842 240
75 88 988 335
75 89 435 191
75 90 304 133
75 91 124 237
76 74 228 72
76 82 326 247
76 83 512 234
76 84 883 250
76 85 621 399
76 86 770 165
76 87 895 423
76 88 495 385
76 89 331 222
76 90 378 197
76 91 785 212
77 72 850 59
77 74 616 121
77 82 403 421
77 83 985 275
77 84 931 372
77 85 530 236
77 86 786 223
77 87 61 200
77 88 974 107
77 89 912 289
77 90 982 183
77 91 881 404
78 72 857 200
78 73 853 299
78 74 819 232
78 82 87 132
78 83 211 429
78 84 129 13
78 85 276 345
78 86 348 303
78 87 449 6
78 88 914 18
78 89 153 20
78 90 820 419
78 91 144 204
79 72 14 424
79 73 445 246
79 74 516 419
79 82 276 307
79 83 713 88
79 84 666 93
79 85 408 336
79 86 6 26
79 87 998 196
79 88 164 209
79 89 290 156
79 90 791 284
79 91 664 149
80 82 703 56
80 83 68 330
80 84 393 72
80 85 321 303
80 86 651 349
80 87 447 110
80 88 618 272
80 89 191 110
80 90 775 255
80 91 816 303
81 74 708 90
81 82 917 420
81 83 224 341
81 84 166 364
81 85 254 361
81 86 114 96
81 87 469 193
81 88 199 72
81 89 261 276
81 90 370 336
81 91 338 120
82 83 501 317
82 84 887 421
82 85 544 139
82 86 11 296
82 89 524 5
82 90 483 69
82 91 482 275
83 82 501 200
83 84 783 387
83 85 121 418
83 88 46 64
83 89 306 342
83 90 177 251
83 91 145 227
83 92 959 119
83 93 343 151
83 94 870 282
83 95 34 413
83 96 695 4
83 97 639 268
83 98 476 411
83 99 104 252
83 100 143 254
83 101 47 136
84 82 887 59
84 83 783 300
84 86 815 247
84 88 622 156
84 91 488 295
84 92 519 313
84 93 810 234
84 94 194 395
84 95 454 115
84 96 646 182
84 97 270 121
84 98 310 402
84 99 614 298
84 100 996 128
84 101 236 38
85 82 544 309
85 83 121 90
85 92 944 136
85 93 333 64
85 94 101 317
85 95 324 426
85 96 744 321
85 97 97 282
85 98 779 2
85 99 931 418
85 100 844 260
85 101 600 324
86 82 11 416
86 84 815 223
86 92 930 425
86 93 973 151
86 94 594 1
86 95 646 340
86 96 595 335
86 97 417 19
86 98 505 73
86 99 431 328
86 100 972 238
86 101 297 219
87 92 438 68
87 93 478 356
87 94 372 291
87 95 629 348
87 96 505 2
87 97 889 267
87 98 910 326
87 99 132 88
87 100 203 210
87 101 954 106
88 83 46 304
88 84 622 189
88 92 586 305
88 93 794 295
88 94 160 192
88 95 766 161
88 96 569 341
88 97 266 398
88 98 45 17
88 99 600 6
88 100 243 296
88 101 628 184
89 82 524 420
89 83 306 82
89 92 538 249
89 93 160 2
89 94 144 253
89 95 685 368
89 96 694 175
89 97 51 200
89 98 201 226
89 99 425 160
89 100 671 17
89 101 929 430
90 82 483 202
90 83 177 84
90 92 895 331
90 93 469 333
90 94 676 280
90 95 959 80
90 96 813 423
90 97 746 318
90 98 979 384
90 99 571 136
90 100 212 32
90 101 975 282
91 82 482 230
91 83 145 359
91 84 488 198
91 92 587 379
91 93 825 429
91 94 727 221
91 95 587 277
91 96 962 171
91 97 741 95
91 98 503 185
91 99 90 222
91 100 604 199
91 101 284 129
92 93 300 204
92 94 648 158
92 95 424 409
92 96 849 289
92 98 655 107
92 100 781 157
93 92 300 12
93 94 418 365
93 100 288 163
93 102 279 126
93 103 94 223
93 104 484 381
93 105 20 91
93 106 937 362
93 107 600 262
93 108 848 358
93 109 908 353
93 110 493 191
93 111 146 283
94 92 648 86
94 93 418 253
94 97 818 274
94 98 474 253
94 99 172 170
94 100 79 257
94 101 3 300
94 102 692 430
94 103 458 269
94 104 369 270
94 105 489 76
94 106 524 90
94 107 330 63
94 108 977 407
94 109 105 173
94 110 298 213
94 111 985 22
95 92 424 38
95 102 694 410
95 103 913 115
95 104 481 345
95 105 315 31
95 106 34 8
95 107 213 332
95 108 36 374
95 109 863 280
95 110 309 373
95 111 216 182
96 92 849 159
96 102 422 407
96 103 379 276
96 104 444 340
96 105 887 235
96 106 549 1
96 107 300 33
96 108 329 275
96 109 145 285
96 110 45 229
96 111 390 318
97 94 818 428
97 102 57 135
97 103 277 363
97 104 591 118
97 105 657 76
97 106 165 214
97 107 366 84
97 108 74 37
97 109 866 351
97 110 405 305
97 111 602 335
98 92 655 124
98 94 474 398
98 102 501 342
98 103 54 331
98 104 71 164
98 105 204 145
98 106 813 379
98 107 484 270
98 108 648 413
98 109 100 391
98 110 957 71
98 111 495 382
99 94 172 292
99 102 672 124
99 103 23 239
99 104 727 353
99 105 594 175
99 106 443 395
99 107 235 394
99 108 443 20
99 109 349 22
99 110 632 130
99 111 961 376
100 92 781 239
100 93 288 220
100 94 79 350
100 102 413 42
100 103 273 37
100 104 457 268
100 105 608 422
100 106 371 247
100 107 296 103
100 108 696 24
100 109 280 259
100 110 964 18
100 111 117 83
101 94 3 422
101 102 634 126
101 103 43 81
101 104 36 12
101 105 338 22
101 106 464 77
101 107 574 294
101 108 40 286
101 109 516 220
101 110 648 135
101 111 625 187
102 103 530 109
102 104 414 198
102 105 370 408
102 108 167 257
102 109 670 212
102 110 569 239
103 102 530 101
103 104 87 141
103 105 264 394
103 106 992 414
103 107 221 21
103 109 165 90
103 111 971 273
103 112 145 48
103 113 573 251
103 114 146 429
103 115 624 218
103 116 160 138
103 117 433 274
103 118 341 239
103 119 136 53
103 120 199 382
103 121 259 268
104 102 414 50
104 103 87 208
104 107 760 347
104 108 523 54
104 109 955 360
104 112 859 88
104 113 640 12
104 114 665 378
104 115 375 365
104 116 450 22
104 117 121 338
104 118 412 53
104 119 691 178
104 120 36 387
104 121 581 362
105 102 370 119
105 103 264 178
105 112 576 223
105 113 456 175
105 114 934 429
105 115 212 94
105 116 807 163
105 117 814 118
105 118 174 5
105 119 549 71
105 120 232 150
105 121 312 403
106 103 992 196
106 112 92 197
106 113 15 131
106 114 383 100
106 115 715 429
106 116 99 393
106 117 692 237
106 118 584 181
106 119 390 55
106 120 316 238
106 121 637 125
107 103 221 424
107 104 760 137
107 112 578 285
107 113 696 182
107 114 417 416
107 115 522 390
107 116 761 276
107 117 630 222
107 118 31 91
107 119 328 62
107 120 411 40
107 121 513 21
108 102 167 360
108 104 523 77
108 112 380 250
108 113 745 80
108 114 931 161
108 115 939 11
108 116 68 83
108 117 759 75
108 118 999 124
108 119 601 427
108 120 750 394
108 121 107 147
109 102 670 155
109 103 165 134
109 104 955 179
109 112 428 329
109 113 576 190
109 114 230 157
109 115 138 393
109 116 914 270
109 117 313 249
109 118 217 354
109 119 594 281
109 120 472 360
109 121 123 35
110 102 569 215
110 112 332 123
110 113 9 292
110 114 159 24
110 115 771 357
110 116 553 336
110 117 395 393
110 118 763 66
110 119 70 286
110 120 402 204
110 121 84 343
111 103 971 15
111 112 53 15
111 113 460 195
111 114 460 291
111 115 237 69
111 116 34 93
111 117 99 365
111 118 779 231
111 119 1 295
111 120 68 233
111 121 35 30
112 113 467 369
112 114 478 38
112 115 172 42
112 116 77 321
112 117 650 146
112 118 419 353
112 119 238 47
112 120 59 9
112 121 954 188
113 112 467 267
113 114 437 230
113 115 410 242
113 116 646 413
113 119 333 346
113 121 779 88
113 122 801 152
113 123 414 117
113 124 538 274
113 125 217 346
113 126 760 385
113 127 603 73
113 128 743 284
113 129 72 428
113 130 415 31
113 131 316 293
114 112 478 383
114 113 437 369
114 116 926 224
114 120 726 379
114 122 299 211
114 123 469 358
114 124 862 258
114 125 135 299
114 126 393 3
114 127 178 83
114 128 990 276
114 129 167 12
114 130 810 175
114 131 497 143
115 112 172 164
115 113 410 121
115 122 707 179
115 123 784 376
115 124 718 256
115 125 142 378
115 126 767 166
115 127 286 295
115 128 995 338
115 129 943 171
115 130 998 284
115 131 766 241
116 112 77 183
116 113 646 104
116 114 926 84
116 122 763 181
116 123 47 255
116 124 622 75
116 125 36 10
116 126 320 193
116 127 111 378
116 128 280 27
116 129 89 71
116 130 342 350
116 131 246 109
117 112 650 277
117 122 214 142
117 123 637 39
117 124 567 328
117 125 791 355
117 126 560 55
117 127 560 154
117 128 832 83
117 129 117 96
117 130 958 16
117 131 105 174
118 112 419 260
118 122 905 295
118 123 837 253
118 124 164 264
118 125 630 187
118 126 343 172
118 127 606 234
118 128 667 164
118 129 858 229
118 130 776 216
118 131 344 289
119 112 238 283
119 113 333 361
119 122 393 2
119 123 286 295
119 124 344 310
119 125 863 240
119 126 467 402
119 127 756 224
119 128 266 372
119 129 327 20
119 130 14 85
119 131 436 108
120 112 59 263
120 114 726 170
120 122 15 379
120 123 279 25
120 124 681 208
120 125 264 3
120 126 328 132
120 127 660 258
120 128 857 313
120 129 315 324
120 130 789 428
120 131 30 88
121 112 954 392
121 113 779 259
121 122 703 122
121 123 372 162
121 124 137 112
121 125 338 430
121 126 337 42
121 127 914 330
121 128 588 341
121 129 573 396
121 130 370 385
121 131 672 277
122 123 741 135
122 124 636 166
122 125 284 2
122 128 475 372
122 129 439 376
122 130 525 15
123 122 741 251
123 124 851 277
123 126 208 339
123 127 833 378
123 129 615 185
123 130 114 290
123 131 93 55
123 132 7 317
123 133 217 117
123 134 473 166
123 135 69 275
123 136 352 279
123 137 604 271
123 138 936 171
123 139 659 285
123 140 51 101
123 141 838 200
124 122 636 122
124 123 851 156
124 130 775 131
124 132 742 270
124 133 150 260
124 134 633 17
124 135 730 209
124 136 620 388
124 137 830 386
124 138 676 387
124 139 389 414
124 140 960 409
124 141 849 381
125 122 284 167
125 132 322 318
125 133 989 200
125 134 736 184
125 135 62 392
125 136 536 338
125 137 780 16
125 138 244 199
125 139 300 79
125 140 583 345
125 141 560 181
126 123 208 323
126 132 68 42
126 133 730 429
126 134 855 79
126 135 695 273
126 136 959 19
126 137 987 231
126 138 516 317
126 139 791 166
126 140 530 282
126 141 29 68
127 123 833 354
127 132 795 294
127 133 51 418
127 134 296 96
127 135 790 177
127 136 946 275
127 137 362 164
127 138 722 365
127 139 54 8
127 140 931 214
127 141 992 38
128 122 475 387
128 132 998 318
128 133 409 179
128 134 368 123
128 135 987 112
128 136 814 128
128 137 635 171
128 138 127 394
128 139 210 349
128 140 822 413
128 141 761 24
129 122 439 152
129 123 615 114
129 132 658 225
129 133 74 5
129 134 119 116
129 135 928 275
129 136 1 197
129 137 719 198
129 138 851 407
129 139 829 402
129 140 577 375
129 141 607 60
130 122 525 182
130 123 114 150
130 124 775 32
130 132 459 78
130 133 331 189
130 134 919 251
130 135 373 384
130 136 541 381
130 137 828 174
130 138 270 374
130 139 213 308
130 140 579 167
130 141 482 197
131 123 93 398
131 132 397 109
131 133 595 232
131 134 278 259
131 135 903 7
131 136 346 403
131 137 569 29
131 138 178 228
131 139 975 16
131 140 392 9
131 141 650 42
132 133 191 316
132 134 949 61
132 136 903 3
132 138 672 139
132 139 473 247
132 140 694 150
132 141 977 182
133 132 191 349
133 134 681 20
133 135 323 78
133 137 267 261
133 138 600 276
133 141 406 99
133 142 63 316
133 143 35 32
133 144 350 203
133 145 212 221
133 146 817 338
133 147 541 225
133 148 882 197
133 149 326 324
133 150 758 70
133 151 839 247
134 132 949 83
134 133 681 40
134 138 977 203
134 139 357 279
134 140 741 355
134 142 109 291
134 143 281 204
134 144 408 6
134 145 651 248
134 146 181 406
134 147 720 143
134 148 89 202
134 149 973 113
134 150 922 213
134 151 728 115
135 133 323 90
135 142 982 159
135 143 860 30
135 144 309 420
135 145 616 153
135 146 46 183
135 147 541 113
135 148 861 100
135 149 435 271
135 150 832 315
135 151 349 377
136 132 903 160
136 142 640 388
136 143 972 158
136 144 178 131
136 145 534 58
136 146 429 77
136 147 585 312
136 148 196 81
136 149 815 372
136 150 249 96
136 151 544 289
137 133 267 361
137 142 686 275
137 143 977 91
137 144 812 79
137 145 447 189
137 146 349 108
137 147 12 388
137 148 153 239
137 149 103 400
137 150 488 215
137 151 971 423
138 132 672 402
138 133 600 193
138 134 977 88
138 142 455 111
138 143 404 329
138 144 61 343
138 145 427 321
138 146 166 268
138 147 380 340
138 148 754 260
138 149 196 271
138 150 882 272
138 151 97 39
139 132 473 52
139 134 357 100
139 142 436 320
139 143 278 22
139 144 194 146
139 145 625 32
139 146 528 45
139 147 165 9
139 148 159 294
139 149 707 302
139 150 596 138
139 151 410 271
140 132 694 211
140 134 741 283
140 142 76 176
140 143 903 142
140 144 435 94
140 145 430 215
140 146 273 196
140 147 580 394
140 148 912 354
140 149 976 28
140 150 577 412
140 151 910 80
141 132 977 257
141 133 406 352
141 142 799 329
141 143 80 180
141 144 233 51
141 145 866 417
141 146 714 179
141 147 670 110
141 148 150 393
141 149 904 52
141 150 977 68
141 151 527 284
142 143 884 395
142 144 612 11
142 148 997 321
142 149 462 96
142 151 898 345
142 152 330 428
143 142 884 174
143 144 692 115
143 145 366 283
143 146 578 196
143 147 933 42
143 148 777 219
143 152 380 211
144 142 612 212
144 143 692 72
144 147 699 313
144 148 686 361
144 150 684 213
144 152 523 261
145 143 366 175
145 152 282 388
146 143 578 341
146 152 137 377
147 143 933 122
147 144 699 298
147 152 95 333
148 142 997 390
148 143 777 382
148 144 686 268
148 152 460 196
149 142 462 253
149 152 498 36
150 144 684 396
150 152 358 173
151 142 898 204
151 152 994 131
