152 1692 1 152 7 423
1 2 282 388
1 3 363 302
1 4 686 117
1 5 727 67
1 6 632 329
1 7 594 360
1 8 375 31
1 9 602 299
1 10 160 14
1 11 453 267
2 3 465 253
2 4 784 45
2 5 21 228
2 8 1000 106
2 10 241 141
3 2 465 156
3 4 557 161
3 7 992 352
3 9 225 104
3 11 894 193
3 12 979 385
3 13 194 43
3 14 111 310
3 15 174 11
3 16 684 25
3 17 912 246
3 18 537 407
3 19 75 102
3 20 880 355
3 21 87 247
4 2 784 297
4 3 557 322
4 5 192 264
4 8 380 38
4 9 139 27
4 12 943 111
4 13 671 326
4 14 916 259
4 15 781 112
4 16 329 299
4 17 15 385
4 18 893 387
4 19 261 194
4 20 189 17
4 21 426 408
5 2 21 343
5 4 192 331
5 12 563 44
5 13 772 385
5 14 723 278
5 15 615 403
5 16 529 55
5 17 206 391
5 18 638 306
5 19 819 159
5 20 936 130
5 21 945 205
6 12 106 340
6 13 871 312
6 14 864 384
6 15 820 172
6 16 806 129
6 17 266 238
6 18 594 413
6 19 578 297
6 20 748 420
6 21 170 367
7 3 992 183
7 12 314 360
7 13 31 376
7 14 470 395
7 15 886 395
7 16 781 413
7 17 6 180
7 18 806 218
7 19 808 322
7 20 803 20
7 21 751 268
8 2 1000 65
8 4 380 154
8 12 469 416
8 13 563 9
8 14 218 325
8 15 244 174
8 16 21 307
8 17 584 421
8 18 765 415
8 19 355 371
8 20 576 168
8 21 466 190
9 3 225 16
9 4 139 378
9 12 104 170
9 13 887 91
9 14 794 335
9 15 461 74
9 16 755 196
9 17 969 234
9 18 252 303
9 19 386 351
9 20 882 81
9 21 542 13
10 2 241 259
10 12 144 271
10 13 302 339
10 14 901 372
10 15 878 144
10 16 519 247
10 17 787 12
10 18 978 146
10 19 78 148
10 20 739 213
10 21 969 36
11 3 894 406
11 12 634 399
11 13 200 392
11 14 90 160
11 15 586 240
11 16 942 371
11 17 476 57
11 18 41 204
11 19 954 423
11 20 270 261
11 21 367 421
12 13 354 192
12 14 357 332
12 20 909 45
12 21 989 133
13 12 354 41
13 14 872 382
13 17 268 348
13 21 449 338
13 22 268 379
13 23 969 72
13 24 229 230
13 25 292 183
13 26 560 217
13 27 220 112
13 28 462 236
13 29 346 353
13 30 379 192
13 31 680 402
14 12 357 241
14 13 872 355
14 18 592 391
14 20 814 339
14 22 414 373
14 23 843 90
14 24 785 299
14 25 788 275
14 26 622 418
14 27 477 229
14 28 100 55
14 29 48 181
14 30 511 347
14 31 567 144
15 22 96 296
15 23 8 124
15 24 19 266
15 25 98 205
15 26 160 147
15 27 939 4
15 28 230 162
15 29 523 348
15 30 916 295
15 31 79 239
16 22 627 391
16 23 117 407
16 24 925 170
16 25 224 190
16 26 517 121
16 27 309 169
16 28 378 105
16 29 483 195
16 30 658 398
16 31 230 347
17 13 268 224
17 22 776 69
17 23 384 100
17 24 709 305
17 25 323 308
17 26 325 333
17 27 134 115
17 28 826 211
17 29 284 147
17 30 982 161
17 31 809 158
18 14 592 121
18 22 818 404
18 23 268 131
18 24 760 97
18 25 850 50
18 26 575 331
18 27 248 250
18 28 4 152
18 29 101 384
18 30 923 127
18 31 856 38
19 22 186 160
19 23 846 139
19 24 478 347
19 25 123 304
19 26 776 236
19 27 953 172
19 28 797 345
19 29 92 267
19 30 675 272
19 31 780 413
20 12 909 40
20 14 814 297
20 22 433 282
20 23 203 312
20 24 248 289
20 25 718 27
20 26 570 11
20 27 926 203
20 28 973 37
20 29 360 280
20 30 386 48
20 31 208 402
21 12 989 341
21 13 449 84
21 22 691 61
21 23 746 128
21 24 730 333
21 25 721 304
21 26 398 256
21 27 875 176
21 28 845 27
21 29 837 105
21 30 507 22
21 31 535 140
22 23 991 179
22 24 134 85
22 26 609 58
22 30 418 103
23 22 991 231
23 24 595 222
23 25 399 356
23 26 836 121
23 27 497 396
23 28 166 66
23 30 498 160
23 31 157 110
23 32 984 165
23 33 173 69
23 34 570 81
23 35 945 15
23 36 133 340
23 37 920 255
23 38 482 192
23 39 869 257
23 40 732 127
23 41 345 67
24 22 134 273
24 23 595 295
24 25 986 372
24 27 360 233
24 28 251 346
24 29 564 183
24 31 38 255
24 32 830 215
24 33 216 372
24 34 365 324
24 35 867 338
24 36 976 320
24 37 620 62
24 38 542 20
24 39 205 30
24 40 537 212
24 41 607 413
25 23 399 149
25 24 986 102
25 32 164 188
25 33 770 301
25 34 542 312
25 35 597 306
25 36 265 45
25 37 425 160
25 38 560 181
25 39 914 220
25 40 780 252
25 41 899 3
26 22 609 188
26 23 836 34
26 32 558 131
26 33 296 361
26 34 730 314
26 35 709 20
26 36 983 133
26 37 154 165
26 38 891 174
26 39 491 297
26 40 62 306
26 41 843 264
27 23 497 408
27 24 360 85
27 32 255 13
27 33 568 361
27 34 943 271
27 35 576 179
27 36 402 206
27 37 158 267
27 38 403 349
27 39 472 194
27 40 460 237
27 41 44 64
28 23 166 357
28 24 251 41
28 32 516 414
28 33 864 247
28 34 915 406
28 35 873 36
28 36 955 82
28 37 524 81
28 38 335 257
28 39 47 140
28 40 196 59
28 41 425 245
29 24 564 38
29 32 754 115
29 33 900 339
29 34 909 323
29 35 229 104
29 36 685 313
29 37 476 69
29 38 823 87
29 39 697 70
29 40 417 325
29 41 321 404
30 22 418 168
30 23 498 126
30 32 640 308
30 33 854 237
30 34 843 68
30 35 197 267
30 36 18 49
30 37 905 212
30 38 737 35
30 39 48 374
30 40 895 203
30 41 833 17
31 23 157 150
31 24 38 9
31 32 647 371
31 33 290 135
31 34 697 373
31 35 229 384
31 36 902 331
31 37 20 321
31 38 19 301
31 39 803 274
31 40 148 344
31 41 383 219
32 33 222 67
32 34 694 228
32 36 808 192
32 37 559 165
32 40 122 399
32 41 323 368
33 32 222 50
33 34 142 53
33 39 434 254
33 41 394 323
33 42 895 157
33 43 19 100
33 44 39 116
33 45 302 172
33 46 705 5
33 47 66 151
33 48 982 262
33 49 814 345
33 50 527 324
33 51 468 20
34 32 694 307
34 33 142 369
34 35 683 160
34 37 858 104
34 38 775 271
34 39 246 179
34 40 593 140
34 42 734 50
34 43 972 121
34 44 457 134
34 45 206 14
34 46 104 73
34 47 734 271
34 48 451 227
34 49 124 358
34 50 150 6
34 51 616 213
35 34 683 303
35 42 36 318
35 43 327 420
35 44 295 153
35 45 536 198
35 46 793 67
35 47 462 16
35 48 877 109
35 49 756 26
35 50 605 329
35 51 230 364
36 32 808 217
36 42 176 56
36 43 223 200
36 44 781 314
36 45 991 299
36 46 146 310
36 47 207 14
36 48 192 231
36 49 132 37
36 50 100 173
36 51 851 195
37 32 559 170
37 34 858 47
37 42 358 352
37 43 76 168
37 44 883 186
37 45 242 316
37 46 953 381
37 47 184 225
37 48 421 229
37 49 622 338
37 50 447 392
37 51 487 181
38 34 775 350
38 42 758 348
38 43 562 178
38 44 399 170
38 45 806 67
38 46 533 16
38 47 484 14
38 48 929 130
38 49 707 404
38 50 693 10
38 51 899 112
39 33 434 202
39 34 246 344
39 42 289 130
39 43 500 343
39 44 193 184
39 45 720 86
39 46 359 3
39 47 982 107
39 48 585 158
39 49 124 398
39 50 416 84
39 51 7 283
40 32 122 285
40 34 593 133
40 42 464 177
40 43 443 243
40 44 349 138
40 45 366 359
40 46 20 258
40 47 94 58
40 48 556 200
40 49 261 43
40 50 709 319
40 51 158 273
41 32 323 27
41 33 394 234
41 42 103 88
41 43 229 254
41 44 241 236
41 45 749 174
41 46 134 98
41 47 936 264
41 48 186 126
41 49 367 74
41 50 592 148
41 51 426 99
42 43 484 235
42 44 117 227
42 45 375 28
42 47 961 103
42 48 450 397
42 51 67 292
43 42 484 288
43 44 284 120
43 47 860 299
43 48 767 276
43 49 416 416
43 50 462 107
43 52 143 235
43 53 275 330
43 54 127 46
43 55 707 335
43 56 35 315
43 57 444 223
43 58 603 382
43 59 683 51
43 60 542 47
43 61 482 412
44 42 117 255
44 43 284 402
44 45 416 17
44 47 1 311
44 48 54 332
44 50 215 14
44 51 205 291
44 52 252 115
44 53 963 28
44 54 994 14
44 55 905 145
44 56 543 159
44 57 67 252
44 58 364 75
44 59 816 272
44 60 92 300
44 61 609 285
45 42 375 91
45 44 416 390
45 52 673 409
45 53 832 392
45 54 739 150
45 55 550 30
45 56 380 189
45 57 450 112
45 58 195 99
45 59 445 405
45 60 423 318
45 61 835 368
46 52 23 330
46 53 200 334
46 54 146 291
46 55 421 68
46 56 512 36
46 57 221 244
46 58 416 292
46 59 941 23
46 60 452 337
46 61 136 422
47 42 961 7
47 43 860 164
47 44 1 411
47 52 329 245
47 53 319 93
47 54 190 197
47 55 554 233
47 56 497 298
47 57 650 328
47 58 72 391
47 59 974 167
47 60 221 363
47 61 879 30
48 42 450 256
48 43 767 262
48 44 54 362
48 52 622 354
48 53 115 343
48 54 606 418
48 55 199 320
48 56 99 201
48 57 914 384
48 58 201 13
48 59 986 67
48 60 175 39
48 61 57 171
49 43 416 36
49 52 503 73
49 53 890 8
49 54 50 161
49 55 998 174
49 56 538 120
49 57 553 297
49 58 393 141
49 59 806 291
49 60 173 287
49 61 652 103
50 43 462 328
50 44 215 205
50 52 400 264
50 53 790 32
50 54 834 180
50 55 929 271
50 56 20 149
50 57 781 367
50 58 508 248
50 59 301 55
50 60 605 112
50 61 53 23
51 42 67 390
51 44 205 197
51 52 261 195
51 53 190 408
51 54 14 59
51 55 882 322
51 56 710 354
51 57 431 283
51 58 206 241
51 59 10 101
51 60 838 393
51 61 702 160
52 53 542 408
52 54 78 395
52 56 129 295
52 58 305 338
52 60 488 216
52 61 886 269
53 52 542 305
53 54 102 159
53 56 287 152
53 58 269 76
53 61 321 170
53 62 871 302
53 63 797 213
53 64 102 203
53 65 753 7
53 66 346 38
53 67 235 332
53 68 1 419
53 69 532 331
53 70 293 283
53 71 922 292
54 52 78 136
54 53 102 263
54 58 668 203
54 60 64 303
54 61 706 268
54 62 416 67
54 63 60 90
54 64 685 180
54 65 155 309
54 66 812 209
54 67 622 396
54 68 832 330
54 69 825 120
54 70 923 203
54 71 209 342
55 62 294 337
55 63 351 395
55 64 294 260
55 65 791 202
55 66 582 236
55 67 405 48
55 68 822 60
55 69 454 57
55 70 893 170
55 71 546 226
56 52 129 20
56 53 287 216
56 62 384 337
56 63 662 228
56 64 807 228
56 65 341 293
56 66 726 89
56 67 497 311
56 68 645 393
56 69 721 250
56 70 825 222
56 71 264 118
57 62 610 164
57 63 230 372
57 64 260 81
57 65 551 298
57 66 515 301
57 67 409 66
57 68 52 99
57 69 83 337
57 70 827 48
57 71 825 31
58 52 305 8
58 53 269 142
58 54 668 186
58 62 735 73
58 63 163 29
58 64 385 294
58 65 945 224
58 66 392 71
58 67 591 92
58 68 678 335
58 69 569 105
58 70 756 169
58 71 462 4
59 62 821 271
59 63 768 266
59 64 799 51
59 65 598 3
59 66 317 34
59 67 447 215
59 68 474 155
59 69 395 182
59 70 582 228
59 71 512 170
60 52 488 52
60 54 64 350
60 62 264 181
60 63 786 317
60 64 755 91
60 65 869 415
60 66 868 33
60 67 698 400
60 68 412 383
60 69 390 43
60 70 778 28
60 71 38 119
61 52 886 117
61 53 321 34
61 54 706 323
61 62 700 423
61 63 543 345
61 64 605 142
61 65 348 105
61 66 923 152
61 67 318 261
61 68 549 423
61 69 663 372
61 70 189 255
61 71 459 230
62 63 68 12
62 64 571 139
62 65 972 230
63 62 68 257
63 64 172 252
63 67 986 332
63 69 364 374
63 71 407 50
63 72 254 210
63 73 509 30
63 74 703 68
63 75 126 351
63 76 410 299
63 77 39 185
63 78 768 43
63 79 700 53
63 80 333 187
63 81 622 279
64 62 571 29
64 63 172 286
64 65 235 306
64 70 446 127
64 71 906 365
64 72 242 163
64 73 358 418
64 74 11 91
64 75 665 333
64 76 56 208
64 77 140 33
64 78 613 86
64 79 348 262
64 80 788 348
64 81 444 2
65 62 972 332
65 64 235 330
65 72 132 102
65 73 117 377
65 74 452 197
65 75 434 142
65 76 808 143
65 77 312 77
65 78 277 231
65 79 744 99
65 80 570 297
65 81 241 43
66 72 463 290
66 73 264 45
66 74 156 91
66 75 364 36
66 76 779 344
66 77 838 278
66 78 37 276
66 79 394 251
66 80 300 358
66 81 342 48
67 63 986 245
67 72 766 202
67 73 904 284
67 74 154 275
67 75 578 267
67 76 682 75
67 77 699 303
67 78 792 31
67 79 821 183
67 80 792 323
67 81 504 126
68 72 241 333
68 73 838 40
68 74 475 97
68 75 958 215
68 76 216 213
68 77 30 166
68 78 733 233
68 79 454 5
68 80 17 75
68 81 221 131
69 63 364 277
69 72 548 280
69 73 418 42
69 74 625 55
69 75 100 152
69 76 351 34
69 77 514 13
69 78 726 280
69 79 641 11
69 80 643 171
69 81 545 402
70 64 446 58
70 72 171 18
70 73 654 73
70 74 890 333
70 75 188 289
70 76 289 171
70 77 460 416
70 78 838 353
70 79 124 404
70 80 721 285
70 81 64 388
71 63 407 52
71 64 906 146
71 72 967 365
71 73 190 228
71 74 842 55
71 75 870 23
71 76 134 11
71 77 822 68
71 78 647 298
71 79 864 383
71 80 45 250
71 81 364 295
72 73 920 281
72 74 664 348
72 77 298 346
72 78 530 7
72 80 212 372
72 81 31 329
73 72 920 121
73 74 76 263
73 75 24 41
73 78 763 312
73 79 133 209
73 81 823 88
73 82 177 127
73 83 174 344
73 84 881 408
73 85 928 335
73 86 796 349
73 87 140 417
73 88 22 183
73 89 148 408
73 90 895 202
73 91 818 66
74 72 664 313
74 73 76 103
74 76 268 83
74 77 103 278
74 78 119 303
74 80 709 121
74 82 832 99
74 83 174 135
74 84 651 221
74 85 48 23
74 86 946 390
74 87 767 109
74 88 517 222
74 89 649 26
74 90 294 31
74 91 694 411
75 73 24 86
75 82 59 77
75 83 890 222
75 84 583 257
75 85 152 123
75 86 309 328
75 87 350 311
75 88 698 102
75 89 666 177
75 90 878 352
75 91 738 392
76 74 268 9
76 82 722 36
76 83 709 262
76 84 230 356
76 85 681 84
76 86 914 100
76 87 280 422
76 88 508 214
76 89 294 306
76 90 939 166
76 91 911 417
77 72 298 416
77 74 103 371
77 82 754 150
77 83 978 34
77 84 266 247
77 85 784 420
77 86 65 100
77 87 488 146
77 88 10 284
77 89 694 77
77 90 779 315
77 91 120 146
78 72 530 315
78 73 763 374
78 74 119 342
78 82 207 331
78 83 534 91
78 84 414 352
78 85 468 194
78 86 634 353
78 87 592 229
78 88 666 115
78 89 651 360
78 90 131 187
78 91 213 78
79 73 133 175
79 82 244 129
79 83 737 62
79 84 742 56
79 85 140 111
79 86 658 165
79 87 503 274
79 88 206 70
79 89 641 87
79 90 206 335
79 91 852 231
80 72 212 113
80 74 709 334
80 82 85 32
80 83 90 6
80 84 526 249
80 85 676 216
80 86 648 118
80 87 249 4
80 88 911 129
80 89 987 411
80 90 407 134
80 91 932 245
81 72 31 356
81 73 823 43
81 82 661 168
81 83 507 199
81 84 567 351
81 85 961 400
81 86 562 382
81 87 962 272
81 88 668 282
81 89 708 12
81 90 796 372
81 91 217 152
82 83 674 52
82 84 41 378
82 85 533 254
82 86 426 190
82 87 522 194
82 88 203 121
82 89 443 35
83 82 674 32
83 84 460 19
83 89 427 49
83 91 644 65
83 92 134 307
83 93 891 289
83 94 186 234
83 95 179 181
83 96 825 247
83 97 519 371
83 98 788 278
83 99 167 113
83 100 91 113
83 101 305 52
84 82 41 299
84 83 460 236
84 85 289 319
84 86 811 277
84 87 195 177
84 89 777 44
84 91 225 28
84 92 468 182
84 93 392 187
84 94 222 223
84 95 93 216
84 96 80 20
84 97 571 321
84 98 214 356
84 99 958 376
84 100 179 221
84 101 583 130
85 82 533 317
85 84 289 388
85 92 643 216
85 93 795 164
85 94 77 60
85 95 700 147
85 96 783 57
85 97 262 160
85 98 970 2
85 99 342 65
85 100 769 336
85 101 969 18
86 82 426 412
86 84 811 37
86 92 505 131
86 93 497 60
86 94 411 187
86 95 617 298
86 96 727 216
86 97 674 155
86 98 387 267
86 99 441 205
86 100 790 222
86 101 561 57
87 82 522 392
87 84 195 414
87 92 521 93
87 93 570 86
87 94 712 11
87 95 741 33
87 96 58 202
87 97 446 317
87 98 287 311
87 99 820 82
87 100 853 96
87 101 998 43
88 82 203 260
88 92 967 192
88 93 240 394
88 94 358 364
88 95 681 24
88 96 945 273
88 97 406 202
88 98 74 240
88 99 348 316
88 100 564 196
88 101 300 284
89 82 443 378
89 83 427 44
89 84 777 140
89 92 22 119
89 93 503 72
89 94 562 183
89 95 122 333
89 96 738 317
89 97 478 377
89 98 634 290
89 99 364 231
89 100 17 15
89 101 993 274
90 92 495 235
90 93 710 128
90 94 988 328
90 95 825 171
90 96 878 21
90 97 503 181
90 98 520 308
90 99 259 411
90 100 871 356
90 101 428 213
91 83 644 43
91 84 225 75
91 92 90 9
91 93 509 199
91 94 845 38
91 95 121 246
91 96 164 364
91 97 311 396
91 98 746 406
91 99 612 26
91 100 620 253
91 101 824 186
92 93 635 225
92 94 983 333
92 95 160 390
92 96 8 142
92 97 204 38
92 99 614 301
92 100 464 108
93 92 635 303
93 94 780 259
93 96 443 57
93 98 557 166
93 99 575 239
93 100 83 40
93 101 90 291
93 102 469 356
93 103 830 69
93 104 353 177
93 105 650 415
93 106 155 245
93 107 921 273
93 108 872 361
93 109 629 86
93 110 179 140
93 111 883 1
94 92 983 239
94 93 780 177
94 99 113 388
94 100 465 264
94 101 176 415
94 102 201 2
94 103 8 242
94 104 671 224
94 105 749 14
94 106 288 222
94 107 999 66
94 108 517 334
94 109 581 169
94 110 972 61
94 111 223 135
95 92 160 366
95 102 775 160
95 103 253 80
95 104 169 184
95 105 196 127
95 106 115 3
95 107 797 4
95 108 413 381
95 109 461 421
95 110 864 135
95 111 267 124
96 92 8 252
96 93 443 229
96 102 208 254
96 103 698 338
96 104 595 123
96 105 332 215
96 106 254 67
96 107 407 401
96 108 772 396
96 109 971 280
96 110 798 69
96 111 759 418
97 92 204 79
97 102 331 326
97 103 574 309
97 104 311 40
97 105 882 165
97 106 358 128
97 107 618 160
97 108 71 99
97 109 366 246
97 110 657 161
97 111 640 299
98 93 557 303
98 102 949 333
98 103 174 56
98 104 128 87
98 105 617 384
98 106 118 211
98 107 958 143
98 108 109 325
98 109 157 406
98 110 780 43
98 111 362 109
99 92 614 141
99 93 575 188
99 94 113 44
99 102 997 191
99 103 736 156
99 104 100 121
99 105 168 66
99 106 380 100
99 107 338 119
99 108 726 74
99 109 251 367
99 110 630 186
99 111 642 167
100 92 464 63
100 93 83 166
100 94 465 322
100 102 797 317
100 103 55 12
100 104 554 259
100 105 898 141
100 106 471 14
100 107 804 131
100 108 413 47
100 109 872 243
100 110 750 303
100 111 440 16
101 93 90 44
101 94 176 359
101 102 934 42
101 103 649 244
101 104 861 184
101 105 174 76
101 106 380 102
101 107 861 144
101 108 178 368
101 109 293 406
101 110 519 274
101 111 251 322
102 103 661 346
102 104 213 122
103 102 661 183
103 104 688 363
103 108 145 205
103 109 970 334
103 110 571 339
103 112 115 363
103 113 284 341
103 114 222 387
103 115 53 34
103 116 103 104
103 117 451 40
103 118 990 287
103 119 785 7
103 120 323 198
103 121 473 252
104 102 213 399
104 103 688 290
104 105 80 227
104 107 402 337
104 110 912 191
104 111 568 156
104 112 895 136
104 113 947 26
104 114 731 312
104 115 903 9
104 116 810 206
104 117 587 2
104 118 386 166
104 119 693 174
104 120 892 287
104 121 36 59
105 104 80 46
105 112 153 256
105 113 8 102
105 114 706 178
105 115 678 179
105 116 770 383
105 117 94 90
105 118 867 401
105 119 557 225
105 120 72 134
105 121 136 340
106 112 773 365
106 113 11 298
106 114 607 246
106 115 899 149
106 116 351 98
106 117 928 409
106 118 564 361
106 119 658 385
106 120 64 397
106 121 256 210
107 104 402 391
107 112 842 291
107 113 22 29
107 114 632 248
107 115 592 388
107 116 610 225
107 117 892 16
107 118 92 74
107 119 660 122
107 120 627 296
107 121 797 210
108 103 145 239
108 112 402 34
108 113 243 11
108 114 705 271
108 115 368 256
108 116 719 312
108 117 317 335
108 118 891 5
108 119 512 369
108 120 477 374
108 121 441 59
109 103 970 228
109 112 61 117
109 113 260 246
109 114 200 3
109 115 23 159
109 116 994 223
109 117 448 13
109 118 386 389
109 119 409 406
109 120 882 136
109 121 333 352
110 103 571 157
110 104 912 419
110 112 576 152
110 113 756 373
110 114 320 316
110 115 228 119
110 116 606 258
110 117 769 7
110 118 658 419
110 119 694 271
110 120 983 8
110 121 598 247
111 104 568 240
111 112 472 114
111 113 727 105
111 114 742 402
111 115 383 241
111 116 527 121
111 117 140 231
111 118 901 331
111 119 950 95
111 120 620 328
111 121 202 394
112 113 739 371
112 114 349 77
112 115 957 175
112 117 876 245
112 118 162 132
112 119 750 308
112 120 942 129
112 121 723 213
113 112 739 51
113 114 1 211
113 115 658 129
113 116 740 423
113 117 811 175
113 120 15 9
113 121 829 204
113 122 757 406
113 123 897 59
113 124 134 384
113 125 471 22
113 126 854 273
113 127 195 422
113 128 282 104
113 129 585 59
113 130 608 188
113 131 440 334
114 112 349 183
114 113 1 69
114 115 267 276
114 117 672 356
114 119 6 226
114 120 34 5
114 122 229 197
114 123 495 41
114 124 476 398
114 125 632 3
114 126 204 13
114 127 31 396
114 128 600 343
114 129 985 205
114 130 147 290
114 131 811 353
115 112 957 131
115 113 658 289
115 114 267 77
115 122 524 30
115 123 512 109
115 124 998 147
115 125 93 73
115 126 951 339
115 127 188 225
115 128 262 273
115 129 569 72
115 130 893 95
115 131 78 29
116 113 740 212
116 122 580 107
116 123 420 60
116 124 131 82
116 125 907 142
116 126 590 317
116 127 385 159
116 128 71 82
116 129 14 377
116 130 566 375
116 131 793 312
117 112 876 28
117 113 811 246
117 114 672 405
117 122 786 225
117 123 456 308
117 124 597 238
117 125 492 53
117 126 133 269
117 127 471 252
117 128 200 168
117 129 782 32
117 130 889 88
117 131 855 90
118 112 162 179
118 122 161 287
118 123 476 181
118 124 653 131
118 125 308 414
118 126 553 337
118 127 645 284
118 128 582 397
118 129 889 279
118 130 533 18
118 131 562 62
119 112 750 327
119 114 6 41
119 122 454 118
119 123 7 164
119 124 411 14
119 125 808 218
119 126 701 334
119 127 787 121
119 128 26 420
119 129 298 413
119 130 574 321
119 131 712 129
120 112 942 355
120 113 15 277
120 114 34 359
120 122 61 117
120 123 985 134
120 124 196 310
120 125 155 351
120 126 913 274
120 127 101 341
120 128 448 44
120 129 24 345
120 130 548 40
120 131 492 227
121 112 723 192
121 113 829 348
121 122 357 371
121 123 295 31
121 124 676 271
121 125 939 247
121 126 111 181
121 127 512 67
121 128 927 406
121 129 250 91
121 130 559 130
121 131 857 256
122 123 501 57
122 124 22 247
122 126 840 45
122 128 862 146
122 130 645 360
123 122 501 422
123 124 697 85
123 125 467 265
123 126 257 202
123 127 290 384
123 130 757 137
123 131 861 9
123 132 963 143
123 133 353 266
123 134 503 374
123 135 734 126
123 136 293 182
123 137 722 236
123 138 831 368
123 139 706 238
123 140 940 273
123 141 173 179
124 122 22 134
124 123 697 87
124 126 577 175
124 129 345 151
124 130 151 57
124 131 418 417
124 132 124 303
124 133 143 199
124 134 991 122
124 135 401 141
124 136 651 416
124 137 902 42
124 138 171 146
124 139 974 92
124 140 365 345
124 141 423 159
125 123 467 208
125 132 395 69
125 133 114 227
125 134 354 149
125 135 287 342
125 136 30 386
125 137 662 202
125 138 207 123
125 139 792 8
125 140 231 401
125 141 846 353
126 122 840 178
126 123 257 148
126 124 577 42
126 132 490 65
126 133 828 229
126 134 895 242
126 135 164 161
126 136 474 329
126 137 205 56
126 138 327 110
126 139 882 143
126 140 236 74
126 141 806 350
127 123 290 80
127 132 180 334
127 133 121 160
127 134 32 11
127 135 749 238
127 136 625 50
127 137 237 353
127 138 963 22
127 139 297 16
127 140 76 129
127 141 935 207
128 122 862 368
128 132 363 287
128 133 803 152
128 134 51 80
128 135 390 86
128 136 751 396
128 137 928 128
128 138 403 208
128 139 288 224
128 140 411 68
128 141 858 297
129 124 345 366
129 132 274 328
129 133 910 378
129 134 288 384
129 135 526 382
129 136 506 271
129 137 504 308
129 138 731 8
129 139 271 317
129 140 389 203
129 141 951 155
130 122 645 233
130 123 757 94
130 124 151 123
130 132 170 324
130 133 91 119
130 134 112 349
130 135 890 357
130 136 238 349
130 137 872 223
130 138 881 93
130 139 451 381
130 140 347 331
130 141 592 26
131 123 861 413
131 124 418 28
131 132 684 386
131 133 848 166
131 134 737 274
131 135 942 145
131 136 417 318
131 137 321 45
131 138 628 208
131 139 673 299
131 140 144 400
131 141 155 122
132 133 128 51
132 134 678 191
132 135 642 215
132 136 786 42
132 137 678 409
132 139 210 322
133 132 128 329
133 134 673 41
133 135 524 305
133 137 919 240
133 138 811 99
133 140 390 378
133 141 253 43
133 142 446 415
133 143 197 170
133 144 620 129
133 145 386 397
133 146 160 390
133 147 282 258
133 148 152 76
133 149 628 304
133 150 140 9
133 151 967 1
134 132 678 421
134 133 673 408
134 139 217 210
134 142 522 333
134 143 415 208
134 144 773 365
134 145 494 99
134 146 68 340
134 147 372 42
134 148 95 60
134 149 774 28
134 150 496 311
134 151 381 302
135 132 642 200
135 133 524 349
135 142 660 300
135 143 141 4
135 144 294 150
135 145 856 103
135 146 251 308
135 147 383 156
135 148 169 293
135 149 412 237
135 150 986 90
135 151 820 47
136 132 786 406
136 142 546 261
136 143 410 261
136 144 418 149
136 145 801 107
136 146 210 154
136 147 588 348
136 148 805 368
136 149 206 92
136 150 530 14
136 151 809 68
137 132 678 349
137 133 919 360
137 142 679 349
137 143 61 213
137 144 795 145
137 145 24 8
137 146 636 271
137 147 222 300
137 148 598 239
137 149 765 276
137 150 783 224
137 151 492 74
138 133 811 81
138 142 982 345
138 143 492 99
138 144 805 57
138 145 261 383
138 146 649 271
138 147 90 321
138 148 861 344
138 149 673 367
138 150 645 51
138 151 299 83
139 132 210 71
139 134 217 261
139 142 121 84
139 143 71 289
139 144 953 214
139 145 730 368
139 146 356 13
139 147 508 338
139 148 838 213
139 149 435 280
139 150 657 376
139 151 770 415
140 133 390 54
140 142 817 379
140 143 858 337
140 144 232 308
140 145 13 384
140 146 646 161
140 147 791 68
140 148 37 187
140 149 494 207
140 150 796 43
140 151 408 238
141 133 253 112
141 142 188 31
141 143 81 333
141 144 373 417
141 145 386 370
141 146 789 374
141 147 472 129
141 148 833 135
141 149 191 77
141 150 123 363
141 151 858 71
142 143 590 137
142 144 229 115
142 146 773 312
142 148 292 399
142 149 336 61
142 152 157 219
143 142 590 288
143 144 30 212
143 145 237 133
143 148 744 25
143 149 920 213
143 151 864 223
143 152 288 422
144 142 229 12
144 143 30 99
144 146 285 224
144 149 256 397
144 150 405 117
144 151 464 311
144 152 164 212
145 143 237 139
145 152 201 316
146 142 773 291
146 144 285 6
146 152 693 383
147 152 176 176
148 142 292 28
148 143 744 111
148 152 744 226
149 142 336 110
149 143 920 89
149 144 256 280
149 152 654 332
150 144 405 307
150 152 801 355
151 143 864 217
151 144 464 92
151 152 627 368
