152 1698 1 152 7 424
1 2 807 98
1 3 198 379
1 4 162 15
1 5 889 55
1 6 249 6
1 7 137 223
1 8 848 94
1 9 667 299
1 10 3 298
1 11 850 402
2 3 821 135
2 4 701 142
2 5 595 253
2 6 919 287
2 8 715 56
2 11 457 222
3 2 821 142
3 4 929 335
3 7 298 204
3 11 807 404
3 12 544 17
3 13 959 150
3 14 286 222
3 15 276 283
3 16 468 10
3 17 788 31
3 18 17 238
3 19 242 371
3 20 797 205
3 21 958 211
4 2 701 88
4 3 929 144
4 5 215 2
4 7 549 151
4 8 249 256
4 9 709 195
4 10 604 299
4 11 859 317
4 12 483 361
4 13 718 382
4 14 655 356
4 15 386 305
4 16 250 112
4 17 805 63
4 18 125 258
4 19 349 282
4 20 470 339
4 21 207 17
5 2 595 303
5 4 215 249
5 12 201 159
5 13 501 230
5 14 432 176
5 15 285 395
5 16 408 414
5 17 756 24
5 18 534 313
5 19 402 324
5 20 922 255
5 21 996 157
6 2 919 167
6 12 227 263
6 13 557 24
6 14 831 371
6 15 472 154
6 16 710 135
6 17 279 286
6 18 668 31
6 19 266 383
6 20 616 235
6 21 355 142
7 3 298 309
7 4 549 29
7 12 954 221
7 13 221 411
7 14 706 392
7 15 314 405
7 16 258 149
7 17 619 180
7 18 862 324
7 19 397 85
7 20 901 135
7 21 119 4
8 2 715 299
8 4 249 227
8 12 253 199
8 13 783 306
8 14 388 255
8 15 648 54
8 16 535 286
8 17 618 337
8 18 357 208
8 19 926 348
8 20 381 55
8 21 138 54
9 4 709 366
9 12 235 47
9 13 37 292
9 14 369 316
9 15 641 97
9 16 254 154
9 17 810 39
9 18 532 298
9 19 246 167
9 20 946 23
9 21 52 206
10 4 604 6
10 12 581 399
10 13 879 368
10 14 21 298
10 15 389 285
10 16 87 220
10 17 640 156
10 18 715 258
10 19 990 92
10 20 440 78
10 21 377 343
11 2 457 153
11 3 807 121
11 4 859 321
11 12 635 202
11 13 197 374
11 14 151 289
11 15 185 403
11 16 732 292
11 17 658 390
11 18 389 300
11 19 507 317
11 20 390 194
11 21 57 195
12 13 210 279
12 14 80 142
12 16 843 355
12 17 74 208
12 18 246 410
12 19 541 388
12 20 993 400
13 12 210 263
13 14 296 328
13 15 526 115
13 16 536 308
13 18 869 168
13 21 753 119
13 22 307 330
13 23 858 175
13 24 881 117
13 25 80 253
13 26 69 237
13 27 314 114
13 28 227 128
13 29 196 11
13 30 549 309
13 31 796 178
14 12 80 66
14 13 296 68
14 16 818 156
14 18 190 336
14 21 751 95
14 22 897 410
14 23 817 141
14 24 934 313
14 25 118 185
14 26 27 267
14 27 804 318
14 28 169 244
14 29 968 103
14 30 104 7
14 31 793 132
15 13 526 96
15 22 147 73
15 23 630 348
15 24 158 215
15 25 947 258
15 26 10 76
15 27 241 271
15 28 923 351
15 29 975 115
15 30 140 197
15 31 706 389
16 12 843 402
16 13 536 205
16 14 818 246
16 22 214 27
16 23 8 326
16 24 670 301
16 25 342 233
16 26 964 422
16 27 996 270
16 28 818 185
16 29 57 387
16 30 142 387
16 31 445 396
17 12 74 279
17 22 495 394
17 23 364 305
17 24 393 219
17 25 778 294
17 26 576 279
17 27 896 307
17 28 931 208
17 29 380 150
17 30 941 351
17 31 696 97
18 12 246 406
18 13 869 243
18 14 190 77
18 22 498 215
18 23 784 242
18 24 881 102
18 25 737 107
18 26 18 234
18 27 304 104
18 28 53 97
18 29 322 267
18 30 643 329
18 31 192 134
19 12 541 138
19 22 888 302
19 23 520 213
19 24 115 11
19 25 131 14
19 26 887 413
19 27 900 320
19 28 631 141
19 29 86 73
19 30 25 272
19 31 983 259
20 12 993 114
20 22 231 281
20 23 367 248
20 24 423 5
20 25 120 34
20 26 241 65
20 27 918 283
20 28 495 419
20 29 173 119
20 30 383 146
20 31 248 170
21 13 753 34
21 14 751 368
21 22 160 386
21 23 87 370
21 24 502 40
21 25 857 282
21 26 561 67
21 27 259 28
21 28 217 423
21 29 903 401
21 30 444 102
21 31 656 242
22 23 676 408
22 24 213 235
22 28 609 157
23 22 676 258
23 24 478 353
23 26 715 86
23 29 982 37
23 30 21 12
23 32 871 251
23 33 949 233
23 34 165 26
23 35 312 87
23 36 150 233
23 37 892 55
23 38 642 397
23 39 892 20
23 40 273 64
23 41 97 128
24 22 213 406
24 23 478 100
24 25 423 252
24 26 934 105
24 27 680 250
24 28 153 66
24 29 455 230
24 32 804 112
24 33 433 283
24 34 735 69
24 35 855 212
24 36 507 229
24 37 730 41
24 38 825 243
24 39 793 303
24 40 865 133
24 41 166 81
25 24 423 229
25 32 925 221
25 33 707 124
25 34 129 73
25 35 85 421
25 36 226 286
25 37 434 182
25 38 625 398
25 39 941 50
25 40 651 123
25 41 931 310
26 23 715 146
26 24 934 1
26 32 1 341
26 33 937 267
26 34 325 272
26 35 127 150
26 36 674 198
26 37 159 228
26 38 164 328
26 39 472 301
26 40 276 17
26 41 698 414
27 24 680 8
27 32 811 229
27 33 401 95
27 34 813 267
27 35 715 36
27 36 815 249
27 37 370 415
27 38 180 406
27 39 253 253
27 40 546 83
27 41 387 411
28 22 609 148
28 24 153 295
28 32 537 391
28 33 163 406
28 34 17 122
28 35 164 375
28 36 519 324
28 37 624 417
28 38 806 299
28 39 910 322
28 40 974 24
28 41 644 16
29 23 982 322
29 24 455 269
29 32 226 79
29 33 700 101
29 34 914 395
29 35 409 105
29 36 171 110
29 37 906 230
29 38 98 158
29 39 95 116
29 40 924 321
29 41 776 421
30 23 21 154
30 32 942 393
30 33 348 317
30 34 378 60
30 35 276 43
30 36 589 177
30 37 155 306
30 38 411 6
30 39 821 163
30 40 349 255
30 41 20 98
31 32 569 173
31 33 745 154
31 34 144 274
31 35 551 163
31 36 353 323
31 37 49 305
31 38 938 180
31 39 522 340
31 40 271 368
31 41 822 10
32 33 472 373
32 34 279 13
32 37 770 211
32 38 130 219
32 41 240 181
33 32 472 257
33 34 904 173
33 38 995 37
33 39 122 348
33 41 692 157
33 42 907 69
33 43 533 200
33 44 222 250
33 45 649 296
33 46 720 305
33 47 637 63
33 48 399 20
33 49 475 282
33 50 461 279
33 51 80 404
34 32 279 252
34 33 904 371
34 40 128 142
34 42 437 90
34 43 268 6
34 44 160 193
34 45 863 195
34 46 854 391
34 47 645 30
34 48 689 69
34 49 48 263
34 50 92 49
34 51 660 202
35 42 626 233
35 43 335 165
35 44 360 73
35 45 628 394
35 46 510 78
35 47 643 396
35 48 788 211
35 49 772 3
35 50 764 159
35 51 29 295
36 42 812 251
36 43 980 94
36 44 583 34
36 45 609 164
36 46 981 379
36 47 716 297
36 48 341 24
36 49 727 296
36 50 216 150
36 51 249 209
37 32 770 127
37 42 541 373
37 43 606 370
37 44 711 171
37 45 50 155
37 46 736 233
37 47 805 133
37 48 79 128
37 49 513 304
37 50 419 100
37 51 573 48
38 32 130 98
38 33 995 229
38 42 249 410
38 43 824 154
38 44 934 210
38 45 876 237
38 46 833 181
38 47 447 300
38 48 539 201
38 49 131 260
38 50 30 294
38 51 68 202
39 33 122 161
39 42 872 372
39 43 638 264
39 44 849 364
39 45 169 344
39 46 345 104
39 47 280 46
39 48 399 273
39 49 16 6
39 50 4 249
39 51 426 118
40 34 128 120
40 42 46 285
40 43 365 279
40 44 863 402
40 45 383 156
40 46 583 421
40 47 645 345
40 48 391 352
40 49 626 290
40 50 752 111
40 51 39 4
41 32 240 415
41 33 692 178
41 42 333 39
41 43 994 179
41 44 400 94
41 45 722 286
41 46 855 37
41 47 555 68
41 48 449 222
41 49 104 351
41 50 774 26
41 51 990 170
42 43 283 25
42 44 718 288
42 51 420 259
43 42 283 390
43 44 147 310
43 46 265 349
43 51 270 145
43 52 61 253
43 53 562 257
43 54 829 84
43 55 427 240
43 56 421 423
43 57 977 414
43 58 829 247
43 59 384 184
43 60 145 398
43 61 818 387
44 42 718 8
44 43 147 171
44 46 813 370
44 50 971 118
44 52 791 359
44 53 91 266
44 54 501 57
44 55 242 322
44 56 398 93
44 57 97 395
44 58 872 12
44 59 189 79
44 60 832 148
44 61 375 90
45 52 418 405
45 53 581 386
45 54 763 25
45 55 737 419
45 56 911 82
45 57 180 419
45 58 604 397
45 59 576 225
45 60 807 287
45 61 625 347
46 43 265 17
46 44 813 315
46 52 355 422
46 53 782 391
46 54 693 254
46 55 469 81
46 56 218 213
46 57 533 262
46 58 881 167
46 59 902 88
46 60 76 307
46 61 105 71
47 52 770 300
47 53 97 358
47 54 584 232
47 55 472 93
47 56 416 294
47 57 265 355
47 58 268 150
47 59 219 267
47 60 715 196
47 61 143 418
48 52 31 328
48 53 864 300
48 54 626 207
48 55 416 402
48 56 268 119
48 57 170 396
48 58 306 367
48 59 593 367
48 60 411 151
48 61 753 221
49 52 275 392
49 53 283 58
49 54 188 35
49 55 370 403
49 56 628 156
49 57 294 96
49 58 562 222
49 59 521 23
49 60 596 195
49 61 798 346
50 44 971 262
50 52 56 237
50 53 124 241
50 54 935 384
50 55 35 12
50 56 714 339
50 57 827 143
50 58 303 396
50 59 244 179
50 60 234 177
50 61 662 187
51 42 420 199
51 43 270 163
51 52 983 319
51 53 566 19
51 54 772 288
51 55 370 400
51 56 180 247
51 57 252 79
51 58 595 406
51 59 990 350
51 60 956 131
51 61 621 222
52 53 543 184
52 54 449 380
52 55 909 188
52 56 751 232
52 57 305 403
52 58 608 63
52 61 431 375
53 52 543 29
53 54 598 40
53 55 456 409
53 56 402 384
53 59 176 150
53 62 178 307
53 63 145 56
53 64 141 99
53 65 996 324
53 66 850 16
53 67 415 223
53 68 280 134
53 69 180 278
53 70 631 330
53 71 219 280
54 52 449 179
54 53 598 38
54 55 114 181
54 56 846 332
54 57 531 379
54 58 388 396
54 59 75 4
54 60 400 329
54 62 883 49
54 63 86 2
54 64 676 164
54 65 140 96
54 66 629 69
54 67 579 137
54 68 968 414
54 69 322 415
54 70 439 383
54 71 877 48
55 52 909 410
55 53 456 402
55 54 114 148
55 62 560 364
55 63 856 294
55 64 446 148
55 65 204 354
55 66 582 381
55 67 62 272
55 68 261 359
55 69 193 350
55 70 528 172
55 71 4 386
56 52 751 46
56 53 402 151
56 54 846 72
56 62 863 118
56 63 751 300
56 64 139 388
56 65 275 399
56 66 35 92
56 67 730 337
56 68 627 343
56 69 486 400
56 70 189 30
56 71 867 126
57 52 305 102
57 54 531 235
57 62 616 156
57 63 693 20
57 64 909 322
57 65 897 106
57 66 213 177
57 67 131 4
57 68 240 124
57 69 413 177
57 70 856 117
57 71 264 114
58 52 608 66
58 54 388 67
58 62 313 49
58 63 754 135
58 64 943 67
58 65 190 220
58 66 23 256
58 67 424 314
58 68 4 281
58 69 792 63
58 70 609 229
58 71 274 337
59 53 176 44
59 54 75 299
59 62 245 168
59 63 821 55
59 64 213 391
59 65 368 334
59 66 399 156
59 67 371 42
59 68 531 8
59 69 46 390
59 70 691 360
59 71 554 153
60 54 400 144
60 62 184 145
60 63 76 412
60 64 205 269
60 65 614 358
60 66 789 68
60 67 858 374
60 68 323 87
60 69 878 213
60 70 827 356
60 71 577 75
61 52 431 38
61 62 893 235
61 63 564 153
61 64 598 52
61 65 865 180
61 66 606 118
61 67 17 199
61 68 440 114
61 69 390 162
61 70 969 3
61 71 258 416
62 63 908 166
62 64 707 173
62 65 71 354
62 67 963 42
62 70 491 306
63 62 908 238
63 64 534 159
63 65 209 97
63 66 398 246
63 67 686 136
63 68 181 154
63 69 871 77
63 70 81 147
63 71 670 263
63 72 773 313
63 73 509 216
63 74 637 331
63 75 405 143
63 76 249 414
63 77 45 336
63 78 827 263
63 79 236 388
63 80 523 5
63 81 149 170
64 62 707 202
64 63 534 150
64 67 284 240
64 68 363 163
64 70 868 96
64 71 961 323
64 72 497 74
64 73 80 255
64 74 66 5
64 75 381 62
64 76 771 144
64 77 592 65
64 78 955 402
64 79 704 53
64 80 852 41
64 81 919 248
65 62 71 261
65 63 209 305
65 72 634 220
65 73 455 41
65 74 662 79
65 75 562 41
65 76 850 136
65 77 851 342
65 78 80 104
65 79 441 358
65 80 771 273
65 81 995 359
66 63 398 2
66 72 410 12
66 73 700 392
66 74 85 282
66 75 125 177
66 76 507 114
66 77 779 127
66 78 37 247
66 79 384 203
66 80 450 108
66 81 567 412
67 62 963 379
67 63 686 404
67 64 284 236
67 72 237 316
67 73 272 94
67 74 371 68
67 75 675 263
67 76 901 83
67 77 154 206
67 78 825 50
67 79 207 191
67 80 467 364
67 81 466 13
68 63 181 286
68 64 363 287
68 72 205 330
68 73 684 276
68 74 99 258
68 75 525 189
68 76 845 209
68 77 35 112
68 78 501 230
68 79 406 22
68 80 976 101
68 81 407 233
69 63 871 389
69 72 990 306
69 73 182 259
69 74 475 43
69 75 667 375
69 76 745 300
69 77 946 353
69 78 789 404
69 79 341 167
69 80 819 52
69 81 914 220
70 62 491 219
70 63 81 402
70 64 868 304
70 72 261 120
70 73 128 313
70 74 781 220
70 75 873 46
70 76 367 382
70 77 868 110
70 78 767 381
70 79 458 327
70 80 876 220
70 81 247 244
71 63 670 79
71 64 961 96
71 72 288 43
71 73 28 398
71 74 211 280
71 75 378 224
71 76 361 298
71 77 507 221
71 78 200 125
71 79 769 140
71 80 945 340
71 81 909 156
72 73 110 13
72 74 95 330
72 75 653 362
72 76 602 103
72 78 425 238
72 81 347 30
73 72 110 197
73 74 655 218
73 79 12 67
73 80 177 50
73 81 962 410
73 82 676 230
73 83 540 180
73 84 539 30
73 85 912 136
73 86 388 55
73 87 384 82
73 88 538 63
73 89 580 370
73 90 968 381
73 91 196 158
74 72 95 49
74 73 655 422
74 77 381 180
74 82 606 375
74 83 269 192
74 84 82 379
74 85 304 228
74 86 989 208
74 87 980 416
74 88 198 16
74 89 454 159
74 90 957 301
74 91 834 348
75 72 653 91
75 82 142 267
75 83 402 419
75 84 115 91
75 85 986 253
75 86 24 40
75 87 391 216
75 88 479 308
75 89 173 212
75 90 670 241
75 91 404 69
76 72 602 409
76 82 65 288
76 83 671 407
76 84 101 76
76 85 650 379
76 86 282 81
76 87 670 168
76 88 8 53
76 89 200 329
76 90 640 292
76 91 374 337
77 74 381 287
77 82 138 15
77 83 532 396
77 84 144 202
77 85 316 26
77 86 690 65
77 87 577 79
77 88 606 43
77 89 474 38
77 90 33 50
77 91 937 178
78 72 425 58
78 82 156 239
78 83 707 15
78 84 487 118
78 85 983 209
78 86 297 70
78 87 172 258
78 88 593 401
78 89 435 162
78 90 225 20
78 91 957 24
79 73 12 106
79 82 201 86
79 83 54 185
79 84 66 193
79 85 536 381
79 86 277 50
79 87 896 128
79 88 745 251
79 89 659 190
79 90 132 252
79 91 590 311
80 73 177 3
80 82 648 285
80 83 707 283
80 84 638 262
80 85 277 103
80 86 178 242
80 87 88 276
80 88 174 152
80 89 276 62
80 90 609 241
80 91 720 143
81 72 347 358
81 73 962 343
81 82 711 359
81 83 645 247
81 84 914 243
81 85 669 298
81 86 130 322
81 87 263 137
81 88 605 204
81 89 762 138
81 90 423 281
81 91 981 29
82 83 234 227
82 84 814 352
82 85 95 367
82 88 764 409
82 89 749 223
82 90 989 185
82 91 494 393
83 82 234 45
83 84 757 173
83 86 57 111
83 88 560 52
83 91 59 241
83 92 775 357
83 93 970 182
83 94 523 26
83 95 126 290
83 96 931 299
83 97 388 343
83 98 137 178
83 99 338 381
83 100 132 15
83 101 595 116
84 82 814 292
84 83 757 153
84 85 609 243
84 88 901 341
84 90 443 356
84 91 707 19
84 92 474 193
84 93 863 219
84 94 73 67
84 95 737 406
84 96 198 15
84 97 363 418
84 98 591 326
84 99 963 279
84 100 843 149
84 101 967 67
85 82 95 111
85 84 609 17
85 92 215 85
85 93 909 136
85 94 645 175
85 95 378 166
85 96 165 250
85 97 235 311
85 98 637 101
85 99 715 103
85 100 106 339
85 101 492 399
86 83 57 26
86 92 380 228
86 93 274 117
86 94 917 235
86 95 151 7
86 96 371 186
86 97 551 49
86 98 753 178
86 99 184 272
86 100 311 268
86 101 272 401
87 92 452 263
87 93 107 287
87 94 165 419
87 95 874 349
87 96 275 37
87 97 888 183
87 98 437 386
87 99 124 416
87 100 783 87
87 101 950 330
88 82 764 406
88 83 560 175
88 84 901 38
88 92 897 232
88 93 239 12
88 94 906 120
88 95 422 321
88 96 111 246
88 97 817 255
88 98 27 100
88 99 937 141
88 100 165 164
88 101 873 139
89 82 749 281
89 92 970 30
89 93 266 114
89 94 825 238
89 95 736 53
89 96 526 303
89 97 150 51
89 98 527 204
89 99 433 215
89 100 625 209
89 101 774 112
90 82 989 216
90 84 443 328
90 92 132 285
90 93 834 261
90 94 177 151
90 95 82 226
90 96 452 357
90 97 772 107
90 98 347 94
90 99 125 252
90 100 995 350
90 101 770 52
91 82 494 363
91 83 59 186
91 84 707 290
91 92 67 49
91 93 659 124
91 94 906 364
91 95 727 361
91 96 712 300
91 97 504 18
91 98 255 54
91 99 191 115
91 100 466 175
91 101 69 394
92 93 319 80
92 94 296 3
92 95 448 221
92 96 18 6
92 97 622 75
92 98 191 93
92 99 73 343
92 100 557 384
93 92 319 315
93 94 42 219
93 95 155 64
93 96 537 189
93 97 850 55
93 98 997 119
93 99 485 305
93 101 55 309
93 102 944 92
93 103 930 134
93 104 744 168
93 105 771 320
93 106 219 378
93 107 124 363
93 108 121 365
93 109 382 101
93 110 280 237
93 111 227 378
94 92 296 325
94 93 42 339
94 95 324 178
94 96 10 253
94 97 939 347
94 98 569 260
94 100 45 297
94 101 397 161
94 102 687 77
94 103 454 264
94 104 481 294
94 105 150 350
94 106 850 218
94 107 468 258
94 108 483 116
94 109 489 192
94 110 181 174
94 111 657 17
95 92 448 149
95 93 155 321
95 94 324 247
95 102 187 291
95 103 431 402
95 104 57 99
95 105 140 88
95 106 588 327
95 107 994 76
95 108 507 421
95 109 346 15
95 110 970 39
95 111 400 354
96 92 18 210
96 93 537 270
96 94 10 416
96 102 317 30
96 103 521 347
96 104 255 188
96 105 185 140
96 106 898 102
96 107 584 306
96 108 915 376
96 109 699 164
96 110 211 135
96 111 617 249
97 92 622 203
97 93 850 342
97 94 939 173
97 102 716 176
97 103 771 269
97 104 763 327
97 105 861 423
97 106 182 255
97 107 951 194
97 108 596 423
97 109 775 289
97 110 754 394
97 111 973 54
98 92 191 260
98 93 997 182
98 94 569 293
98 102 577 297
98 103 129 165
98 104 141 33
98 105 903 399
98 106 740 307
98 107 682 370
98 108 143 59
98 109 285 142
98 110 283 122
98 111 819 58
99 92 73 209
99 93 485 46
99 102 93 354
99 103 431 123
99 104 86 181
99 105 858 329
99 106 291 124
99 107 324 259
99 108 669 148
99 109 248 378
99 110 351 199
99 111 266 136
100 92 557 424
100 94 45 345
100 102 261 220
100 103 537 393
100 104 794 194
100 105 198 81
100 106 663 150
100 107 988 21
100 108 478 424
100 109 89 10
100 110 10 122
100 111 455 302
101 93 55 167
101 94 397 160
101 102 31 385
101 103 123 19
101 104 480 29
101 105 767 222
101 106 900 38
101 107 508 268
101 108 260 174
101 109 806 176
101 110 392 392
101 111 846 225
102 103 741 64
102 104 965 99
102 105 845 176
102 106 564 218
102 108 128 389
103 102 741 393
103 104 547 415
103 105 33 213
103 106 930 18
103 107 234 20
103 108 5 303
103 109 805 271
103 110 887 233
103 112 856 188
103 113 66 308
103 114 400 18
103 115 552 124
103 116 13 66
103 117 870 94
103 118 433 223
103 119 799 324
103 120 548 338
103 121 966 326
104 102 965 146
104 103 547 374
104 106 473 413
104 107 885 334
104 112 807 171
104 113 230 205
104 114 338 189
104 115 418 424
104 116 809 299
104 117 96 88
104 118 969 255
104 119 568 282
104 120 804 72
104 121 84 230
105 102 845 255
105 103 33 357
105 112 525 325
105 113 536 118
105 114 852 303
105 115 950 52
105 116 996 31
105 117 593 421
105 118 34 130
105 119 329 227
105 120 688 124
105 121 872 319
106 102 564 398
106 103 930 400
106 104 473 92
106 112 86 139
106 113 592 366
106 114 375 376
106 115 883 259
106 116 602 330
106 117 199 116
106 118 923 196
106 119 67 179
106 120 262 130
106 121 434 55
107 103 234 232
107 104 885 417
107 112 48 279
107 113 503 352
107 114 132 181
107 115 581 163
107 116 448 289
107 117 45 253
107 118 907 136
107 119 732 72
107 120 277 105
107 121 443 11
108 102 128 424
108 103 5 221
108 112 503 298
108 113 342 407
108 114 721 416
108 115 54 189
108 116 278 71
108 117 722 105
108 118 384 401
108 119 679 200
108 120 26 209
108 121 405 85
109 103 805 303
109 112 725 14
109 113 668 376
109 114 35 62
109 115 931 289
109 116 559 300
109 117 727 289
109 118 435 147
109 119 928 199
109 120 85 80
109 121 336 176
110 103 887 132
110 112 250 65
110 113 403 90
110 114 496 315
110 115 942 101
110 116 860 37
110 117 941 290
110 118 439 248
110 119 980 348
110 120 531 309
110 121 221 106
111 112 590 4
111 113 875 95
111 114 629 29
111 115 872 340
111 116 611 228
111 117 348 5
111 118 815 28
111 119 1000 169
111 120 446 423
111 121 216 368
112 113 94 184
112 114 459 252
112 118 296 70
112 119 693 182
113 112 94 309
113 114 402 403
113 116 157 149
113 119 416 112
113 122 490 301
113 123 537 204
113 124 804 383
113 125 535 114
113 126 883 91
113 127 826 97
113 128 676 363
113 129 236 132
113 130 110 295
113 131 525 182
114 112 459 392
114 113 402 34
114 116 188 401
114 117 618 54
114 119 841 329
114 120 365 289
114 122 263 169
114 123 457 236
114 124 980 53
114 125 756 266
114 126 221 191
114 127 411 413
114 128 16 224
114 129 818 90
114 130 385 315
114 131 844 10
115 122 132 111
115 123 804 21
115 124 51 121
115 125 477 234
115 126 205 274
115 127 972 293
115 128 356 199
115 129 643 61
115 130 741 287
115 131 365 88
116 113 157 417
116 114 188 86
116 122 372 318
116 123 128 217
116 124 513 185
116 125 417 300
116 126 761 349
116 127 818 27
116 128 154 107
116 129 393 295
116 130 44 222
116 131 433 262
117 114 618 274
117 122 625 140
117 123 837 298
117 124 297 119
117 125 273 120
117 126 447 64
117 127 501 344
117 128 232 221
117 129 343 321
117 130 874 320
117 131 449 342
118 112 296 53
118 122 777 334
118 123 101 63
118 124 411 208
118 125 508 25
118 126 841 302
118 127 808 52
118 128 623 251
118 129 428 293
118 130 222 309
118 131 638 66
119 112 693 289
119 113 416 342
119 114 841 401
119 122 657 314
119 123 212 221
119 124 527 51
119 125 980 360
119 126 428 390
119 127 221 408
119 128 396 285
119 129 58 121
119 130 726 39
119 131 786 379
120 114 365 235
120 122 211 76
120 123 412 24
120 124 569 199
120 125 895 220
120 126 880 203
120 127 899 281
120 128 980 290
120 129 743 260
120 130 503 249
120 131 782 59
121 122 255 225
121 123 81 226
121 124 724 283
121 125 142 23
121 126 161 230
121 127 727 361
121 128 354 180
121 129 842 143
121 130 370 18
121 131 688 103
122 123 600 113
122 124 306 30
122 127 521 358
122 130 369 121
123 122 600 353
123 124 565 13
123 126 715 181
123 127 101 333
123 128 785 374
123 129 944 347
123 132 933 126
123 133 664 397
123 134 886 70
123 135 279 114
123 136 933 4
123 137 119 272
123 138 566 111
123 139 13 41
123 140 214 23
123 141 412 281
124 122 306 313
124 123 565 6
124 125 773 95
124 126 22 323
124 128 336 280
124 129 726 88
124 132 960 279
124 133 964 64
124 134 955 208
124 135 728 132
124 136 433 154
124 137 640 113
124 138 245 169
124 139 969 283
124 140 498 423
124 141 127 401
125 124 773 188
125 132 1 370
125 133 287 177
125 134 196 328
125 135 777 263
125 136 214 405
125 137 601 39
125 138 774 31
125 139 473 117
125 140 291 408
125 141 113 227
126 123 715 133
126 124 22 207
126 132 642 29
126 133 993 234
126 134 981 308
126 135 551 9
126 136 166 51
126 137 704 134
126 138 733 182
126 139 894 362
126 140 71 97
126 141 418 381
127 122 521 344
127 123 101 254
127 132 897 86
127 133 306 258
127 134 292 44
127 135 278 368
127 136 941 382
127 137 232 359
127 138 988 38
127 139 217 213
127 140 870 8
127 141 347 93
128 123 785 155
128 124 336 377
128 132 78 40
128 133 461 130
128 134 234 141
128 135 836 217
128 136 596 113
128 137 650 259
128 138 6 364
128 139 343 188
128 140 943 185
128 141 645 87
129 123 944 355
129 124 726 62
129 132 867 242
129 133 125 399
129 134 494 43
129 135 790 251
129 136 17 380
129 137 904 93
129 138 250 369
129 139 916 377
129 140 848 51
129 141 854 3
130 122 369 174
130 132 561 277
130 133 578 9
130 134 591 219
130 135 676 141
130 136 839 271
130 137 153 419
130 138 498 48
130 139 444 276
130 140 787 70
130 141 68 373
131 132 102 221
131 133 598 360
131 134 440 274
131 135 734 200
131 136 155 44
131 137 116 289
131 138 255 55
131 139 542 254
131 140 829 239
131 141 812 420
132 133 280 85
132 134 447 65
132 136 647 106
132 137 177 71
132 138 534 96
132 139 254 269
132 140 871 85
133 132 280 154
133 134 638 297
133 135 813 72
133 139 293 39
133 141 418 362
133 142 146 371
133 143 196 308
133 144 460 72
133 145 256 194
133 146 540 395
133 147 704 253
133 148 312 115
133 149 605 414
133 150 680 141
133 151 748 269
134 132 447 298
134 133 638 103
134 136 956 275
134 137 778 367
134 138 977 123
134 140 438 163
134 142 1 214
134 143 201 268
134 144 73 170
134 145 772 282
134 146 145 285
134 147 651 17
134 148 789 81
134 149 669 191
134 150 537 91
134 151 494 313
135 133 813 1
135 142 882 120
135 143 910 100
135 144 182 143
135 145 727 240
135 146 463 350
135 147 391 204
135 148 801 297
135 149 480 72
135 150 287 142
135 151 884 171
136 132 647 330
136 134 956 38
136 142 670 282
136 143 521 58
136 144 268 118
136 145 985 170
136 146 221 353
136 147 990 170
136 148 853 65
136 149 300 15
136 150 235 392
136 151 245 107
137 132 177 278
137 134 778 362
137 142 523 283
137 143 330 215
137 144 950 61
137 145 495 83
137 146 17 193
137 147 525 320
137 148 852 406
137 149 14 277
137 150 799 199
137 151 1 18
138 132 534 143
138 134 977 250
138 142 199 337
138 143 121 25
138 144 819 185
138 145 667 394
138 146 899 338
138 147 276 45
138 148 820 410
138 149 917 45
138 150 253 224
138 151 173 172
139 132 254 349
139 133 293 383
139 142 685 283
139 143 844 156
139 144 338 165
139 145 899 110
139 146 255 47
139 147 539 186
139 148 405 200
139 149 903 368
139 150 237 343
139 151 856 176
140 132 871 251
140 134 438 123
140 142 204 70
140 143 396 386
140 144 912 323
140 145 32 273
140 146 312 21
140 147 383 57
140 148 111 343
140 149 105 216
140 150 993 110
140 151 346 229
141 133 418 149
141 142 315 14
141 143 913 291
141 144 13 334
141 145 682 55
141 146 529 360
141 147 999 136
141 148 149 40
141 149 855 210
141 150 348 39
141 151 996 22
142 143 880 229
142 144 107 346
142 146 978 171
142 148 823 58
142 150 829 344
142 152 712 315
143 142 880 27
143 144 704 76
143 145 42 232
143 147 168 249
143 148 253 128
143 149 190 244
143 152 295 52
144 142 107 156
144 143 704 198
144 145 491 376
144 146 122 248
144 147 85 54
144 150 661 70
144 151 69 140
144 152 374 4
145 143 42 326
145 144 491 281
145 152 263 243
146 142 978 51
146 144 122 130
146 152 44 222
147 143 168 190
147 144 85 388
147 152 548 317
148 142 823 98
148 143 253 276
148 152 331 370
149 143 190 364
149 152 116 267
150 142 829 15
150 144 661 138
150 152 618 151
151 144 69 113
151 152 260 56
