152 1720 1 152 7 430
1 2 174 142
1 3 720 154
1 4 561 176
1 5 445 136
1 6 283 27
1 7 674 372
1 8 622 403
1 9 332 320
1 10 467 22
1 11 473 82
2 3 702 78
2 4 152 1
2 5 893 25
2 7 759 89
2 9 668 144
3 2 702 137
3 4 582 35
3 5 941 307
3 10 363 285
3 11 883 308
3 12 204 276
3 13 81 260
3 14 861 28
3 15 355 190
3 16 755 56
3 17 686 56
3 18 279 41
3 19 812 21
3 20 382 282
3 21 617 7
4 2 152 113
4 3 582 48
4 6 677 319
4 8 365 10
4 9 552 428
4 10 900 309
4 11 792 324
4 12 111 133
4 13 975 132
4 14 257 144
4 15 336 300
4 16 764 329
4 17 142 46
4 18 1000 410
4 19 229 212
4 20 802 152
4 21 201 40
5 2 893 139
5 3 941 71
5 12 947 375
5 13 858 324
5 14 207 123
5 15 429 93
5 16 570 175
5 17 755 78
5 18 324 141
5 19 843 346
5 20 836 202
5 21 299 408
6 4 677 366
6 12 112 350
6 13 913 16
6 14 263 129
6 15 556 306
6 16 507 266
6 17 458 276
6 18 435 186
6 19 797 272
6 20 591 330
6 21 155 274
7 2 759 332
7 12 798 261
7 13 957 416
7 14 690 240
7 15 145 210
7 16 22 30
7 17 246 259
7 18 382 289
7 19 328 215
7 20 719 386
7 21 226 133
8 4 365 385
8 12 636 314
8 13 299 88
8 14 90 381
8 15 28 209
8 16 560 174
8 17 584 174
8 18 119 199
8 19 12 248
8 20 702 370
8 21 536 38
9 2 668 420
9 4 552 125
9 12 819 20
9 13 565 99
9 14 56 118
9 15 298 188
9 16 355 26
9 17 766 41
9 18 419 262
9 19 312 34
9 20 244 361
9 21 350 259
10 3 363 315
10 4 900 265
10 12 924 60
10 13 789 40
10 14 388 187
10 15 495 304
10 16 772 146
10 17 944 328
10 18 672 224
10 19 424 96
10 20 800 360
10 21 749 158
11 3 883 172
11 4 792 364
11 12 832 287
11 13 751 69
11 14 288 215
11 15 6 97
11 16 965 125
11 17 283 219
11 18 501 83
11 19 113 182
11 20 36 199
11 21 715 328
12 13 999 207
12 14 922 164
12 16 530 49
12 20 812 198
12 21 36 311
13 12 999 377
13 14 981 229
13 16 974 146
13 17 394 16
13 19 859 133
13 20 991 159
13 21 114 293
13 22 831 385
13 23 370 280
13 24 695 354
13 25 295 248
13 26 688 269
13 27 777 59
13 28 375 238
13 29 798 390
13 30 276 52
13 31 829 25
14 12 922 145
14 13 981 124
14 15 333 174
14 17 677 139
14 18 249 19
14 19 173 60
14 20 800 236
14 21 711 135
14 22 397 273
14 23 115 63
14 24 817 238
14 25 729 123
14 26 637 222
14 27 911 64
14 28 370 148
14 29 199 99
14 30 297 282
14 31 943 134
15 14 333 117
15 22 883 18
15 23 826 119
15 24 430 132
15 25 440 4
15 26 517 362
15 27 688 299
15 28 292 428
15 29 525 419
15 30 760 163
15 31 758 183
16 12 530 303
16 13 974 72
16 22 114 162
16 23 572 177
16 24 389 203
16 25 121 136
16 26 607 311
16 27 292 126
16 28 681 222
16 29 6 308
16 30 683 211
16 31 342 140
17 13 394 290
17 14 677 356
17 22 388 290
17 23 743 213
17 24 524 180
17 25 170 160
17 26 965 240
17 27 543 360
17 28 6 119
17 29 325 108
17 30 977 6
17 31 907 60
18 14 249 222
18 22 766 18
18 23 733 346
18 24 476 309
18 25 523 257
18 26 398 205
18 27 344 215
18 28 380 428
18 29 932 299
18 30 774 199
18 31 47 325
19 13 859 208
19 14 173 296
19 22 768 188
19 23 983 224
19 24 615 339
19 25 685 4
19 26 337 332
19 27 4 367
19 28 378 156
19 29 614 193
19 30 139 341
19 31 817 88
20 12 812 193
20 13 991 418
20 14 800 99
20 22 91 108
20 23 918 131
20 24 84 78
20 25 555 24
20 26 704 169
20 27 402 93
20 28 594 265
20 29 396 356
20 30 9 280
20 31 601 124
21 12 36 360
21 13 114 100
21 14 711 269
21 22 360 406
21 23 631 238
21 24 876 353
21 25 874 228
21 26 817 306
21 27 455 328
21 28 966 412
21 29 900 316
21 30 174 237
21 31 584 315
22 23 320 191
22 24 267 234
22 25 748 167
22 26 818 104
22 28 705 122
22 29 256 98
22 30 950 100
23 22 320 3
23 24 782 139
23 25 266 265
23 28 917 265
23 29 205 43
23 31 478 341
23 32 991 279
23 33 888 133
23 34 457 314
23 35 146 19
23 36 798 127
23 37 297 53
23 38 993 354
23 39 869 406
23 40 876 90
23 41 956 257
24 22 267 163
24 23 782 132
24 25 935 214
24 28 560 270
24 31 835 410
24 32 59 1
24 33 225 99
24 34 714 252
24 35 83 326
24 36 333 80
24 37 223 211
24 38 463 236
24 39 326 382
24 40 442 424
24 41 651 78
25 22 748 82
25 23 266 236
25 24 935 28
25 32 797 358
25 33 525 330
25 34 570 68
25 35 856 204
25 36 877 35
25 37 844 383
25 38 642 286
25 39 960 153
25 40 452 294
25 41 929 210
26 22 818 58
26 32 405 20
26 33 787 8
26 34 295 393
26 35 828 340
26 36 424 234
26 37 275 236
26 38 432 2
26 39 882 262
26 40 861 183
26 41 43 233
27 32 339 411
27 33 706 356
27 34 586 361
27 35 659 42
27 36 505 123
27 37 46 127
27 38 473 246
27 39 311 91
27 40 134 85
27 41 875 77
28 22 705 426
28 23 917 429
28 24 560 188
28 32 424 403
28 33 341 380
28 34 820 280
28 35 872 208
28 36 303 192
28 37 556 213
28 38 289 73
28 39 339 332
28 40 507 165
28 41 949 49
29 22 256 350
29 23 205 134
29 32 874 11
29 33 163 370
29 34 721 89
29 35 329 339
29 36 997 252
29 37 560 396
29 38 705 60
29 39 994 121
29 40 852 106
29 41 511 237
30 22 950 74
30 32 790 381
30 33 599 163
30 34 677 239
30 35 517 110
30 36 94 286
30 37 717 389
30 38 71 360
30 39 311 162
30 40 423 309
30 41 286 138
31 23 478 54
31 24 835 39
31 32 777 328
31 33 193 320
31 34 463 278
31 35 173 226
31 36 249 216
31 37 320 421
31 38 256 252
31 39 167 11
31 40 725 268
31 41 499 203
32 33 39 402
32 34 858 420
32 36 456 354
32 38 513 34
32 39 383 343
33 32 39 238
33 34 523 187
33 35 96 102
33 36 470 260
33 37 581 351
33 38 27 227
33 39 822 301
33 40 705 334
33 42 668 290
33 43 7 178
33 44 3 101
33 45 913 75
33 46 347 350
33 47 862 305
33 48 216 372
33 49 932 58
33 50 929 22
33 51 649 134
34 32 858 360
34 33 523 420
34 35 825 302
34 37 487 137
34 39 899 224
34 41 185 96
34 42 792 182
34 43 115 45
34 44 311 69
34 45 562 92
34 46 711 328
34 47 79 12
34 48 456 217
34 49 145 122
34 50 567 26
34 51 902 160
35 33 96 28
35 34 825 145
35 42 396 354
35 43 801 245
35 44 911 245
35 45 899 44
35 46 130 252
35 47 439 45
35 48 851 198
35 49 389 252
35 50 249 418
35 51 754 174
36 32 456 3
36 33 470 359
36 42 622 63
36 43 936 293
36 44 175 367
36 45 948 146
36 46 356 237
36 47 224 225
36 48 801 367
36 49 545 218
36 50 365 361
36 51 690 109
37 33 581 329
37 34 487 148
37 42 551 191
37 43 712 89
37 44 367 19
37 45 744 404
37 46 264 416
37 47 407 415
37 48 876 106
37 49 993 234
37 50 125 132
37 51 148 159
38 32 513 329
38 33 27 412
38 42 451 332
38 43 790 54
38 44 381 29
38 45 167 423
38 46 426 122
38 47 390 408
38 48 158 427
38 49 217 344
38 50 309 414
38 51 67 355
39 32 383 331
39 33 822 269
39 34 899 269
39 42 464 127
39 43 696 313
39 44 550 134
39 45 317 414
39 46 219 344
39 47 727 122
39 48 122 41
39 49 329 273
39 50 492 137
39 51 742 210
40 33 705 224
40 42 366 60
40 43 734 112
40 44 398 146
40 45 315 187
40 46 782 178
40 47 987 41
40 48 605 299
40 49 122 308
40 50 416 150
40 51 741 22
41 34 185 146
41 42 627 194
41 43 110 51
41 44 338 221
41 45 357 15
41 46 353 35
41 47 479 92
41 48 88 361
41 49 794 261
41 50 390 259
41 51 665 212
42 43 440 282
42 44 387 401
42 45 881 348
42 49 833 130
42 50 534 262
42 51 759 263
43 42 440 42
43 44 364 229
43 47 807 183
43 48 618 183
43 49 119 360
43 50 360 336
43 51 840 124
43 52 561 154
43 53 513 262
43 54 931 365
43 55 670 284
43 56 437 230
43 57 406 396
43 58 994 410
43 59 32 266
43 60 140 350
43 61 454 219
44 42 387 24
44 43 364 225
44 46 190 265
44 47 331 129
44 51 263 294
44 52 703 228
44 53 308 43
44 54 404 293
44 55 722 405
44 56 155 190
44 57 633 330
44 58 982 392
44 59 294 399
44 60 524 194
44 61 18 169
45 42 881 271
45 52 544 286
45 53 563 278
45 54 400 103
45 55 432 315
45 56 278 311
45 57 170 203
45 58 524 262
45 59 661 119
45 60 766 310
45 61 49 150
46 44 190 117
46 52 439 18
46 53 409 395
46 54 522 30
46 55 445 208
46 56 593 277
46 57 959 54
46 58 745 97
46 59 369 335
46 60 964 221
46 61 896 136
47 43 807 206
47 44 331 321
47 52 149 286
47 53 331 349
47 54 381 32
47 55 443 297
47 56 27 48
47 57 959 34
47 58 54 347
47 59 284 393
47 60 931 96
47 61 991 45
48 43 618 43
48 52 6 292
48 53 674 28
48 54 314 172
48 55 462 335
48 56 479 186
48 57 75 320
48 58 421 85
48 59 68 135
48 60 542 244
48 61 743 172
49 42 833 399
49 43 119 104
49 52 574 177
49 53 536 94
49 54 966 125
49 55 825 350
49 56 40 25
49 57 492 66
49 58 408 351
49 59 966 274
49 60 623 297
49 61 346 370
50 42 534 167
50 43 360 223
50 52 375 144
50 53 51 154
50 54 986 56
50 55 586 320
50 56 232 341
50 57 838 347
50 58 578 261
50 59 984 175
50 60 257 386
50 61 986 63
51 42 759 90
51 43 840 343
51 44 263 374
51 52 632 202
51 53 811 8
51 54 891 153
51 55 852 189
51 56 478 387
51 57 320 124
51 58 513 344
51 59 246 415
51 60 443 26
51 61 759 273
52 53 203 400
52 54 618 378
52 55 251 378
52 56 675 88
52 57 217 49
52 59 34 108
52 61 441 326
53 52 203 398
53 54 711 281
53 56 449 396
53 59 615 424
53 61 26 153
53 62 684 46
53 63 228 209
53 64 117 224
53 65 388 335
53 66 776 259
53 67 244 390
53 68 725 320
53 69 7 100
53 70 626 277
53 71 857 92
54 52 618 12
54 53 711 72
54 55 805 43
54 57 805 119
54 58 150 351
54 59 514 250
54 60 561 197
54 62 997 182
54 63 109 296
54 64 652 134
54 65 212 264
54 66 502 254
54 67 209 167
54 68 721 2
54 69 715 121
54 70 176 362
54 71 234 295
55 52 251 157
55 54 805 195
55 62 261 338
55 63 1000 323
55 64 141 79
55 65 52 421
55 66 288 9
55 67 893 24
55 68 306 91
55 69 328 166
55 70 391 256
55 71 142 223
56 52 675 277
56 53 449 305
56 62 420 43
56 63 976 237
56 64 287 198
56 65 61 393
56 66 267 236
56 67 740 180
56 68 923 307
56 69 558 183
56 70 346 230
56 71 934 292
57 52 217 336
57 54 805 244
57 62 354 406
57 63 369 249
57 64 137 327
57 65 29 91
57 66 184 294
57 67 586 154
57 68 289 329
57 69 282 362
57 70 778 118
57 71 466 20
58 54 150 53
58 62 62 423
58 63 265 132
58 64 257 359
58 65 45 79
58 66 127 343
58 67 122 408
58 68 677 5
58 69 421 31
58 70 239 343
58 71 786 36
59 52 34 194
59 53 615 133
59 54 514 264
59 62 84 303
59 63 374 69
59 64 286 243
59 65 122 10
59 66 560 32
59 67 811 387
59 68 609 13
59 69 626 379
59 70 533 280
59 71 24 303
60 54 561 74
60 62 936 286
60 63 323 302
60 64 566 110
60 65 448 311
60 66 791 220
60 67 858 312
60 68 728 287
60 69 620 311
60 70 479 178
60 71 966 295
61 52 441 189
61 53 26 248
61 62 922 233
61 63 714 163
61 64 219 178
61 65 646 88
61 66 344 225
61 67 490 311
61 68 984 103
61 69 846 354
61 70 488 58
61 71 223 200
62 63 344 58
62 64 764 30
62 66 919 132
62 69 861 263
63 62 344 33
63 64 650 118
63 65 256 233
63 66 584 118
63 70 930 34
63 71 511 170
63 72 483 115
63 73 559 176
63 74 83 220
63 75 462 369
63 76 545 1
63 77 834 284
63 78 771 27
63 79 461 300
63 80 252 367
63 81 373 20
64 62 764 145
64 63 650 112
64 66 900 54
64 67 442 94
64 72 611 197
64 73 241 363
64 74 211 426
64 75 644 79
64 76 954 31
64 77 706 222
64 78 961 177
64 79 425 203
64 80 349 306
64 81 850 418
65 63 256 344
65 72 950 174
65 73 278 61
65 74 48 227
65 75 713 30
65 76 213 87
65 77 169 289
65 78 558 23
65 79 797 268
65 80 940 133
65 81 804 381
66 62 919 349
66 63 584 82
66 64 900 210
66 72 671 235
66 73 302 170
66 74 424 152
66 75 632 79
66 76 129 154
66 77 790 69
66 78 917 306
66 79 11 147
66 80 797 34
66 81 708 184
67 64 442 348
67 72 790 75
67 73 479 327
67 74 16 257
67 75 996 252
67 76 627 295
67 77 82 83
67 78 225 208
67 79 538 373
67 80 936 257
67 81 738 359
68 72 655 141
68 73 75 75
68 74 360 336
68 75 838 383
68 76 328 42
68 77 683 148
68 78 158 242
68 79 329 242
68 80 839 128
68 81 970 256
69 62 861 386
69 72 900 111
69 73 416 317
69 74 918 343
69 75 357 20
69 76 660 45
69 77 271 286
69 78 256 258
69 79 426 307
69 80 466 303
69 81 34 335
70 63 930 32
70 72 621 222
70 73 216 148
70 74 193 28
70 75 758 197
70 76 33 396
70 77 701 286
70 78 734 323
70 79 882 145
70 80 764 375
70 81 694 409
71 63 511 372
71 72 102 405
71 73 64 425
71 74 443 426
71 75 420 257
71 76 996 100
71 77 114 282
71 78 492 172
71 79 280 149
71 80 297 37
71 81 297 382
72 73 938 295
72 74 5 110
72 77 400 39
72 79 842 34
72 80 435 405
72 81 671 10
73 72 938 130
73 74 508 291
73 75 252 3
73 76 228 386
73 77 1 248
73 79 447 112
73 80 781 133
73 82 34 42
73 83 295 108
73 84 749 27
73 85 620 94
73 86 615 145
73 87 441 201
73 88 930 410
73 89 415 132
73 90 119 197
73 91 18 208
74 72 5 29
74 73 508 328
74 78 883 31
74 79 462 73
74 80 574 114
74 81 578 81
74 82 596 237
74 83 210 135
74 84 823 301
74 85 14 160
74 86 95 70
74 87 32 52
74 88 314 127
74 89 460 71
74 90 788 31
74 91 419 219
75 73 252 84
75 82 353 80
75 83 73 361
75 84 980 364
75 85 954 363
75 86 987 351
75 87 888 378
75 88 591 83
75 89 666 331
75 90 206 48
75 91 88 55
76 73 228 238
76 82 378 47
76 83 912 134
76 84 599 11
76 85 744 88
76 86 149 219
76 87 360 193
76 88 812 363
76 89 874 268
76 90 333 81
76 91 396 352
77 72 400 60
77 73 1 80
77 82 150 222
77 83 563 250
77 84 218 290
77 85 931 70
77 86 455 9
77 87 455 404
77 88 427 159
77 89 174 121
77 90 862 397
77 91 687 98
78 74 883 25
78 82 699 212
78 83 120 411
78 84 220 92
78 85 879 383
78 86 71 345
78 87 748 66
78 88 866 95
78 89 256 294
78 90 475 257
78 91 606 309
79 72 842 168
79 73 447 101
79 74 462 349
79 82 898 262
79 83 563 404
79 84 358 147
79 85 455 372
79 86 203 259
79 87 285 240
79 88 774 208
79 89 979 327
79 90 69 167
79 91 943 413
80 72 435 262
80 73 781 248
80 74 574 351
80 82 504 386
80 83 816 21
80 84 106 6
80 85 883 140
80 86 169 156
80 87 184 355
80 88 168 330
80 89 139 146
80 90 252 368
80 91 775 85
81 72 671 76
81 74 578 423
81 82 150 214
81 83 935 428
81 84 936 206
81 85 766 194
81 86 379 407
81 87 392 60
81 88 37 232
81 89 356 178
81 90 988 331
81 91 304 73
82 83 90 15
82 84 278 367
82 85 67 26
82 86 550 257
82 87 75 116
82 89 138 210
82 91 537 244
83 82 90 260
83 84 80 70
83 86 133 380
83 88 451 165
83 90 658 243
83 92 312 386
83 93 488 257
83 94 154 402
83 95 164 40
83 96 156 87
83 97 923 42
83 98 984 319
83 99 374 373
83 100 516 245
83 101 261 260
84 82 278 308
84 83 80 376
84 85 761 377
84 88 997 25
84 89 923 181
84 90 376 247
84 91 882 247
84 92 684 210
84 93 882 391
84 94 379 325
84 95 983 277
84 96 162 175
84 97 77 143
84 98 12 234
84 99 849 277
84 100 293 399
84 101 850 392
85 82 67 26
85 84 761 79
85 92 546 152
85 93 59 364
85 94 4 162
85 95 926 23
85 96 874 370
85 97 633 165
85 98 899 175
85 99 950 258
85 100 96 419
85 101 256 324
86 82 550 315
86 83 133 210
86 92 369 155
86 93 672 14
86 94 467 10
86 95 411 375
86 96 464 127
86 97 124 91
86 98 218 96
86 99 824 235
86 100 610 293
86 101 980 104
87 82 75 101
87 92 947 423
87 93 81 4
87 94 446 177
87 95 483 13
87 96 840 23
87 97 623 277
87 98 368 176
87 99 639 332
87 100 323 362
87 101 545 388
88 83 451 41
88 84 997 334
88 92 420 48
88 93 647 63
88 94 924 195
88 95 843 102
88 96 662 35
88 97 597 222
88 98 999 39
88 99 945 246
88 100 943 81
88 101 731 107
89 82 138 12
89 84 923 371
89 92 749 100
89 93 927 295
89 94 459 48
89 95 353 299
89 96 550 15
89 97 467 86
89 98 699 380
89 99 376 338
89 100 25 66
89 101 648 373
90 83 658 375
90 84 376 267
90 92 320 389
90 93 97 6
90 94 449 220
90 95 193 250
90 96 601 262
90 97 649 366
90 98 920 43
90 99 677 52
90 100 711 327
90 101 916 410
91 82 537 235
91 84 882 338
91 92 111 114
91 93 644 71
91 94 514 30
91 95 967 273
91 96 281 120
91 97 556 327
91 98 961 136
91 99 461 167
91 100 448 224
91 101 497 181
92 93 760 298
92 94 315 250
92 95 608 298
92 100 904 245
93 92 760 357
93 94 906 230
93 95 507 208
93 96 100 82
93 97 654 288
93 100 635 408
93 101 944 27
93 102 726 185
93 103 78 155
93 104 48 268
93 105 621 186
93 106 267 347
93 107 652 85
93 108 196 388
93 109 194 44
93 110 545 311
93 111 376 256
94 92 315 203
94 93 906 33
94 97 650 371
94 98 235 25
94 99 711 173
94 100 203 360
94 102 916 221
94 103 276 145
94 104 810 347
94 105 969 67
94 106 129 335
94 107 591 278
94 108 724 82
94 109 57 60
94 110 922 18
94 111 571 148
95 92 608 283
95 93 507 182
95 102 114 309
95 103 492 152
95 104 652 224
95 105 791 229
95 106 968 400
95 107 967 40
95 108 981 15
95 109 217 150
95 110 620 282
95 111 288 423
96 93 100 404
96 102 464 245
96 103 716 221
96 104 10 308
96 105 392 250
96 106 386 361
96 107 375 103
96 108 866 391
96 109 526 305
96 110 345 172
96 111 784 151
97 93 654 259
97 94 650 221
97 102 130 179
97 103 170 338
97 104 199 398
97 105 846 87
97 106 983 43
97 107 330 208
97 108 126 270
97 109 780 151
97 110 67 146
97 111 139 19
98 94 235 21
98 102 288 405
98 103 897 59
98 104 447 193
98 105 806 322
98 106 151 251
98 107 674 132
98 108 332 209
98 109 466 58
98 110 827 36
98 111 712 374
99 94 711 248
99 102 518 258
99 103 508 256
99 104 182 388
99 105 567 340
99 106 94 7
99 107 244 20
99 108 370 317
99 109 311 281
99 110 935 149
99 111 937 38
100 92 904 301
100 93 635 3
100 94 203 342
100 102 581 333
100 103 309 173
100 104 17 263
100 105 134 173
100 106 569 101
100 107 305 344
100 108 3 123
100 109 444 62
100 110 310 351
100 111 847 150
101 93 944 50
101 102 699 241
101 103 639 118
101 104 148 36
101 105 473 101
101 106 474 250
101 107 296 221
101 108 995 240
101 109 193 238
101 110 523 419
101 111 719 225
102 103 886 247
102 104 77 303
102 105 101 409
102 106 188 146
102 108 680 372
103 102 886 237
103 104 449 184
103 105 371 187
103 106 188 129
103 107 499 173
103 109 333 138
103 112 245 316
103 113 160 256
103 114 593 301
103 115 260 186
103 116 467 301
103 117 973 326
103 118 643 423
103 119 555 271
103 120 254 406
103 121 88 313
104 102 77 272
104 103 449 262
104 105 680 92
104 107 726 144
104 108 642 22
104 109 772 29
104 110 684 174
104 111 474 391
104 112 532 140
104 113 232 234
104 114 797 203
104 115 328 260
104 116 261 313
104 117 373 202
104 118 500 6
104 119 380 307
104 120 478 253
104 121 435 18
105 102 101 36
105 103 371 103
105 104 680 31
105 112 694 16
105 113 503 93
105 114 976 248
105 115 521 121
105 116 715 64
105 117 952 352
105 118 108 97
105 119 710 132
105 120 430 40
105 121 276 327
106 102 188 357
106 103 188 217
106 112 566 400
106 113 773 172
106 114 709 354
106 115 255 289
106 116 255 333
106 117 546 102
106 118 383 195
106 119 765 155
106 120 856 213
106 121 574 327
107 103 499 16
107 104 726 264
107 112 621 370
107 113 25 350
107 114 996 162
107 115 879 245
107 116 192 97
107 117 721 145
107 118 631 198
107 119 363 222
107 120 108 54
107 121 637 99
108 102 680 242
108 104 642 39
108 112 976 60
108 113 911 215
108 114 25 430
108 115 927 31
108 116 161 339
108 117 144 386
108 118 162 373
108 119 598 93
108 120 495 328
108 121 286 38
109 103 333 374
109 104 772 73
109 112 683 38
109 113 545 330
109 114 216 166
109 115 973 227
109 116 731 137
109 117 47 168
109 118 973 387
109 119 745 67
109 120 486 121
109 121 764 220
110 104 684 69
110 112 372 131
110 113 197 430
110 114 41 235
110 115 121 226
110 116 617 131
110 117 49 173
110 118 586 404
110 119 549 219
110 120 69 63
110 121 450 104
111 104 474 169
111 112 918 48
111 113 596 340
111 114 62 149
111 115 776 423
111 116 379 416
111 117 298 214
111 118 419 91
111 119 952 306
111 120 986 206
111 121 112 25
112 113 526 314
112 114 656 184
112 115 390 295
112 117 218 272
112 119 601 152
112 121 391 323
113 112 526 306
113 114 765 103
113 115 943 58
113 117 202 323
113 118 613 61
113 119 582 428
113 121 286 421
113 122 750 161
113 123 68 391
113 124 621 50
113 125 467 304
113 126 212 385
113 127 819 338
113 128 76 186
113 129 826 166
113 130 253 180
113 131 867 266
114 112 656 321
114 113 765 392
114 117 741 356
114 118 67 207
114 120 280 235
114 122 116 416
114 123 634 201
114 124 92 245
114 125 394 287
114 126 423 75
114 127 14 390
114 128 202 389
114 129 940 99
114 130 466 16
114 131 36 375
115 112 390 158
115 113 943 122
115 122 261 166
115 123 889 121
115 124 897 201
115 125 75 106
115 126 498 372
115 127 610 163
115 128 294 170
115 129 208 358
115 130 223 191
115 131 794 400
116 122 215 95
116 123 947 142
116 124 104 309
116 125 371 78
116 126 356 123
116 127 404 301
116 128 28 288
116 129 935 210
116 130 742 229
116 131 246 397
117 112 218 301
117 113 202 14
117 114 741 220
117 122 713 69
117 123 447 5
117 124 965 9
117 125 625 150
117 126 429 386
117 127 246 298
117 128 73 369
117 129 94 178
117 130 289 379
117 131 254 159
118 113 613 361
118 114 67 270
118 122 994 124
118 123 203 205
118 124 352 377
118 125 506 16
118 126 805 278
118 127 140 99
118 128 700 200
118 129 970 166
118 130 404 365
118 131 284 20
119 112 601 232
119 113 582 196
119 122 855 262
119 123 834 140
119 124 668 86
119 125 278 215
119 126 966 24
119 127 136 174
119 128 965 288
119 129 685 318
119 130 137 65
119 131 811 125
120 114 280 143
120 122 483 127
120 123 682 356
120 124 765 56
120 125 688 37
120 126 835 242
120 127 273 98
120 128 881 65
120 129 465 193
120 130 464 305
120 131 892 300
121 112 391 281
121 113 286 33
121 122 904 420
121 123 426 305
121 124 633 327
121 125 350 290
121 126 824 202
121 127 518 87
121 128 898 89
121 129 216 428
121 130 382 354
121 131 651 297
122 123 42 7
122 124 827 223
122 125 155 95
122 126 187 387
122 127 973 337
122 130 540 179
122 131 722 249
123 122 42 289
123 124 826 349
123 125 420 413
123 129 871 391
123 130 664 166
123 131 39 144
123 132 929 343
123 133 787 384
123 134 785 92
123 135 328 154
123 136 666 171
123 137 877 194
123 138 466 29
123 139 820 280
123 140 954 64
123 141 56 46
124 122 827 400
124 123 826 150
124 125 416 4
124 131 65 348
124 132 555 11
124 133 361 418
124 134 803 63
124 135 446 91
124 136 837 410
124 137 555 82
124 138 746 300
124 139 473 302
124 140 349 232
124 141 423 281
125 122 155 172
125 123 420 96
125 124 416 407
125 132 144 212
125 133 644 86
125 134 1 299
125 135 388 114
125 136 645 263
125 137 42 141
125 138 986 143
125 139 296 338
125 140 727 20
125 141 534 33
126 122 187 260
126 132 842 380
126 133 895 274
126 134 368 94
126 135 904 347
126 136 430 86
126 137 544 376
126 138 703 11
126 139 434 409
126 140 456 326
126 141 190 32
127 122 973 288
127 132 773 269
127 133 908 1
127 134 851 335
127 135 838 407
127 136 237 111
127 137 235 392
127 138 507 43
127 139 659 35
127 140 331 100
127 141 491 254
128 132 619 233
128 133 705 264
128 134 657 104
128 135 703 136
128 136 540 25
128 137 395 337
128 138 173 64
128 139 899 100
128 140 971 344
128 141 654 80
129 123 871 47
129 132 436 239
129 133 27 425
129 134 553 264
129 135 641 148
129 136 253 91
129 137 331 365
129 138 920 146
129 139 387 69
129 140 732 84
129 141 269 178
130 122 540 214
130 123 664 190
130 132 222 135
130 133 626 170
130 134 700 342
130 135 836 27
130 136 223 139
130 137 770 116
130 138 614 85
130 139 211 250
130 140 808 78
130 141 44 144
131 122 722 325
131 123 39 66
131 124 65 265
131 132 140 358
131 133 432 145
131 134 913 241
131 135 396 326
131 136 920 322
131 137 102 131
131 138 940 192
131 139 728 423
131 140 544 294
131 141 140 410
132 133 385 387
132 134 987 315
132 136 332 173
132 137 155 13
132 140 228 293
133 132 385 382
133 134 900 135
133 135 253 57
133 138 894 255
133 140 416 94
133 141 44 246
133 142 635 205
133 143 156 210
133 144 954 171
133 145 105 145
133 146 250 382
133 147 625 142
133 148 766 226
133 149 397 232
133 150 826 392
133 151 420 220
134 132 987 227
134 133 900 141
134 136 215 189
134 139 50 353
134 142 32 197
134 143 726 111
134 144 714 375
134 145 693 422
134 146 578 293
134 147 345 47
134 148 285 128
134 149 199 210
134 150 756 291
134 151 337 50
135 133 253 417
135 142 209 220
135 143 57 152
135 144 737 383
135 145 8 136
135 146 693 273
135 147 574 305
135 148 11 16
135 149 328 11
135 150 766 255
135 151 594 330
136 132 332 311
136 134 215 122
136 142 218 404
136 143 761 52
136 144 944 156
136 145 100 12
136 146 902 127
136 147 550 41
136 148 538 62
136 149 677 416
136 150 198 228
136 151 904 106
137 132 155 320
137 142 661 47
137 143 275 401
137 144 66 106
137 145 110 395
137 146 950 38
137 147 447 372
137 148 886 281
137 149 246 57
137 150 140 114
137 151 566 382
138 133 894 247
138 142 969 217
138 143 175 349
138 144 313 28
138 145 521 50
138 146 319 176
138 147 400 364
138 148 485 63
138 149 915 363
138 150 565 8
138 151 702 388
139 134 50 31
139 142 810 133
139 143 919 129
139 144 879 147
139 145 260 406
139 146 851 249
139 147 30 28
139 148 914 265
139 149 941 396
139 150 445 174
139 151 27 309
140 132 228 333
140 133 416 236
140 142 425 228
140 143 321 336
140 144 377 193
140 145 20 344
140 146 157 408
140 147 51 88
140 148 573 187
140 149 737 229
140 150 325 97
140 151 615 53
141 133 44 269
141 142 542 271
141 143 482 406
141 144 822 22
141 145 555 231
141 146 773 54
141 147 878 242
141 148 897 86
141 149 212 103
141 150 543 54
141 151 441 255
142 143 81 332
142 144 416 242
142 145 272 215
142 147 946 99
142 150 374 186
142 151 826 97
142 152 481 19
143 142 81 85
143 144 538 254
143 145 201 304
143 146 529 392
143 147 393 66
143 148 462 105
143 152 965 107
144 142 416 192
144 143 538 56
144 146 755 186
144 150 752 415
144 152 990 155
145 142 272 211
145 143 201 416
145 152 599 325
146 143 529 186
146 144 755 180
146 152 961 58
147 142 946 34
147 143 393 110
147 152 980 336
148 143 462 334
148 152 819 358
149 152 453 237
150 142 374 304
150 144 752 133
150 152 65 68
151 142 826 233
151 152 695 101
