152 1672 1 152 8 418
1 2 142 373
1 3 31 327
1 4 597 405
1 5 149 289
1 6 846 292
1 7 721 256
1 8 836 329
1 9 667 49
1 10 326 310
1 11 654 353
2 3 522 230
2 4 577 190
2 9 591 402
2 10 627 236
3 2 522 54
3 4 682 28
3 8 798 417
3 9 867 198
3 11 628 92
3 12 724 370
3 13 387 177
3 14 343 299
3 15 927 359
3 16 312 388
3 17 105 47
3 18 28 415
3 19 968 104
3 20 322 148
3 21 962 191
4 2 577 65
4 3 682 229
4 5 888 271
4 8 541 382
4 10 337 58
4 12 538 321
4 13 59 161
4 14 377 202
4 15 973 110
4 16 800 319
4 17 241 319
4 18 18 244
4 19 527 311
4 20 753 301
4 21 767 181
5 4 888 126
5 12 884 69
5 13 595 320
5 14 995 141
5 15 86 23
5 16 389 61
5 17 614 324
5 18 669 405
5 19 458 209
5 20 243 203
5 21 771 363
6 12 638 7
6 13 46 52
6 14 538 7
6 15 735 408
6 16 198 402
6 17 739 91
6 18 557 298
6 19 193 15
6 20 141 38
6 21 947 228
7 12 525 205
7 13 867 371
7 14 172 254
7 15 204 243
7 16 884 317
7 17 642 324
7 18 237 5
7 19 7 240
7 20 52 85
7 21 674 47
8 3 798 5
8 4 541 93
8 12 851 134
8 13 665 398
8 14 150 343
8 15 245 153
8 16 81 220
8 17 294 61
8 18 383 376
8 19 801 34
8 20 132 16
8 21 111 228
9 2 591 176
9 3 867 292
9 12 911 16
9 13 83 392
9 14 564 307
9 15 293 354
9 16 95 371
9 17 571 406
9 18 992 2
9 19 698 3
9 20 851 391
9 21 800 61
10 2 627 287
10 4 337 221
10 12 375 62
10 13 277 228
10 14 981 182
10 15 386 361
10 16 192 27
10 17 885 212
10 18 961 260
10 19 244 65
10 20 554 56
10 21 730 103
11 3 628 269
11 12 97 348
11 13 854 103
11 14 509 211
11 15 146 412
11 16 29 345
11 17 468 363
11 18 808 303
11 19 806 275
11 20 525 128
11 21 85 354
12 13 616 408
12 14 361 269
12 16 145 411
12 18 724 31
13 12 616 327
13 14 562 221
13 17 942 9
13 18 436 70
13 19 100 354
13 21 289 122
13 22 224 416
13 23 124 229
13 24 396 302
13 25 629 251
13 26 663 403
13 27 53 271
13 28 41 95
13 29 210 54
13 30 503 94
13 31 336 269
14 12 361 66
14 13 562 64
14 15 581 174
14 17 143 87
14 18 43 3
14 22 811 1
14 23 219 215
14 24 312 170
14 25 574 3
14 26 551 19
14 27 430 130
14 28 251 410
14 29 880 247
14 30 810 317
14 31 528 284
15 14 581 42
15 22 795 196
15 23 313 372
15 24 806 93
15 25 604 18
15 26 198 232
15 27 229 271
15 28 701 76
15 29 910 30
15 30 63 192
15 31 377 287
16 12 145 155
16 22 425 145
16 23 148 153
16 24 893 296
16 25 52 315
16 26 86 325
16 27 277 78
16 28 863 112
16 29 850 14
16 30 855 134
16 31 280 28
17 13 942 55
17 14 143 245
17 22 261 389
17 23 258 366
17 24 252 276
17 25 101 100
17 26 279 290
17 27 258 284
17 28 930 203
17 29 913 335
17 30 680 386
17 31 111 73
18 12 724 64
18 13 436 72
18 14 43 241
18 22 22 195
18 23 274 246
18 24 299 112
18 25 826 366
18 26 324 116
18 27 157 116
18 28 214 14
18 29 711 154
18 30 414 98
18 31 80 262
19 13 100 341
19 22 792 353
19 23 874 127
19 24 62 291
19 25 715 204
19 26 971 257
19 27 774 144
19 28 781 307
19 29 975 215
19 30 554 415
19 31 472 230
20 22 873 415
20 23 324 174
20 24 937 377
20 25 717 298
20 26 781 145
20 27 985 20
20 28 276 219
20 29 199 69
20 30 768 231
20 31 388 113
21 13 289 149
21 22 627 256
21 23 978 412
21 24 923 59
21 25 12 387
21 26 656 193
21 27 920 55
21 28 788 29
21 29 153 134
21 30 217 65
21 31 30 253
22 23 4 49
22 24 235 393
22 26 110 103
22 27 288 41
22 28 388 16
22 31 33 53
23 22 4 20
23 24 645 226
23 25 750 302
23 28 348 382
23 29 522 135
23 30 417 267
23 32 108 124
23 33 310 267
23 34 869 261
23 35 893 86
23 36 476 212
23 37 231 372
23 38 572 240
23 39 896 363
23 40 954 149
23 41 713 356
24 22 235 37
24 23 645 330
24 25 640 111
24 26 560 56
24 28 600 371
24 30 595 357
24 32 201 349
24 33 78 357
24 34 928 209
24 35 534 218
24 36 91 401
24 37 241 32
24 38 953 83
24 39 748 222
24 40 165 392
24 41 758 104
25 23 750 38
25 24 640 170
25 32 734 69
25 33 275 137
25 34 478 357
25 35 760 139
25 36 87 260
25 37 612 2
25 38 297 297
25 39 805 295
25 40 513 99
25 41 103 102
26 22 110 356
26 24 560 247
26 32 975 65
26 33 240 364
26 34 557 21
26 35 153 205
26 36 7 231
26 37 679 82
26 38 32 233
26 39 565 260
26 40 25 117
26 41 396 287
27 22 288 82
27 32 775 309
27 33 93 99
27 34 928 70
27 35 531 166
27 36 587 317
27 37 768 160
27 38 593 162
27 39 868 183
27 40 357 321
27 41 619 232
28 22 388 106
28 23 348 82
28 24 600 17
28 32 655 376
28 33 860 374
28 34 381 388
28 35 52 311
28 36 571 49
28 37 945 240
28 38 353 211
28 39 221 191
28 40 951 292
28 41 590 88
29 23 522 173
29 32 669 157
29 33 663 63
29 34 112 369
29 35 351 28
29 36 53 295
29 37 438 34
29 38 587 401
29 39 929 379
29 40 963 388
29 41 734 382
30 23 417 35
30 24 595 238
30 32 131 41
30 33 927 309
30 34 386 116
30 35 637 381
30 36 61 94
30 37 288 166
30 38 818 157
30 39 131 236
30 40 470 378
30 41 175 254
31 22 33 69
31 32 77 195
31 33 20 334
31 34 639 190
31 35 580 41
31 36 807 176
31 37 54 275
31 38 294 165
31 39 743 407
31 40 567 124
31 41 998 148
32 33 755 221
32 34 483 265
32 35 102 89
32 37 91 317
32 40 491 133
32 41 296 333
33 32 755 333
33 34 161 59
33 35 99 185
33 37 653 414
33 38 46 398
33 40 835 200
33 41 218 369
33 42 953 68
33 43 888 307
33 44 222 366
33 45 979 159
33 46 797 54
33 47 101 321
33 48 431 90
33 49 154 269
33 50 889 70
33 51 44 72
34 32 483 45
34 33 161 257
34 36 552 20
34 38 951 371
34 42 671 205
34 43 174 348
34 44 358 171
34 45 824 276
34 46 267 121
34 47 102 313
34 48 437 202
34 49 525 304
34 50 174 67
34 51 602 3
35 32 102 255
35 33 99 37
35 42 344 267
35 43 279 82
35 44 124 244
35 45 428 347
35 46 303 418
35 47 464 130
35 48 897 242
35 49 559 49
35 50 961 315
35 51 737 158
36 34 552 370
36 42 37 411
36 43 76 312
36 44 803 107
36 45 956 24
36 46 561 360
36 47 628 69
36 48 102 300
36 49 102 327
36 50 896 195
36 51 694 146
37 32 91 130
37 33 653 3
37 42 450 113
37 43 48 402
37 44 16 228
37 45 860 148
37 46 299 245
37 47 139 184
37 48 715 330
37 49 925 355
37 50 731 149
37 51 713 96
38 33 46 59
38 34 951 22
38 42 531 8
38 43 156 129
38 44 951 249
38 45 568 229
38 46 55 117
38 47 953 269
38 48 585 25
38 49 129 129
38 50 332 100
38 51 457 233
39 42 135 92
39 43 21 97
39 44 169 297
39 45 139 116
39 46 939 299
39 47 659 354
39 48 855 389
39 49 764 203
39 50 35 94
39 51 562 86
40 32 491 229
40 33 835 254
40 42 541 210
40 43 970 307
40 44 956 20
40 45 607 106
40 46 214 259
40 47 887 376
40 48 372 25
40 49 480 184
40 50 362 162
40 51 455 414
41 32 296 47
41 33 218 299
41 42 801 396
41 43 52 416
41 44 649 251
41 45 937 348
41 46 642 302
41 47 386 367
41 48 615 195
41 49 475 334
41 50 844 328
41 51 476 28
42 43 103 376
42 44 666 41
42 45 212 141
42 48 290 247
42 49 436 83
42 50 574 157
43 42 103 278
43 44 894 129
43 45 160 273
43 47 432 32
43 48 628 155
43 49 347 10
43 51 844 360
43 52 604 182
43 53 850 366
43 54 175 354
43 55 469 308
43 56 202 344
43 57 152 202
43 58 877 297
43 59 911 23
43 60 41 95
43 61 787 192
44 42 666 171
44 43 894 292
44 45 720 385
44 46 78 247
44 48 962 314
44 49 336 196
44 52 627 387
44 53 706 212
44 54 61 241
44 55 573 95
44 56 46 326
44 57 765 379
44 58 270 408
44 59 579 387
44 60 24 217
44 61 84 246
45 42 212 121
45 43 160 116
45 44 720 343
45 52 297 228
45 53 96 370
45 54 982 279
45 55 50 23
45 56 848 182
45 57 129 360
45 58 191 95
45 59 678 352
45 60 521 73
45 61 964 348
46 44 78 275
46 52 655 31
46 53 182 212
46 54 283 308
46 55 537 258
46 56 518 33
46 57 676 137
46 58 732 71
46 59 825 202
46 60 577 34
46 61 821 236
47 43 432 289
47 52 195 92
47 53 162 249
47 54 227 387
47 55 170 266
47 56 231 26
47 57 805 6
47 58 13 254
47 59 209 212
47 60 585 107
47 61 748 336
48 42 290 26
48 43 628 2
48 44 962 112
48 52 190 313
48 53 565 242
48 54 997 186
48 55 359 28
48 56 215 347
48 57 890 373
48 58 740 26
48 59 42 140
48 60 513 308
48 61 264 107
49 42 436 200
49 43 347 414
49 44 336 99
49 52 994 308
49 53 893 183
49 54 396 252
49 55 236 321
49 56 334 333
49 57 817 142
49 58 996 97
49 59 226 210
49 60 541 366
49 61 964 68
50 42 574 349
50 52 523 73
50 53 336 19
50 54 615 393
50 55 345 142
50 56 951 262
50 57 920 291
50 58 780 188
50 59 875 163
50 60 894 247
50 61 27 36
51 43 844 105
51 52 853 61
51 53 487 322
51 54 493 260
51 55 939 172
51 56 14 143
51 57 586 21
51 58 338 350
51 59 689 377
51 60 820 99
51 61 648 380
52 53 132 395
52 54 242 316
52 55 819 28
52 56 302 50
52 59 282 359
52 61 252 41
53 52 132 226
53 54 282 30
53 55 586 149
53 59 787 148
53 62 642 75
53 63 768 83
53 64 68 128
53 65 618 161
53 66 945 82
53 67 247 360
53 68 949 294
53 69 880 382
53 70 185 102
53 71 78 274
54 52 242 88
54 53 282 209
54 55 215 131
54 58 735 151
54 61 453 113
54 62 112 287
54 63 15 74
54 64 565 69
54 65 307 77
54 66 574 10
54 67 659 187
54 68 42 269
54 69 982 364
54 70 650 383
54 71 866 130
55 52 819 414
55 53 586 305
55 54 215 299
55 62 832 61
55 63 652 184
55 64 798 382
55 65 882 127
55 66 513 18
55 67 69 377
55 68 292 49
55 69 561 129
55 70 773 282
55 71 157 293
56 52 302 21
56 62 797 85
56 63 795 218
56 64 415 247
56 65 633 63
56 66 89 196
56 67 515 107
56 68 423 202
56 69 245 98
56 70 84 221
56 71 471 24
57 62 761 328
57 63 877 120
57 64 511 223
57 65 358 130
57 66 955 222
57 67 804 267
57 68 542 359
57 69 258 360
57 70 338 315
57 71 448 58
58 54 735 300
58 62 567 99
58 63 640 84
58 64 913 158
58 65 745 361
58 66 764 235
58 67 654 151
58 68 369 106
58 69 565 322
58 70 799 129
58 71 57 173
59 52 282 266
59 53 787 320
59 62 173 66
59 63 913 153
59 64 197 155
59 65 633 229
59 66 202 129
59 67 543 50
59 68 580 334
59 69 929 308
59 70 93 366
59 71 864 44
60 62 814 181
60 63 777 78
60 64 533 214
60 65 345 385
60 66 68 132
60 67 196 137
60 68 534 114
60 69 22 67
60 70 645 182
60 71 168 308
61 52 252 255
61 54 453 298
61 62 745 4
61 63 954 229
61 64 799 322
61 65 865 398
61 66 569 342
61 67 817 41
61 68 903 166
61 69 264 293
61 70 579 57
61 71 380 31
62 63 343 305
62 64 367 281
62 66 833 114
62 67 220 293
62 68 748 109
62 69 402 165
62 71 798 375
63 62 343 2
63 64 748 62
63 71 359 120
63 72 230 95
63 73 556 177
63 74 905 206
63 75 145 414
63 76 116 274
63 77 526 9
63 78 528 138
63 79 85 15
63 80 937 5
63 81 208 388
64 62 367 31
64 63 748 10
64 66 823 240
64 68 750 320
64 69 64 304
64 70 874 231
64 72 350 341
64 73 483 324
64 74 99 105
64 75 493 184
64 76 924 190
64 77 880 201
64 78 145 291
64 79 939 38
64 80 505 103
64 81 227 153
65 72 921 236
65 73 508 7
65 74 290 273
65 75 62 202
65 76 63 74
65 77 89 350
65 78 293 387
65 79 438 312
65 80 873 24
65 81 996 128
66 62 833 373
66 64 823 354
66 72 899 300
66 73 638 224
66 74 770 331
66 75 167 407
66 76 506 214
66 77 943 149
66 78 230 346
66 79 123 56
66 80 221 5
66 81 652 213
67 62 220 256
67 72 720 120
67 73 830 347
67 74 12 148
67 75 654 231
67 76 944 397
67 77 124 96
67 78 868 106
67 79 779 400
67 80 453 204
67 81 93 157
68 62 748 361
68 64 750 126
68 72 309 383
68 73 359 276
68 74 605 162
68 75 127 349
68 76 235 17
68 77 38 87
68 78 645 151
68 79 772 169
68 80 731 322
68 81 603 155
69 62 402 216
69 64 64 71
69 72 510 158
69 73 738 176
69 74 908 301
69 75 139 123
69 76 213 63
69 77 238 53
69 78 581 215
69 79 296 265
69 80 702 15
69 81 101 403
70 64 874 408
70 72 819 388
70 73 962 300
70 74 160 391
70 75 991 391
70 76 468 358
70 77 797 30
70 78 234 73
70 79 525 40
70 80 220 237
70 81 958 38
71 62 798 343
71 63 359 72
71 72 421 83
71 73 246 164
71 74 275 246
71 75 806 340
71 76 810 150
71 77 187 327
71 78 864 133
71 79 930 175
71 80 599 330
71 81 645 358
72 73 425 110
72 74 844 317
72 75 852 155
72 79 818 283
73 72 425 122
73 74 856 389
73 77 712 393
73 78 750 42
73 82 179 103
73 83 1 289
73 84 815 196
73 85 610 380
73 86 889 84
73 87 603 365
73 88 703 20
73 89 940 369
73 90 727 14
73 91 849 152
74 72 844 253
74 73 856 132
74 75 39 105
74 77 902 313
74 78 742 121
74 81 190 20
74 82 497 305
74 83 675 168
74 84 986 326
74 85 169 66
74 86 525 289
74 87 650 299
74 88 505 41
74 89 591 274
74 90 771 33
74 91 843 232
75 72 852 179
75 74 39 217
75 82 687 269
75 83 459 148
75 84 27 99
75 85 628 196
75 86 552 86
75 87 303 286
75 88 516 86
75 89 177 190
75 90 107 156
75 91 123 187
76 82 342 63
76 83 14 175
76 84 890 171
76 85 721 213
76 86 557 128
76 87 976 96
76 88 816 105
76 89 940 267
76 90 705 1
76 91 898 159
77 73 712 286
77 74 902 82
77 82 980 128
77 83 151 417
77 84 747 196
77 85 34 411
77 86 575 267
77 87 822 417
77 88 84 201
77 89 447 386
77 90 792 65
77 91 220 200
78 73 750 241
78 74 742 227
78 82 151 264
78 83 319 267
78 84 517 302
78 85 273 206
78 86 759 124
78 87 491 58
78 88 240 341
78 89 232 402
78 90 429 354
78 91 16 286
79 72 818 59
79 82 631 93
79 83 852 160
79 84 8 176
79 85 877 407
79 86 480 324
79 87 494 386
79 88 33 75
79 89 77 57
79 90 53 134
79 91 709 89
80 82 849 395
80 83 405 346
80 84 887 379
80 85 794 25
80 86 69 29
80 87 923 292
80 88 101 163
80 89 805 214
80 90 120 53
80 91 652 319
81 74 190 2
81 82 179 384
81 83 54 405
81 84 40 341
81 85 673 227
81 86 681 384
81 87 314 138
81 88 643 88
81 89 607 57
81 90 920 46
81 91 385 213
82 83 201 195
82 84 393 4
82 86 527 339
82 87 896 229
82 88 476 23
83 82 201 377
83 84 121 12
83 85 46 57
83 86 866 168
83 87 806 273
83 92 408 301
83 93 507 20
83 94 594 356
83 95 447 43
83 96 232 81
83 97 789 226
83 98 51 332
83 99 259 313
83 100 30 79
83 101 477 189
84 82 393 414
84 83 121 94
84 86 565 418
84 87 282 264
84 91 643 360
84 92 420 279
84 93 475 9
84 94 383 355
84 95 523 350
84 96 585 402
84 97 669 228
84 98 227 239
84 99 870 304
84 100 108 149
84 101 241 170
85 83 46 414
85 92 215 347
85 93 299 58
85 94 487 161
85 95 855 31
85 96 348 237
85 97 451 250
85 98 844 163
85 99 283 242
85 100 202 200
85 101 381 243
86 82 527 137
86 83 866 199
86 84 565 130
86 92 788 310
86 93 133 69
86 94 322 387
86 95 238 292
86 96 588 13
86 97 507 90
86 98 994 316
86 99 549 164
86 100 989 296
86 101 128 401
87 82 896 370
87 83 806 114
87 84 282 394
87 92 854 49
87 93 736 121
87 94 831 293
87 95 933 273
87 96 242 332
87 97 793 364
87 98 126 380
87 99 57 342
87 100 417 97
87 101 444 381
88 82 476 340
88 92 727 159
88 93 848 293
88 94 823 97
88 95 150 328
88 96 798 159
88 97 418 365
88 98 399 321
88 99 874 280
88 100 615 333
88 101 673 271
89 92 889 281
89 93 340 151
89 94 799 282
89 95 382 95
89 96 343 203
89 97 731 223
89 98 267 111
89 99 410 14
89 100 519 75
89 101 178 265
90 92 250 301
90 93 661 261
90 94 497 90
90 95 396 362
90 96 946 388
90 97 823 370
90 98 165 342
90 99 524 409
90 100 112 102
90 101 155 322
91 84 643 59
91 92 449 106
91 93 572 416
91 94 256 390
91 95 181 416
91 96 900 331
91 97 356 54
91 98 846 15
91 99 70 368
91 100 360 147
91 101 889 278
92 93 202 232
92 94 841 164
92 95 164 207
92 96 490 396
93 92 202 268
93 94 816 411
93 96 595 305
93 97 103 271
93 98 190 277
93 99 243 364
93 102 719 128
93 103 683 418
93 104 186 386
93 105 771 61
93 106 591 169
93 107 676 20
93 108 279 330
93 109 699 174
93 110 649 383
93 111 28 3
94 92 841 239
94 93 816 135
94 95 428 301
94 96 412 277
94 102 608 149
94 103 314 367
94 104 307 152
94 105 909 72
94 106 778 232
94 107 623 154
94 108 575 11
94 109 189 134
94 110 747 158
94 111 918 109
95 92 164 381
95 94 428 191
95 102 598 82
95 103 800 247
95 104 114 18
95 105 462 305
95 106 467 316
95 107 227 27
95 108 153 151
95 109 654 278
95 110 881 270
95 111 536 196
96 92 490 176
96 93 595 55
96 94 412 376
96 102 371 240
96 103 152 262
96 104 62 19
96 105 367 332
96 106 301 42
96 107 961 298
96 108 951 294
96 109 241 234
96 110 582 212
96 111 544 325
97 93 103 363
97 102 306 31
97 103 867 326
97 104 384 393
97 105 955 140
97 106 655 71
97 107 969 371
97 108 712 400
97 109 692 374
97 110 882 380
97 111 894 87
98 93 190 184
98 102 504 234
98 103 761 284
98 104 557 386
98 105 138 205
98 106 450 313
98 107 482 29
98 108 291 70
98 109 485 347
98 110 945 322
98 111 929 392
99 93 243 62
99 102 787 221
99 103 467 394
99 104 482 345
99 105 383 56
99 106 783 132
99 107 358 121
99 108 789 110
99 109 998 24
99 110 206 7
99 111 542 128
100 102 472 146
100 103 556 177
100 104 254 260
100 105 831 254
100 106 437 161
100 107 238 211
100 108 290 213
100 109 219 101
100 110 888 33
100 111 867 209
101 102 793 107
101 103 77 68
101 104 128 265
101 105 490 399
101 106 446 125
101 107 544 206
101 108 210 231
101 109 354 336
101 110 410 191
101 111 565 152
102 103 758 258
102 104 168 253
102 105 533 283
102 106 552 282
102 107 634 126
102 109 663 319
103 102 758 130
103 104 459 146
103 106 181 308
103 109 482 290
103 111 111 351
103 112 713 119
103 113 770 7
103 114 617 62
103 115 717 47
103 116 365 43
103 117 749 100
103 118 233 344
103 119 177 402
103 120 301 6
103 121 596 303
104 102 168 283
104 103 459 252
104 105 402 388
104 107 735 281
104 109 949 134
104 110 394 104
104 112 553 146
104 113 10 188
104 114 519 338
104 115 531 122
104 116 654 259
104 117 389 271
104 118 758 157
104 119 647 37
104 120 794 5
104 121 906 169
105 102 533 306
105 104 402 111
105 112 61 297
105 113 196 362
105 114 839 205
105 115 999 21
105 116 604 382
105 117 873 300
105 118 212 69
105 119 260 309
105 120 689 16
105 121 443 281
106 102 552 340
106 103 181 183
106 112 199 354
106 113 23 26
106 114 769 11
106 115 678 88
106 116 544 46
106 117 244 86
106 118 558 70
106 119 660 286
106 120 692 123
106 121 725 143
107 102 634 256
107 104 735 84
107 112 234 35
107 113 724 110
107 114 433 274
107 115 568 344
107 116 997 389
107 117 288 313
107 118 537 191
107 119 639 231
107 120 964 399
107 121 108 198
108 112 345 331
108 113 257 409
108 114 113 46
108 115 633 335
108 116 453 288
108 117 586 296
108 118 30 362
108 119 131 233
108 120 731 54
108 121 462 260
109 102 663 140
109 103 482 1
109 104 949 212
109 112 138 74
109 113 79 90
109 114 281 63
109 115 830 236
109 116 730 20
109 117 176 389
109 118 516 373
109 119 983 211
109 120 553 115
109 121 615 276
110 104 394 235
110 112 254 130
110 113 879 343
110 114 968 217
110 115 355 77
110 116 252 26
110 117 37 64
110 118 72 188
110 119 116 257
110 120 148 123
110 121 646 117
111 103 111 303
111 112 743 263
111 113 984 90
111 114 13 216
111 115 903 379
111 116 656 136
111 117 345 277
111 118 599 385
111 119 414 300
111 120 836 270
111 121 303 225
112 113 776 171
112 114 173 82
112 115 816 6
112 116 751 131
112 117 386 199
113 112 776 26
113 114 605 254
113 121 149 382
113 122 742 96
113 123 50 193
113 124 115 205
113 125 325 183
113 126 977 32
113 127 525 332
113 128 374 258
113 129 864 399
113 130 88 392
113 131 727 248
114 112 173 363
114 113 605 147
114 115 454 232
114 119 600 251
114 120 481 405
114 122 724 314
114 123 425 245
114 124 538 185
114 125 37 122
114 126 542 152
114 127 333 393
114 128 649 178
114 129 623 153
114 130 508 135
114 131 30 300
115 112 816 312
115 114 454 179
115 122 419 139
115 123 238 213
115 124 471 143
115 125 30 225
115 126 508 398
115 127 488 170
115 128 491 209
115 129 406 399
115 130 512 109
115 131 476 18
116 112 751 96
116 122 596 284
116 123 216 251
116 124 319 11
116 125 272 2
116 126 62 413
116 127 534 418
116 128 467 237
116 129 599 160
116 130 514 382
116 131 519 123
117 112 386 370
117 122 581 178
117 123 220 62
117 124 303 217
117 125 203 95
117 126 604 316
117 127 327 37
117 128 759 358
117 129 469 186
117 130 602 316
117 131 341 179
118 122 252 120
118 123 6 273
118 124 957 95
118 125 478 123
118 126 649 236
118 127 56 119
118 128 847 324
118 129 748 161
118 130 973 291
118 131 755 267
119 114 600 78
119 122 807 278
119 123 367 92
119 124 197 278
119 125 118 146
119 126 80 265
119 127 772 256
119 128 838 399
119 129 650 186
119 130 605 62
119 131 889 229
120 114 481 160
120 122 221 34
120 123 379 177
120 124 502 173
120 125 491 375
120 126 78 367
120 127 762 398
120 128 742 6
120 129 246 199
120 130 103 77
120 131 423 369
121 113 149 376
121 122 989 206
121 123 442 216
121 124 507 155
121 125 436 25
121 126 200 163
121 127 32 179
121 128 156 89
121 129 890 106
121 130 549 417
121 131 100 251
122 123 439 346
122 124 365 220
122 125 767 324
122 126 927 191
122 130 611 396
122 131 775 77
123 122 439 297
123 124 542 337
123 130 439 320
123 132 840 53
123 133 301 218
123 134 203 306
123 135 699 188
123 136 645 410
123 137 336 321
123 138 994 111
123 139 270 339
123 140 765 243
123 141 738 226
124 122 365 412
124 123 542 250
124 125 409 161
124 126 475 324
124 127 141 297
124 128 949 177
124 129 623 400
124 130 92 302
124 131 888 404
124 132 559 298
124 133 415 345
124 134 928 291
124 135 155 351
124 136 936 241
124 137 293 167
124 138 476 238
124 139 536 328
124 140 26 152
124 141 244 224
125 122 767 27
125 124 409 138
125 132 203 45
125 133 612 266
125 134 913 147
125 135 892 88
125 136 430 195
125 137 826 117
125 138 445 139
125 139 159 236
125 140 540 186
125 141 837 131
126 122 927 69
126 124 475 232
126 132 946 75
126 133 272 378
126 134 954 108
126 135 150 153
126 136 558 165
126 137 875 242
126 138 316 197
126 139 713 330
126 140 932 363
126 141 131 5
127 124 141 225
127 132 76 122
127 133 756 185
127 134 356 175
127 135 147 384
127 136 149 81
127 137 712 62
127 138 299 253
127 139 727 415
127 140 138 348
127 141 365 123
128 124 949 315
128 132 703 186
128 133 795 306
128 134 350 308
128 135 52 291
128 136 223 386
128 137 480 45
128 138 224 382
128 139 626 173
128 140 474 95
128 141 145 144
129 124 623 394
129 132 137 371
129 133 921 321
129 134 448 69
129 135 100 163
129 136 250 150
129 137 294 173
129 138 300 25
129 139 167 292
129 140 719 319
129 141 311 311
130 122 611 346
130 123 439 227
130 124 92 382
130 132 553 52
130 133 892 183
130 134 628 357
130 135 410 7
130 136 208 319
130 137 74 303
130 138 414 237
130 139 416 172
130 140 528 390
130 141 205 232
131 122 775 85
131 124 888 402
131 132 975 78
131 133 151 353
131 134 319 156
131 135 373 386
131 136 859 281
131 137 333 137
131 138 848 15
131 139 63 180
131 140 759 245
131 141 864 38
132 133 955 71
132 134 267 362
132 135 895 116
132 136 394 289
132 139 792 408
132 140 853 132
132 141 410 410
133 132 955 169
133 134 938 273
133 135 660 55
133 137 87 13
133 139 873 95
133 140 295 369
133 141 316 40
133 142 615 71
133 143 237 45
133 144 803 344
133 145 70 50
133 146 826 84
133 147 192 190
133 148 491 22
133 149 378 402
133 150 726 300
133 151 487 255
134 132 267 219
134 133 938 288
134 138 88 37
134 142 490 59
134 143 497 134
134 144 982 375
134 145 413 213
134 146 931 116
134 147 731 75
134 148 698 22
134 149 116 241
134 150 384 62
134 151 570 229
135 132 895 377
135 133 660 110
135 142 250 43
135 143 861 158
135 144 497 115
135 145 458 415
135 146 663 399
135 147 481 316
135 148 966 81
135 149 967 386
135 150 69 217
135 151 346 231
136 132 394 372
136 142 95 18
136 143 211 378
136 144 963 66
136 145 708 321
136 146 104 403
136 147 976 375
136 148 405 68
136 149 955 142
136 150 186 152
136 151 296 328
137 133 87 357
137 142 294 28
137 143 945 329
137 144 438 300
137 145 902 278
137 146 572 384
137 147 897 186
137 148 18 292
137 149 850 237
137 150 604 242
137 151 518 16
138 134 88 140
138 142 979 397
138 143 20 385
138 144 272 405
138 145 461 77
138 146 762 248
138 147 562 207
138 148 719 190
138 149 94 319
138 150 117 85
138 151 558 254
139 132 792 280
139 133 873 251
139 142 766 328
139 143 281 197
139 144 775 93
139 145 308 81
139 146 92 20
139 147 981 146
139 148 475 321
139 149 761 356
139 150 225 243
139 151 347 197
140 132 853 104
140 133 295 88
140 142 749 138
140 143 966 72
140 144 141 141
140 145 907 107
140 146 246 294
140 147 746 235
140 148 859 413
140 149 431 240
140 150 27 319
140 151 296 221
141 132 410 203
141 133 316 296
141 142 614 402
141 143 582 240
141 144 60 62
141 145 738 9
141 146 62 330
141 147 364 281
141 148 971 138
141 149 849 386
141 150 742 5
141 151 400 284
142 143 328 391
142 144 80 97
142 146 989 58
142 147 165 187
142 148 305 76
142 151 586 337
142 152 906 284
143 142 328 340
143 144 52 226
143 145 316 198
143 147 594 297
143 148 781 125
143 149 639 207
143 150 314 91
143 151 616 373
143 152 901 413
144 142 80 255
144 143 52 112
144 146 324 129
144 149 39 2
144 151 354 199
144 152 685 220
145 143 316 89
145 152 465 149
146 142 989 127
146 144 324 318
146 152 875 350
147 142 165 332
147 143 594 354
147 152 735 147
148 142 305 271
148 143 781 287
148 152 500 135
149 143 639 207
149 144 39 274
149 152 491 318
150 143 314 126
150 152 546 358
151 142 586 395
151 143 616 287
151 144 354 231
151 152 429 195
