152 1676 1 152 8 419
1 2 436 413
1 3 585 84
1 4 651 257
1 5 131 283
1 6 167 202
1 7 837 98
1 8 546 202
1 9 919 229
1 10 204 359
1 11 224 322
2 3 755 21
2 4 890 412
2 7 415 77
2 8 113 398
2 10 481 276
3 2 755 243
3 4 488 232
3 6 394 204
3 9 981 295
3 10 606 297
3 11 190 107
3 12 116 411
3 13 137 212
3 14 212 206
3 15 98 139
3 16 157 363
3 17 636 147
3 18 932 13
3 19 834 1
3 20 914 201
3 21 34 232
4 2 890 265
4 3 488 186
4 5 303 311
4 6 208 208
4 8 589 108
4 9 475 256
4 12 320 272
4 13 271 294
4 14 532 241
4 15 528 338
4 16 124 21
4 17 194 381
4 18 852 283
4 19 212 247
4 20 98 44
4 21 388 289
5 4 303 307
5 12 208 124
5 13 45 305
5 14 803 237
5 15 597 94
5 16 829 57
5 17 622 77
5 18 823 205
5 19 451 256
5 20 682 395
5 21 662 405
6 3 394 286
6 4 208 268
6 12 209 211
6 13 265 294
6 14 999 139
6 15 656 51
6 16 952 108
6 17 721 325
6 18 281 261
6 19 188 85
6 20 914 298
6 21 949 190
7 2 415 14
7 12 36 139
7 13 241 62
7 14 405 184
7 15 883 354
7 16 793 287
7 17 143 241
7 18 87 237
7 19 708 409
7 20 367 239
7 21 118 323
8 2 113 312
8 4 589 150
8 12 450 55
8 13 821 121
8 14 258 359
8 15 33 370
8 16 423 226
8 17 656 49
8 18 299 32
8 19 985 418
8 20 519 375
8 21 287 90
9 3 981 290
9 4 475 119
9 12 879 227
9 13 309 103
9 14 398 97
9 15 133 151
9 16 751 263
9 17 826 220
9 18 987 133
9 19 384 115
9 20 154 15
9 21 645 292
10 2 481 167
10 3 606 259
10 12 331 87
10 13 693 316
10 14 786 313
10 15 398 268
10 16 397 128
10 17 119 414
10 18 700 41
10 19 151 177
10 20 680 245
10 21 137 26
11 3 190 412
11 12 447 67
11 13 117 28
11 14 913 314
11 15 825 136
11 16 499 295
11 17 732 330
11 18 876 73
11 19 935 84
11 20 570 203
11 21 602 62
12 13 506 276
12 14 587 262
12 15 93 90
12 16 211 206
12 18 742 272
12 19 838 212
12 20 604 178
13 12 506 58
13 14 922 19
13 15 715 269
13 16 937 67
13 17 479 237
13 20 707 86
13 22 85 122
13 23 675 364
13 24 858 418
13 25 559 35
13 26 936 170
13 27 488 246
13 28 794 368
13 29 309 285
13 30 924 315
13 31 815 144
14 12 587 168
14 13 922 329
14 19 230 32
14 22 946 147
14 23 304 29
14 24 685 146
14 25 116 245
14 26 677 260
14 27 196 130
14 28 593 369
14 29 1 190
14 30 689 271
14 31 175 218
15 12 93 391
15 13 715 18
15 22 613 84
15 23 825 58
15 24 338 94
15 25 346 181
15 26 221 298
15 27 431 134
15 28 604 267
15 29 979 335
15 30 892 293
15 31 94 348
16 12 211 385
16 13 937 274
16 22 9 360
16 23 932 41
16 24 67 199
16 25 605 38
16 26 417 69
16 27 612 339
16 28 853 17
16 29 333 27
16 30 988 156
16 31 549 352
17 13 479 283
17 22 530 27
17 23 510 181
17 24 177 253
17 25 199 402
17 26 82 93
17 27 923 156
17 28 146 93
17 29 86 132
17 30 527 372
17 31 944 403
18 12 742 203
18 22 802 66
18 23 603 315
18 24 362 283
18 25 351 253
18 26 918 302
18 27 173 293
18 28 102 35
18 29 41 157
18 30 727 101
18 31 506 345
19 12 838 223
19 14 230 74
19 22 591 301
19 23 290 215
19 24 744 259
19 25 422 364
19 26 918 344
19 27 67 346
19 28 833 195
19 29 805 412
19 30 641 117
19 31 928 299
20 12 604 116
20 13 707 294
20 22 757 119
20 23 867 73
20 24 103 408
20 25 532 113
20 26 955 239
20 27 185 41
20 28 730 264
20 29 782 40
20 30 903 137
20 31 64 244
21 22 888 402
21 23 974 272
21 24 525 398
21 25 418 232
21 26 871 282
21 27 594 50
21 28 417 286
21 29 987 271
21 30 862 330
21 31 101 190
22 23 346 201
22 24 786 273
22 26 795 214
22 27 753 326
22 28 275 299
22 29 664 242
22 30 146 258
23 22 346 129
23 24 344 70
23 25 569 211
23 29 201 22
23 30 920 178
23 31 188 236
23 32 674 307
23 33 683 346
23 34 313 281
23 35 221 256
23 36 111 11
23 37 299 415
23 38 973 13
23 39 537 401
23 40 854 165
23 41 702 180
24 22 786 362
24 23 344 18
24 25 892 88
24 27 681 149
24 30 292 28
24 32 63 346
24 33 503 274
24 34 578 172
24 35 537 110
24 36 331 152
24 37 160 100
24 38 962 59
24 39 179 233
24 40 149 237
24 41 962 128
25 23 569 259
25 24 892 281
25 32 275 204
25 33 894 240
25 34 740 144
25 35 322 319
25 36 679 367
25 37 439 42
25 38 219 172
25 39 66 195
25 40 133 400
25 41 939 302
26 22 795 249
26 32 995 335
26 33 503 361
26 34 727 12
26 35 622 26
26 36 727 156
26 37 995 71
26 38 391 189
26 39 770 214
26 40 238 368
26 41 612 351
27 22 753 324
27 24 681 419
27 32 710 216
27 33 809 215
27 34 783 219
27 35 241 381
27 36 11 390
27 37 345 299
27 38 360 163
27 39 404 330
27 40 973 321
27 41 672 210
28 22 275 183
28 32 39 171
28 33 990 32
28 34 246 326
28 35 965 23
28 36 443 304
28 37 272 376
28 38 592 299
28 39 781 309
28 40 182 287
28 41 590 160
29 22 664 92
29 23 201 395
29 32 983 363
29 33 201 40
29 34 965 219
29 35 595 200
29 36 682 105
29 37 711 338
29 38 288 234
29 39 332 121
29 40 887 185
29 41 900 374
30 22 146 309
30 23 920 200
30 24 292 311
30 32 656 11
30 33 776 203
30 34 454 403
30 35 79 143
30 36 24 179
30 37 128 65
30 38 862 219
30 39 588 279
30 40 634 16
30 41 394 384
31 23 188 366
31 32 461 374
31 33 438 127
31 34 154 64
31 35 183 147
31 36 868 7
31 37 334 407
31 38 676 30
31 39 439 396
31 40 885 79
31 41 133 62
32 33 631 44
32 34 429 156
32 35 375 197
32 39 512 106
32 40 12 383
32 41 930 58
33 32 631 286
33 34 975 90
33 36 634 366
33 41 731 269
33 42 797 47
33 43 674 57
33 44 9 45
33 45 768 207
33 46 121 111
33 47 21 363
33 48 54 238
33 49 6 82
33 50 982 252
33 51 588 365
34 32 429 54
34 33 975 91
34 36 841 66
34 41 26 120
34 42 955 414
34 43 149 372
34 44 635 17
34 45 214 285
34 46 119 406
34 47 343 386
34 48 769 392
34 49 433 91
34 50 732 142
34 51 121 95
35 32 375 332
35 42 814 319
35 43 313 42
35 44 476 116
35 45 230 377
35 46 481 59
35 47 776 317
35 48 880 327
35 49 328 46
35 50 301 403
35 51 198 245
36 33 634 257
36 34 841 258
36 42 387 324
36 43 54 364
36 44 788 397
36 45 640 351
36 46 32 235
36 47 355 122
36 48 102 355
36 49 306 277
36 50 953 398
36 51 389 414
37 42 940 76
37 43 113 99
37 44 931 347
37 45 20 183
37 46 392 73
37 47 369 57
37 48 19 19
37 49 955 167
37 50 41 58
37 51 731 104
38 42 462 61
38 43 569 88
38 44 980 411
38 45 933 271
38 46 788 87
38 47 907 45
38 48 6 404
38 49 915 287
38 50 580 397
38 51 469 44
39 32 512 157
39 42 249 78
39 43 287 334
39 44 799 233
39 45 805 28
39 46 243 94
39 47 236 281
39 48 879 394
39 49 948 264
39 50 603 249
39 51 247 114
40 32 12 235
40 42 34 176
40 43 6 285
40 44 622 151
40 45 886 242
40 46 516 329
40 47 253 399
40 48 853 264
40 49 863 101
40 50 629 417
40 51 712 330
41 32 930 145
41 33 731 31
41 34 26 203
41 42 672 368
41 43 561 356
41 44 187 245
41 45 963 156
41 46 470 304
41 47 649 179
41 48 946 78
41 49 707 273
41 50 317 221
41 51 378 344
42 43 724 40
42 44 102 7
42 47 727 50
42 49 610 337
42 51 584 142
43 42 724 24
43 44 209 322
43 46 643 175
43 47 446 38
43 50 931 267
43 51 273 155
43 52 82 238
43 53 927 348
43 54 585 359
43 55 966 215
43 56 903 275
43 57 22 116
43 58 579 231
43 59 110 417
43 60 625 284
43 61 239 119
44 42 102 355
44 43 209 357
44 46 968 320
44 47 467 386
44 48 149 259
44 50 256 283
44 52 395 275
44 53 598 382
44 54 30 305
44 55 81 333
44 56 501 336
44 57 664 249
44 58 451 59
44 59 17 321
44 60 878 132
44 61 319 116
45 52 170 248
45 53 226 274
45 54 844 397
45 55 467 17
45 56 724 259
45 57 217 71
45 58 414 21
45 59 786 383
45 60 646 229
45 61 343 119
46 43 643 386
46 44 968 366
46 52 759 158
46 53 517 177
46 54 351 276
46 55 610 15
46 56 835 236
46 57 466 85
46 58 462 87
46 59 391 198
46 60 489 137
46 61 608 179
47 42 727 388
47 43 446 182
47 44 467 362
47 52 786 123
47 53 10 134
47 54 476 404
47 55 595 16
47 56 163 231
47 57 73 246
47 58 614 370
47 59 827 396
47 60 19 269
47 61 300 221
48 44 149 414
48 52 606 273
48 53 766 47
48 54 621 194
48 55 685 86
48 56 628 100
48 57 913 192
48 58 112 404
48 59 313 3
48 60 430 291
48 61 674 205
49 42 610 253
49 52 219 381
49 53 854 104
49 54 339 24
49 55 883 199
49 56 2 292
49 57 159 93
49 58 367 401
49 59 418 41
49 60 117 225
49 61 734 50
50 43 931 38
50 44 256 156
50 52 276 318
50 53 72 358
50 54 198 158
50 55 811 368
50 56 99 353
50 57 6 319
50 58 528 269
50 59 427 46
50 60 212 229
50 61 869 210
51 42 584 364
51 43 273 48
51 52 824 356
51 53 934 191
51 54 908 342
51 55 162 81
51 56 385 369
51 57 590 67
51 58 694 162
51 59 348 89
51 60 310 86
51 61 752 175
52 53 269 280
52 54 597 166
52 55 585 101
52 57 283 371
52 58 662 49
52 59 682 360
52 60 955 297
53 52 269 309
53 54 47 337
53 55 578 94
53 56 624 154
53 61 656 347
53 62 595 229
53 63 996 198
53 64 790 230
53 65 3 210
53 66 899 280
53 67 813 217
53 68 908 128
53 69 146 399
53 70 595 4
53 71 689 408
54 52 597 362
54 53 47 65
54 55 894 270
54 57 236 324
54 58 260 202
54 60 713 356
54 62 740 202
54 63 647 396
54 64 78 254
54 65 67 91
54 66 613 5
54 67 631 88
54 68 457 408
54 69 983 96
54 70 273 208
54 71 331 349
55 52 585 143
55 53 578 275
55 54 894 224
55 62 761 7
55 63 756 189
55 64 756 235
55 65 588 346
55 66 934 266
55 67 376 418
55 68 777 7
55 69 434 280
55 70 196 105
55 71 101 374
56 53 624 244
56 62 85 75
56 63 252 149
56 64 736 306
56 65 712 378
56 66 357 278
56 67 521 402
56 68 12 373
56 69 128 58
56 70 629 123
56 71 501 195
57 52 283 315
57 54 236 316
57 62 645 417
57 63 687 301
57 64 600 190
57 65 216 171
57 66 64 17
57 67 325 167
57 68 957 163
57 69 618 411
57 70 576 160
57 71 462 265
58 52 662 368
58 54 260 313
58 62 714 202
58 63 894 257
58 64 182 250
58 65 918 295
58 66 244 282
58 67 702 207
58 68 616 164
58 69 42 220
58 70 461 367
58 71 953 297
59 52 682 397
59 62 154 318
59 63 67 123
59 64 904 359
59 65 10 91
59 66 361 144
59 67 713 346
59 68 663 136
59 69 308 379
59 70 384 141
59 71 357 412
60 52 955 101
60 54 713 104
60 62 999 45
60 63 141 212
60 64 336 82
60 65 414 380
60 66 926 316
60 67 439 52
60 68 697 125
60 69 715 23
60 70 661 50
60 71 674 254
61 53 656 311
61 62 525 324
61 63 372 66
61 64 433 246
61 65 403 68
61 66 232 96
61 67 153 186
61 68 105 33
61 69 825 349
61 70 542 180
61 71 114 411
62 63 287 293
62 64 397 11
62 65 448 155
62 66 394 120
62 68 269 368
62 69 843 383
62 70 1000 103
63 62 287 275
63 64 335 157
63 68 967 188
63 71 818 191
63 72 948 349
63 73 161 294
63 74 13 337
63 75 184 81
63 76 582 392
63 77 852 219
63 78 641 56
63 79 718 374
63 80 148 276
63 81 861 87
64 62 397 65
64 63 335 340
64 65 607 283
64 66 887 140
64 69 326 241
64 72 594 34
64 73 645 205
64 74 37 159
64 75 307 255
64 76 448 298
64 77 559 402
64 78 24 189
64 79 803 95
64 80 801 318
64 81 596 345
65 62 448 298
65 64 607 275
65 72 660 331
65 73 168 91
65 74 829 264
65 75 939 343
65 76 645 310
65 77 280 12
65 78 267 277
65 79 38 193
65 80 122 2
65 81 917 303
66 62 394 127
66 64 887 277
66 72 713 141
66 73 54 100
66 74 425 23
66 75 377 349
66 76 966 287
66 77 824 357
66 78 664 419
66 79 773 332
66 80 822 411
66 81 263 212
67 72 270 87
67 73 129 104
67 74 807 402
67 75 636 211
67 76 4 275
67 77 923 289
67 78 515 416
67 79 76 397
67 80 765 339
67 81 204 372
68 62 269 203
68 63 967 188
68 72 521 354
68 73 382 251
68 74 208 304
68 75 804 319
68 76 558 379
68 77 914 177
68 78 458 167
68 79 879 157
68 80 727 47
68 81 710 213
69 62 843 48
69 64 326 58
69 72 528 84
69 73 67 369
69 74 148 176
69 75 93 36
69 76 663 155
69 77 485 375
69 78 614 131
69 79 416 321
69 80 600 235
69 81 545 297
70 62 1000 263
70 72 794 15
70 73 975 381
70 74 82 199
70 75 118 112
70 76 701 205
70 77 8 292
70 78 339 409
70 79 256 369
70 80 637 157
70 81 899 158
71 63 818 180
71 72 85 241
71 73 199 53
71 74 198 87
71 75 350 286
71 76 952 45
71 77 508 259
71 78 945 403
71 79 46 365
71 80 895 17
71 81 971 198
72 73 434 130
72 74 443 263
72 78 642 209
72 79 156 298
73 72 434 329
73 74 419 242
73 77 543 235
73 78 39 314
73 82 476 155
73 83 527 336
73 84 508 2
73 85 451 18
73 86 7 96
73 87 189 81
73 88 406 147
73 89 638 138
73 90 84 88
73 91 267 363
74 72 443 348
74 73 419 386
74 75 873 153
74 76 71 394
74 78 600 61
74 79 217 257
74 81 684 50
74 82 991 170
74 83 320 279
74 84 597 55
74 85 492 138
74 86 136 236
74 87 444 377
74 88 346 361
74 89 646 16
74 90 276 82
74 91 239 109
75 74 873 7
75 82 414 157
75 83 607 253
75 84 579 24
75 85 49 146
75 86 412 181
75 87 759 374
75 88 841 344
75 89 939 187
75 90 514 34
75 91 424 187
76 74 71 154
76 82 466 11
76 83 662 388
76 84 308 128
76 85 984 204
76 86 310 182
76 87 193 76
76 88 702 83
76 89 626 300
76 90 746 136
76 91 150 99
77 73 543 234
77 82 346 29
77 83 854 253
77 84 769 363
77 85 430 227
77 86 414 147
77 87 734 316
77 88 810 140
77 89 863 101
77 90 154 78
77 91 319 159
78 72 642 261
78 73 39 125
78 74 600 218
78 82 933 277
78 83 495 217
78 84 929 328
78 85 994 15
78 86 374 337
78 87 871 107
78 88 508 279
78 89 751 193
78 90 943 47
78 91 327 91
79 72 156 118
79 74 217 62
79 82 540 65
79 83 749 159
79 84 165 120
79 85 58 368
79 86 339 100
79 87 24 49
79 88 804 157
79 89 150 290
79 90 881 209
79 91 69 217
80 82 587 358
80 83 485 35
80 84 791 103
80 85 814 252
80 86 659 227
80 87 222 284
80 88 904 225
80 89 797 364
80 90 526 73
80 91 721 146
81 74 684 58
81 82 793 376
81 83 110 66
81 84 225 295
81 85 255 74
81 86 298 148
81 87 405 76
81 88 42 122
81 89 423 10
81 90 918 58
81 91 648 48
82 83 346 339
82 84 586 91
82 86 289 90
82 87 720 322
82 89 80 336
83 82 346 1
83 84 249 300
83 85 386 394
83 89 863 343
83 90 797 154
83 92 195 400
83 93 376 415
83 94 583 406
83 95 210 85
83 96 770 20
83 97 393 209
83 98 934 231
83 99 45 320
83 100 332 154
83 101 380 46
84 82 586 22
84 83 249 82
84 85 703 298
84 89 979 62
84 90 626 97
84 92 458 166
84 93 407 257
84 94 335 251
84 95 118 244
84 96 202 16
84 97 451 394
84 98 260 314
84 99 351 397
84 100 659 23
84 101 756 259
85 83 386 415
85 84 703 5
85 92 761 22
85 93 249 79
85 94 490 241
85 95 858 383
85 96 11 69
85 97 52 165
85 98 297 151
85 99 231 194
85 100 935 383
85 101 357 163
86 82 289 165
86 92 206 214
86 93 253 205
86 94 511 210
86 95 641 122
86 96 257 377
86 97 755 118
86 98 785 416
86 99 500 227
86 100 653 239
86 101 833 392
87 82 720 32
87 92 811 82
87 93 402 113
87 94 265 286
87 95 22 188
87 96 591 51
87 97 755 4
87 98 293 127
87 99 903 171
87 100 914 156
87 101 486 80
88 92 999 17
88 93 470 319
88 94 367 165
88 95 38 228
88 96 245 134
88 97 908 284
88 98 583 264
88 99 690 8
88 100 398 129
88 101 673 180
89 82 80 46
89 83 863 345
89 84 979 360
89 92 735 149
89 93 529 389
89 94 673 418
89 95 713 221
89 96 571 299
89 97 302 89
89 98 229 56
89 99 399 58
89 100 199 416
89 101 26 407
90 83 797 227
90 84 626 29
90 92 857 76
90 93 118 71
90 94 398 332
90 95 957 416
90 96 515 363
90 97 705 168
90 98 720 227
90 99 548 399
90 100 167 187
90 101 892 215
91 92 627 378
91 93 948 112
91 94 761 222
91 95 760 355
91 96 692 89
91 97 883 334
91 98 168 50
91 99 277 242
91 100 686 291
91 101 433 41
92 93 487 331
92 94 180 365
92 97 927 15
92 98 372 361
92 100 573 136
93 92 487 73
93 94 726 294
93 95 519 382
93 96 756 53
93 97 640 211
93 101 53 60
93 102 242 99
93 103 683 335
93 104 388 347
93 105 226 9
93 106 4 381
93 107 990 305
93 108 379 159
93 109 34 13
93 110 264 241
93 111 942 28
94 92 180 266
94 93 726 157
94 95 250 233
94 96 86 202
94 97 633 294
94 98 671 84
94 99 862 27
94 100 701 103
94 102 514 84
94 103 221 308
94 104 496 143
94 105 301 382
94 106 790 327
94 107 6 176
94 108 332 252
94 109 218 46
94 110 789 19
94 111 117 217
95 93 519 309
95 94 250 264
95 102 512 409
95 103 113 345
95 104 96 146
95 105 411 24
95 106 570 351
95 107 339 107
95 108 129 328
95 109 520 301
95 110 700 193
95 111 812 206
96 93 756 337
96 94 86 158
96 102 132 94
96 103 694 10
96 104 526 353
96 105 246 246
96 106 5 191
96 107 258 119
96 108 776 105
96 109 116 121
96 110 879 306
96 111 469 96
97 92 927 108
97 93 640 287
97 94 633 87
97 102 369 206
97 103 614 160
97 104 818 359
97 105 787 121
97 106 858 44
97 107 359 111
97 108 747 363
97 109 670 399
97 110 891 172
97 111 258 209
98 92 372 268
98 94 671 137
98 102 276 402
98 103 304 414
98 104 856 380
98 105 860 112
98 106 81 317
98 107 85 332
98 108 554 298
98 109 232 6
98 110 807 369
98 111 720 251
99 94 862 331
99 102 631 128
99 103 909 13
99 104 251 94
99 105 145 22
99 106 462 34
99 107 355 403
99 108 983 222
99 109 445 334
99 110 897 217
99 111 573 76
100 92 573 305
100 94 701 409
100 102 211 20
100 103 628 131
100 104 168 340
100 105 490 325
100 106 137 248
100 107 532 322
100 108 345 340
100 109 415 71
100 110 53 9
100 111 47 4
101 93 53 285
101 102 75 134
101 103 47 239
101 104 980 254
101 105 38 266
101 106 615 217
101 107 774 92
101 108 392 322
101 109 143 313
101 110 578 45
101 111 983 9
102 103 432 185
102 104 603 401
102 106 921 83
102 107 886 400
102 108 367 277
102 111 62 300
103 102 432 217
103 104 569 193
103 108 502 348
103 111 846 238
103 112 788 185
103 113 842 175
103 114 536 115
103 115 349 303
103 116 473 25
103 117 241 315
103 118 39 211
103 119 486 61
103 120 779 232
103 121 729 28
104 102 603 399
104 103 569 356
104 105 907 403
104 106 733 181
104 109 772 262
104 111 267 353
104 112 325 47
104 113 781 160
104 114 910 230
104 115 139 367
104 116 959 3
104 117 175 17
104 118 263 109
104 119 637 371
104 120 246 310
104 121 855 358
105 104 907 316
105 112 209 138
105 113 780 218
105 114 316 360
105 115 692 34
105 116 599 280
105 117 640 323
105 118 363 63
105 119 688 359
105 120 314 193
105 121 322 217
106 102 921 53
106 104 733 381
106 112 543 364
106 113 775 187
106 114 95 124
106 115 316 154
106 116 695 356
106 117 677 55
106 118 892 99
106 119 409 247
106 120 524 272
106 121 565 41
107 102 886 184
107 112 155 69
107 113 941 60
107 114 574 252
107 115 183 389
107 116 375 418
107 117 376 403
107 118 618 74
107 119 903 111
107 120 310 179
107 121 685 64
108 102 367 226
108 103 502 214
108 112 664 23
108 113 431 354
108 114 576 369
108 115 436 355
108 116 959 248
108 117 425 126
108 118 598 209
108 119 371 323
108 120 143 29
108 121 663 177
109 104 772 219
109 112 472 167
109 113 330 190
109 114 193 15
109 115 98 354
109 116 63 80
109 117 768 279
109 118 966 253
109 119 352 113
109 120 35 201
109 121 821 299
110 112 311 312
110 113 509 350
110 114 804 268
110 115 299 367
110 116 609 87
110 117 945 275
110 118 777 398
110 119 817 283
110 120 401 176
110 121 147 282
111 102 62 85
111 103 846 396
111 104 267 342
111 112 488 107
111 113 17 133
111 114 225 171
111 115 773 376
111 116 132 257
111 117 928 45
111 118 363 169
111 119 715 166
111 120 650 270
111 121 81 414
112 113 986 329
112 114 725 154
112 116 966 36
112 117 821 179
112 118 531 135
112 120 182 28
113 112 986 71
113 114 47 26
113 116 982 32
113 117 104 215
113 118 384 150
113 120 985 371
113 121 98 254
113 122 421 215
113 123 413 326
113 124 898 223
113 125 185 181
113 126 724 216
113 127 836 408
113 128 721 191
113 129 12 348
113 130 895 231
113 131 774 124
114 112 725 60
114 113 47 212
114 116 715 403
114 118 71 372
114 119 862 283
114 120 169 293
114 121 293 23
114 122 851 44
114 123 998 8
114 124 237 239
114 125 606 392
114 126 145 319
114 127 128 285
114 128 277 68
114 129 887 371
114 130 467 190
114 131 567 376
115 122 201 146
115 123 983 66
115 124 927 109
115 125 77 151
115 126 625 156
115 127 591 354
115 128 615 103
115 129 339 247
115 130 256 139
115 131 928 162
116 112 966 179
116 113 982 337
116 114 715 79
116 122 979 114
116 123 246 257
116 124 537 160
116 125 440 177
116 126 78 57
116 127 885 328
116 128 842 227
116 129 331 267
116 130 482 173
116 131 488 334
117 112 821 110
117 113 104 230
117 122 300 270
117 123 966 9
117 124 717 66
117 125 222 419
117 126 6 20
117 127 602 231
117 128 810 158
117 129 332 415
117 130 576 64
117 131 718 314
118 112 531 162
118 113 384 377
118 114 71 412
118 122 641 329
118 123 566 23
118 124 235 152
118 125 687 7
118 126 980 415
118 127 510 157
118 128 864 206
118 129 716 114
118 130 988 106
118 131 728 337
119 114 862 126
119 122 326 63
119 123 577 370
119 124 895 168
119 125 765 126
119 126 815 301
119 127 380 213
119 128 202 77
119 129 548 240
119 130 309 238
119 131 801 112
120 112 182 35
120 113 985 63
120 114 169 143
120 122 735 340
120 123 767 277
120 124 10 93
120 125 177 321
120 126 392 271
120 127 971 292
120 128 253 376
120 129 836 374
120 130 238 280
120 131 339 392
121 113 98 53
121 114 293 344
121 122 436 151
121 123 367 82
121 124 903 4
121 125 161 236
121 126 867 280
121 127 280 168
121 128 857 83
121 129 209 102
121 130 347 403
121 131 499 75
122 123 366 96
122 124 779 170
122 125 272 406
122 127 96 329
122 129 309 353
123 122 366 405
123 124 924 99
123 130 617 175
123 131 547 147
123 132 881 229
123 133 775 342
123 134 459 31
123 135 352 238
123 136 450 213
123 137 171 125
123 138 792 340
123 139 771 123
123 140 975 237
123 141 423 20
124 122 779 108
124 123 924 127
124 125 692 203
124 126 564 188
124 128 309 238
124 129 938 245
124 130 381 160
124 132 406 39
124 133 942 18
124 134 973 291
124 135 867 312
124 136 31 375
124 137 239 411
124 138 817 195
124 139 589 21
124 140 830 304
124 141 761 261
125 122 272 298
125 124 692 418
125 132 259 160
125 133 552 337
125 134 954 4
125 135 219 407
125 136 703 241
125 137 979 391
125 138 755 114
125 139 600 205
125 140 599 38
125 141 576 107
126 124 564 33
126 132 297 87
126 133 8 395
126 134 907 419
126 135 406 123
126 136 824 101
126 137 611 39
126 138 166 298
126 139 546 220
126 140 585 266
126 141 239 244
127 122 96 50
127 132 127 126
127 133 949 313
127 134 642 390
127 135 546 104
127 136 994 303
127 137 305 225
127 138 65 285
127 139 609 217
127 140 580 209
127 141 980 103
128 124 309 114
128 132 800 374
128 133 872 113
128 134 684 154
128 135 809 204
128 136 258 229
128 137 831 286
128 138 610 376
128 139 919 331
128 140 138 183
128 141 486 201
129 122 309 412
129 124 938 8
129 132 134 34
129 133 23 205
129 134 561 12
129 135 664 384
129 136 636 291
129 137 163 203
129 138 943 119
129 139 279 314
129 140 821 21
129 141 49 94
130 123 617 81
130 124 381 124
130 132 514 35
130 133 644 228
130 134 169 162
130 135 980 153
130 136 657 46
130 137 853 407
130 138 432 262
130 139 422 366
130 140 212 386
130 141 958 331
131 123 547 396
131 132 165 235
131 133 105 379
131 134 468 131
131 135 86 349
131 136 873 369
131 137 90 414
131 138 474 65
131 139 627 234
131 140 417 230
131 141 140 338
132 133 427 79
132 134 15 288
132 136 629 132
132 138 292 115
132 141 244 306
133 132 427 55
133 134 223 277
133 140 331 218
133 141 551 368
133 142 795 171
133 143 267 2
133 144 503 398
133 145 153 231
133 146 592 388
133 147 192 65
133 148 847 280
133 149 833 389
133 150 830 378
133 151 230 111
134 132 15 382
134 133 223 194
134 140 110 171
134 142 934 349
134 143 678 328
134 144 450 242
134 145 729 156
134 146 1000 165
134 147 224 230
134 148 519 181
134 149 862 177
134 150 700 320
134 151 793 128
135 142 561 150
135 143 877 365
135 144 977 330
135 145 164 283
135 146 235 158
135 147 728 281
135 148 198 138
135 149 439 402
135 150 885 393
135 151 716 292
136 132 629 9
136 142 565 269
136 143 84 373
136 144 153 299
136 145 960 70
136 146 681 260
136 147 752 103
136 148 786 113
136 149 380 146
136 150 431 62
136 151 743 205
137 142 654 147
137 143 514 295
137 144 16 371
137 145 530 175
137 146 757 417
137 147 477 85
137 148 225 91
137 149 237 283
137 150 409 216
137 151 945 210
138 132 292 315
138 142 41 328
138 143 691 126
138 144 329 392
138 145 312 13
138 146 824 76
138 147 585 247
138 148 417 84
138 149 155 416
138 150 959 317
138 151 890 120
139 142 278 230
139 143 457 132
139 144 426 387
139 145 622 385
139 146 571 167
139 147 829 278
139 148 469 49
139 149 875 291
139 150 972 47
139 151 894 101
140 133 331 251
140 134 110 325
140 142 863 381
140 143 299 78
140 144 901 58
140 145 258 334
140 146 32 224
140 147 310 60
140 148 425 91
140 149 466 15
140 150 647 9
140 151 439 57
141 132 244 283
141 133 551 108
141 142 927 13
141 143 41 176
141 144 651 93
141 145 347 54
141 146 988 349
141 147 291 357
141 148 257 182
141 149 745 293
141 150 4 354
141 151 130 231
142 143 606 143
142 144 591 208
142 145 740 406
142 151 635 153
142 152 817 195
143 142 606 100
143 144 368 303
143 145 423 1
143 146 477 43
143 149 509 318
143 152 975 332
144 142 591 108
144 143 368 270
144 145 760 10
144 150 129 77
144 151 32 187
144 152 191 176
145 142 740 11
145 143 423 204
145 144 760 119
145 152 571 267
146 143 477 234
146 152 846 22
147 152 487 35
148 152 283 346
149 143 509 78
149 152 517 296
150 144 129 7
150 152 157 234
151 142 635 251
151 144 32 381
151 152 276 321
