152 1692 1 152 8 423
1 2 886 25
1 3 178 231
1 4 623 220
1 5 763 315
1 6 826 10
1 7 618 228
1 8 615 145
1 9 10 399
1 10 50 10
1 11 418 73
2 3 532 127
2 4 114 257
2 6 486 24
2 10 768 120
3 2 532 366
3 4 421 131
3 5 782 406
3 7 718 168
3 8 94 84
3 10 189 21
3 12 438 70
3 13 148 168
3 14 353 169
3 15 692 412
3 16 253 336
3 17 883 66
3 18 747 257
3 19 471 153
3 20 652 350
3 21 863 120
4 2 114 61
4 3 421 165
4 5 337 119
4 6 731 145
4 7 541 53
4 8 592 312
4 9 505 197
4 11 229 182
4 12 279 232
4 13 551 198
4 14 709 27
4 15 359 26
4 16 13 369
4 17 520 380
4 18 726 172
4 19 406 333
4 20 896 342
4 21 260 314
5 3 782 15
5 4 337 205
5 12 450 244
5 13 937 184
5 14 748 51
5 15 983 177
5 16 873 38
5 17 455 291
5 18 931 258
5 19 868 97
5 20 224 271
5 21 325 332
6 2 486 288
6 4 731 241
6 12 262 284
6 13 82 162
6 14 369 253
6 15 419 23
6 16 769 61
6 17 798 20
6 18 793 90
6 19 504 267
6 20 449 179
6 21 42 243
7 3 718 378
7 4 541 49
7 12 450 270
7 13 166 58
7 14 512 120
7 15 980 54
7 16 905 269
7 17 273 376
7 18 80 304
7 19 278 291
7 20 935 297
7 21 202 349
8 3 94 22
8 4 592 311
8 12 675 286
8 13 489 27
8 14 653 338
8 15 840 79
8 16 401 413
8 17 92 423
8 18 494 280
8 19 834 272
8 20 310 66
8 21 505 185
9 4 505 116
9 12 740 168
9 13 419 329
9 14 463 318
9 15 555 29
9 16 611 203
9 17 602 58
9 18 475 346
9 19 799 199
9 20 641 403
9 21 900 199
10 2 768 209
10 3 189 100
10 12 991 5
10 13 122 86
10 14 164 100
10 15 628 150
10 16 842 270
10 17 719 199
10 18 804 202
10 19 473 6
10 20 504 351
10 21 197 278
11 4 229 41
11 12 625 336
11 13 416 237
11 14 451 187
11 15 638 387
11 16 39 349
11 17 868 172
11 18 998 252
11 19 952 67
11 20 425 107
11 21 545 93
12 13 477 401
12 14 927 265
12 18 149 139
12 19 523 333
12 20 452 295
13 12 477 42
13 14 219 291
13 18 540 89
13 19 385 322
13 20 251 168
13 22 113 253
13 23 917 99
13 24 144 225
13 25 195 142
13 26 62 273
13 27 684 202
13 28 724 409
13 29 83 61
13 30 407 326
13 31 824 7
14 12 927 378
14 13 219 67
14 18 682 269
14 19 193 351
14 21 664 88
14 22 920 281
14 23 697 25
14 24 331 373
14 25 358 173
14 26 966 87
14 27 967 90
14 28 377 420
14 29 540 316
14 30 381 10
14 31 47 175
15 22 107 79
15 23 217 239
15 24 49 198
15 25 873 293
15 26 561 200
15 27 390 70
15 28 478 360
15 29 518 29
15 30 186 329
15 31 19 353
16 22 456 176
16 23 327 297
16 24 999 116
16 25 237 404
16 26 487 121
16 27 509 380
16 28 387 144
16 29 144 253
16 30 936 274
16 31 171 280
17 22 856 151
17 23 110 391
17 24 638 180
17 25 452 185
17 26 81 125
17 27 637 387
17 28 688 79
17 29 689 241
17 30 465 86
17 31 220 384
18 12 149 18
18 13 540 398
18 14 682 310
18 22 870 135
18 23 128 76
18 24 668 414
18 25 921 81
18 26 19 54
18 27 462 374
18 28 94 156
18 29 86 63
18 30 239 43
18 31 362 39
19 12 523 236
19 13 385 44
19 14 193 340
19 22 185 411
19 23 907 216
19 24 322 154
19 25 204 259
19 26 821 166
19 27 166 56
19 28 451 269
19 29 75 333
19 30 950 68
19 31 506 73
20 12 452 237
20 13 251 202
20 22 657 145
20 23 421 247
20 24 107 400
20 25 868 36
20 26 650 15
20 27 731 368
20 28 624 81
20 29 757 344
20 30 252 169
20 31 636 386
21 14 664 126
21 22 110 361
21 23 440 382
21 24 235 159
21 25 166 200
21 26 60 310
21 27 759 69
21 28 460 74
21 29 486 79
21 30 621 340
21 31 552 28
22 23 591 213
22 24 863 222
22 26 371 118
22 28 950 253
22 29 927 103
22 30 502 372
22 31 46 413
23 22 591 233
23 24 221 294
23 27 599 100
23 28 147 251
23 30 323 335
23 31 723 123
23 32 819 369
23 33 712 147
23 34 907 180
23 35 914 213
23 36 338 110
23 37 110 149
23 38 329 122
23 39 157 373
23 40 310 271
23 41 800 286
24 22 863 73
24 23 221 159
24 26 989 138
24 27 665 148
24 28 359 337
24 30 288 113
24 32 829 406
24 33 396 355
24 34 691 302
24 35 150 161
24 36 605 403
24 37 743 96
24 38 21 61
24 39 473 187
24 40 241 331
24 41 61 356
25 32 250 101
25 33 100 148
25 34 949 119
25 35 387 77
25 36 335 162
25 37 637 257
25 38 545 401
25 39 753 158
25 40 825 352
25 41 518 82
26 22 371 243
26 24 989 187
26 32 208 77
26 33 369 181
26 34 741 303
26 35 903 378
26 36 753 183
26 37 221 280
26 38 725 386
26 39 546 128
26 40 269 319
26 41 316 150
27 23 599 402
27 24 665 189
27 32 548 399
27 33 955 258
27 34 220 338
27 35 708 193
27 36 871 367
27 37 246 168
27 38 634 354
27 39 535 240
27 40 800 143
27 41 602 421
28 22 950 408
28 23 147 114
28 24 359 87
28 32 965 230
28 33 797 69
28 34 753 390
28 35 308 238
28 36 401 275
28 37 506 78
28 38 619 205
28 39 381 49
28 40 166 401
28 41 644 386
29 22 927 203
29 32 889 108
29 33 525 396
29 34 692 152
29 35 675 401
29 36 335 199
29 37 15 37
29 38 608 408
29 39 527 245
29 40 478 270
29 41 437 80
30 22 502 375
30 23 323 338
30 24 288 400
30 32 234 128
30 33 1000 132
30 34 36 52
30 35 211 375
30 36 372 251
30 37 458 302
30 38 36 141
30 39 657 107
30 40 590 328
30 41 718 417
31 22 46 240
31 23 723 36
31 32 620 389
31 33 335 35
31 34 836 130
31 35 850 62
31 36 662 8
31 37 508 338
31 38 464 90
31 39 124 141
31 40 970 89
31 41 506 403
32 33 640 11
32 34 754 316
32 37 68 97
32 40 570 247
32 41 668 169
33 32 640 166
33 34 242 416
33 36 334 4
33 37 592 226
33 38 419 185
33 40 890 407
33 41 19 409
33 42 202 142
33 43 191 248
33 44 738 197
33 45 855 420
33 46 179 322
33 47 191 7
33 48 77 206
33 49 565 321
33 50 921 170
33 51 415 271
34 32 754 256
34 33 242 326
34 36 192 98
34 38 219 367
34 42 186 230
34 43 259 420
34 44 130 63
34 45 504 254
34 46 23 364
34 47 847 215
34 48 429 230
34 49 767 415
34 50 190 236
34 51 624 304
35 42 187 70
35 43 377 316
35 44 230 345
35 45 165 349
35 46 614 46
35 47 791 191
35 48 983 376
35 49 337 230
35 50 677 303
35 51 9 283
36 33 334 391
36 34 192 257
36 42 321 294
36 43 205 107
36 44 686 227
36 45 366 228
36 46 996 10
36 47 75 27
36 48 233 140
36 49 403 219
36 50 25 75
36 51 191 140
37 32 68 266
37 33 592 147
37 42 199 119
37 43 63 53
37 44 200 260
37 45 308 164
37 46 533 276
37 47 261 222
37 48 408 399
37 49 766 79
37 50 512 244
37 51 187 219
38 33 419 306
38 34 219 312
38 42 459 308
38 43 635 86
38 44 693 411
38 45 870 170
38 46 220 249
38 47 240 9
38 48 1000 71
38 49 817 112
38 50 282 378
38 51 522 193
39 42 339 335
39 43 376 141
39 44 931 332
39 45 788 138
39 46 657 170
39 47 24 325
39 48 478 234
39 49 272 143
39 50 904 54
39 51 300 232
40 32 570 68
40 33 890 313
40 42 112 48
40 43 354 307
40 44 134 391
40 45 570 21
40 46 85 137
40 47 283 206
40 48 579 67
40 49 687 379
40 50 647 162
40 51 336 135
41 32 668 179
41 33 19 246
41 42 709 253
41 43 466 407
41 44 41 134
41 45 378 194
41 46 255 305
41 47 19 30
41 48 650 196
41 49 512 145
41 50 148 304
41 51 19 63
42 43 918 47
42 44 827 2
42 45 845 224
42 46 568 379
42 47 214 332
42 48 549 153
42 49 78 317
42 50 141 138
43 42 918 283
43 44 547 5
43 46 787 171
43 47 884 220
43 52 267 51
43 53 549 42
43 54 725 346
43 55 404 306
43 56 653 248
43 57 340 370
43 58 389 296
43 59 196 9
43 60 749 68
43 61 891 410
44 42 827 31
44 43 547 42
44 47 558 178
44 48 441 296
44 49 695 194
44 50 924 212
44 51 532 419
44 52 170 242
44 53 840 343
44 54 78 197
44 55 421 273
44 56 1 254
44 57 266 346
44 58 108 390
44 59 883 285
44 60 904 104
44 61 145 146
45 42 845 138
45 52 649 288
45 53 795 335
45 54 641 401
45 55 445 26
45 56 536 26
45 57 619 189
45 58 166 95
45 59 235 87
45 60 201 289
45 61 646 327
46 42 568 284
46 43 787 17
46 52 149 380
46 53 595 182
46 54 835 75
46 55 799 397
46 56 617 192
46 57 165 90
46 58 80 155
46 59 122 264
46 60 996 389
46 61 214 30
47 42 214 269
47 43 884 159
47 44 558 96
47 52 113 340
47 53 701 247
47 54 61 355
47 55 939 89
47 56 764 327
47 57 678 213
47 58 209 197
47 59 286 292
47 60 23 328
47 61 955 82
48 42 549 225
48 44 441 263
48 52 723 201
48 53 907 249
48 54 779 316
48 55 368 320
48 56 838 233
48 57 488 218
48 58 784 214
48 59 304 60
48 60 117 345
48 61 196 409
49 42 78 389
49 44 695 71
49 52 639 273
49 53 769 199
49 54 473 188
49 55 817 17
49 56 4 327
49 57 87 232
49 58 609 354
49 59 992 301
49 60 411 18
49 61 986 114
50 42 141 341
50 44 924 287
50 52 701 329
50 53 756 74
50 54 164 377
50 55 567 195
50 56 321 380
50 57 9 150
50 58 637 376
50 59 162 366
50 60 682 50
50 61 939 285
51 44 532 106
51 52 690 314
51 53 797 272
51 54 429 217
51 55 974 98
51 56 564 22
51 57 500 321
51 58 633 384
51 59 378 89
51 60 403 36
51 61 377 91
52 53 25 3
52 54 621 49
52 57 184 292
52 59 273 327
53 52 25 368
53 54 366 13
53 57 561 82
53 58 211 62
53 62 535 151
53 63 530 26
53 64 581 200
53 65 209 111
53 66 42 395
53 67 940 51
53 68 707 362
53 69 611 246
53 70 87 156
53 71 200 237
54 52 621 166
54 53 366 184
54 55 323 20
54 58 390 322
54 59 907 408
54 61 452 212
54 62 195 35
54 63 363 410
54 64 86 325
54 65 701 360
54 66 966 17
54 67 246 362
54 68 302 374
54 69 847 270
54 70 352 114
54 71 105 280
55 54 323 216
55 62 141 151
55 63 754 417
55 64 91 186
55 65 155 164
55 66 31 168
55 67 729 221
55 68 793 167
55 69 613 4
55 70 360 183
55 71 762 140
56 62 417 96
56 63 473 50
56 64 466 252
56 65 803 57
56 66 228 156
56 67 719 105
56 68 838 35
56 69 819 325
56 70 685 389
56 71 842 15
57 52 184 357
57 53 561 399
57 62 481 397
57 63 29 360
57 64 200 295
57 65 520 94
57 66 531 351
57 67 299 40
57 68 936 173
57 69 931 45
57 70 515 313
57 71 99 13
58 53 211 137
58 54 390 367
58 62 613 132
58 63 366 406
58 64 991 300
58 65 152 172
58 66 491 422
58 67 166 362
58 68 431 383
58 69 375 360
58 70 627 71
58 71 698 301
59 52 273 336
59 54 907 362
59 62 188 10
59 63 337 370
59 64 124 320
59 65 104 361
59 66 481 58
59 67 666 158
59 68 530 380
59 69 846 146
59 70 858 141
59 71 309 279
60 62 754 47
60 63 703 11
60 64 13 225
60 65 723 7
60 66 795 126
60 67 107 70
60 68 25 92
60 69 504 313
60 70 806 123
60 71 594 232
61 54 452 200
61 62 225 370
61 63 133 327
61 64 395 145
61 65 913 45
61 66 477 263
61 67 520 152
61 68 124 93
61 69 998 260
61 70 246 271
61 71 15 304
62 63 730 77
62 64 349 275
62 67 92 386
62 68 824 185
62 71 752 280
63 62 730 234
63 64 924 1
63 65 751 151
63 66 116 316
63 67 912 50
63 68 602 293
63 69 666 307
63 71 537 392
63 72 482 130
63 73 987 418
63 74 267 155
63 75 292 216
63 76 767 350
63 77 738 191
63 78 483 127
63 79 549 405
63 80 431 294
63 81 502 379
64 62 349 71
64 63 924 225
64 65 425 102
64 67 951 254
64 69 20 80
64 70 981 373
64 71 349 246
64 72 449 165
64 73 523 113
64 74 377 345
64 75 943 23
64 76 49 63
64 77 790 29
64 78 866 154
64 79 937 388
64 80 9 240
64 81 951 211
65 63 751 92
65 64 425 340
65 72 341 27
65 73 96 106
65 74 293 18
65 75 401 310
65 76 78 99
65 77 304 102
65 78 584 11
65 79 136 334
65 80 151 199
65 81 174 69
66 63 116 141
66 72 776 285
66 73 843 210
66 74 549 392
66 75 335 216
66 76 807 167
66 77 421 145
66 78 149 153
66 79 803 239
66 80 318 256
66 81 615 136
67 62 92 19
67 63 912 327
67 64 951 419
67 72 894 28
67 73 759 420
67 74 284 160
67 75 307 335
67 76 290 159
67 77 169 36
67 78 520 241
67 79 66 111
67 80 313 39
67 81 301 254
68 62 824 189
68 63 602 363
68 72 184 375
68 73 275 340
68 74 876 236
68 75 226 154
68 76 36 408
68 77 303 127
68 78 919 133
68 79 112 423
68 80 51 173
68 81 682 260
69 63 666 181
69 64 20 373
69 72 728 141
69 73 246 184
69 74 361 338
69 75 773 401
69 76 604 224
69 77 417 360
69 78 577 391
69 79 602 98
69 80 280 213
69 81 259 388
70 64 981 90
70 72 6 31
70 73 655 217
70 74 229 276
70 75 947 18
70 76 53 205
70 77 312 252
70 78 564 344
70 79 813 100
70 80 176 247
70 81 557 326
71 62 752 347
71 63 537 56
71 64 349 388
71 72 214 207
71 73 539 146
71 74 145 250
71 75 376 223
71 76 444 419
71 77 197 410
71 78 179 388
71 79 533 77
71 80 731 414
71 81 869 239
72 73 134 58
72 74 347 105
72 75 85 256
72 81 999 239
73 72 134 39
73 74 979 357
73 75 167 420
73 76 223 100
73 78 919 299
73 79 76 318
73 80 33 305
73 81 949 47
73 82 678 183
73 83 375 118
73 84 298 88
73 85 873 91
73 86 885 414
73 87 850 77
73 88 574 159
73 89 866 194
73 90 546 18
73 91 724 41
74 72 347 409
74 73 979 90
74 77 127 133
74 82 574 119
74 83 101 324
74 84 49 298
74 85 321 100
74 86 372 105
74 87 347 230
74 88 921 89
74 89 495 81
74 90 865 350
74 91 191 354
75 72 85 10
75 73 167 252
75 82 811 74
75 83 631 297
75 84 439 175
75 85 474 323
75 86 666 344
75 87 286 86
75 88 220 183
75 89 415 142
75 90 480 177
75 91 613 150
76 73 223 145
76 82 107 112
76 83 927 171
76 84 262 131
76 85 990 71
76 86 804 344
76 87 943 199
76 88 783 413
76 89 738 323
76 90 180 5
76 91 176 199
77 74 127 157
77 82 736 163
77 83 57 150
77 84 890 64
77 85 918 300
77 86 426 112
77 87 492 51
77 88 573 253
77 89 63 78
77 90 946 343
77 91 716 299
78 73 919 24
78 82 970 181
78 83 99 403
78 84 399 199
78 85 658 91
78 86 608 75
78 87 852 376
78 88 778 311
78 89 856 278
78 90 19 365
78 91 538 333
79 73 76 304
79 82 90 204
79 83 774 98
79 84 833 221
79 85 104 116
79 86 5 377
79 87 895 250
79 88 125 344
79 89 934 229
79 90 633 166
79 91 60 19
80 73 33 386
80 82 233 77
80 83 595 402
80 84 160 20
80 85 896 170
80 86 535 4
80 87 830 244
80 88 477 151
80 89 140 287
80 90 313 3
80 91 673 88
81 72 999 311
81 73 949 255
81 82 780 277
81 83 814 247
81 84 744 164
81 85 489 242
81 86 532 352
81 87 829 107
81 88 40 340
81 89 481 407
81 90 373 155
81 91 161 207
82 83 306 66
82 84 352 158
82 86 869 45
82 87 744 275
82 88 644 165
82 89 755 44
82 91 987 27
83 82 306 369
83 84 626 130
83 86 384 216
83 87 79 114
83 88 196 310
83 89 697 16
83 90 53 28
83 92 182 293
83 93 527 372
83 94 984 125
83 95 305 128
83 96 847 338
83 97 490 96
83 98 798 363
83 99 130 264
83 100 644 307
83 101 479 44
84 82 352 349
84 83 626 215
84 88 120 120
84 90 343 270
84 92 360 132
84 93 986 378
84 94 560 239
84 95 752 413
84 96 510 133
84 97 138 221
84 98 84 4
84 99 245 106
84 100 828 168
84 101 401 191
85 92 998 364
85 93 106 200
85 94 811 121
85 95 730 84
85 96 966 97
85 97 897 410
85 98 153 150
85 99 519 382
85 100 462 357
85 101 914 246
86 82 869 277
86 83 384 349
86 92 560 13
86 93 138 387
86 94 180 162
86 95 6 321
86 96 138 246
86 97 951 305
86 98 516 145
86 99 411 159
86 100 674 403
86 101 328 315
87 82 744 356
87 83 79 315
87 92 262 276
87 93 523 225
87 94 370 307
87 95 991 41
87 96 428 319
87 97 113 341
87 98 77 296
87 99 958 65
87 100 106 54
87 101 835 243
88 82 644 139
88 83 196 157
88 84 120 375
88 92 807 316
88 93 37 219
88 94 920 270
88 95 761 134
88 96 389 176
88 97 985 2
88 98 364 193
88 99 145 95
88 100 965 104
88 101 135 348
89 82 755 80
89 83 697 339
89 92 653 205
89 93 940 303
89 94 732 251
89 95 214 376
89 96 942 103
89 97 499 380
89 98 555 390
89 99 872 413
89 100 572 59
89 101 233 306
90 83 53 359
90 84 343 412
90 92 560 6
90 93 871 145
90 94 526 316
90 95 450 326
90 96 773 275
90 97 443 263
90 98 504 150
90 99 621 396
90 100 332 247
90 101 11 396
91 82 987 139
91 92 227 363
91 93 40 74
91 94 262 112
91 95 739 264
91 96 262 164
91 97 279 347
91 98 291 240
91 99 339 109
91 100 875 13
91 101 10 177
92 93 870 110
92 94 199 62
92 95 589 128
92 97 368 169
92 98 247 159
92 99 611 230
93 92 870 379
93 94 347 418
93 95 73 80
93 97 59 157
93 101 704 336
93 102 878 46
93 103 595 347
93 104 210 288
93 105 574 82
93 106 824 74
93 107 157 335
93 108 660 243
93 109 30 181
93 110 181 13
93 111 781 23
94 92 199 219
94 93 347 296
94 96 546 112
94 98 139 324
94 99 141 266
94 102 291 278
94 103 295 173
94 104 618 410
94 105 892 342
94 106 983 156
94 107 491 262
94 108 153 63
94 109 572 158
94 110 36 402
94 111 51 254
95 92 589 60
95 93 73 39
95 102 469 287
95 103 63 119
95 104 329 102
95 105 180 334
95 106 840 66
95 107 150 302
95 108 386 57
95 109 420 20
95 110 535 345
95 111 422 356
96 94 546 297
96 102 759 319
96 103 250 349
96 104 680 289
96 105 430 257
96 106 754 363
96 107 498 166
96 108 2 167
96 109 67 389
96 110 429 325
96 111 854 320
97 92 368 230
97 93 59 115
97 102 986 152
97 103 614 130
97 104 808 278
97 105 891 391
97 106 584 334
97 107 939 4
97 108 304 322
97 109 814 184
97 110 190 12
97 111 156 220
98 92 247 280
98 94 139 302
98 102 425 405
98 103 741 68
98 104 138 142
98 105 869 23
98 106 162 3
98 107 290 319
98 108 85 270
98 109 815 79
98 110 826 252
98 111 736 284
99 92 611 365
99 94 141 99
99 102 460 409
99 103 99 292
99 104 578 406
99 105 905 257
99 106 270 129
99 107 944 4
99 108 511 192
99 109 572 105
99 110 187 233
99 111 325 387
100 102 451 120
100 103 147 139
100 104 510 288
100 105 540 196
100 106 453 405
100 107 280 202
100 108 298 23
100 109 160 265
100 110 757 292
100 111 930 129
101 93 704 222
101 102 552 134
101 103 37 16
101 104 203 293
101 105 2 373
101 106 850 399
101 107 82 27
101 108 166 83
101 109 429 241
101 110 554 206
101 111 685 307
102 103 141 274
102 104 847 347
102 105 660 12
102 107 735 344
102 108 35 37
102 109 533 327
102 111 134 123
103 102 141 380
103 104 185 190
103 107 74 256
103 112 676 111
103 113 373 385
103 114 793 422
103 115 882 31
103 116 144 245
103 117 843 13
103 118 303 133
103 119 358 320
103 120 471 387
103 121 526 52
104 102 847 391
104 103 185 22
104 105 977 127
104 108 253 274
104 109 335 158
104 111 948 345
104 112 793 223
104 113 133 134
104 114 582 316
104 115 686 78
104 116 865 227
104 117 474 337
104 118 254 82
104 119 269 266
104 120 876 130
104 121 195 217
105 102 660 70
105 104 977 99
105 112 252 129
105 113 164 284
105 114 328 186
105 115 405 167
105 116 313 199
105 117 845 173
105 118 271 420
105 119 714 357
105 120 422 193
105 121 84 42
106 112 274 183
106 113 922 138
106 114 433 203
106 115 875 418
106 116 604 216
106 117 428 413
106 118 464 252
106 119 928 9
106 120 555 34
106 121 971 39
107 102 735 421
107 103 74 51
107 112 602 242
107 113 98 155
107 114 150 96
107 115 457 119
107 116 533 271
107 117 131 185
107 118 685 205
107 119 309 118
107 120 210 153
107 121 365 91
108 102 35 162
108 104 253 234
108 112 731 351
108 113 60 305
108 114 675 92
108 115 372 48
108 116 446 161
108 117 240 58
108 118 481 257
108 119 211 210
108 120 356 379
108 121 276 194
109 102 533 113
109 104 335 378
109 112 344 207
109 113 827 347
109 114 39 260
109 115 273 34
109 116 181 58
109 117 455 127
109 118 248 371
109 119 235 375
109 120 77 156
109 121 658 306
110 112 845 144
110 113 432 47
110 114 494 193
110 115 960 193
110 116 87 28
110 117 518 166
110 118 720 331
110 119 706 210
110 120 594 138
110 121 721 344
111 102 134 91
111 104 948 193
111 112 511 99
111 113 536 262
111 114 434 245
111 115 94 367
111 116 657 293
111 117 883 52
111 118 239 144
111 119 796 171
111 120 453 200
111 121 374 336
112 113 827 401
112 114 801 376
112 117 985 218
112 118 329 124
112 121 778 333
113 112 827 341
113 114 297 343
113 115 244 82
113 117 89 368
113 118 255 175
113 121 811 321
113 122 893 165
113 123 234 406
113 124 399 403
113 125 798 252
113 126 656 237
113 127 330 102
113 128 162 194
113 129 641 423
113 130 488 286
113 131 884 72
114 112 801 150
114 113 297 416
114 115 41 135
114 118 32 167
114 121 445 104
114 122 937 101
114 123 948 370
114 124 194 53
114 125 856 313
114 126 344 352
114 127 855 397
114 128 840 162
114 129 254 391
114 130 582 280
114 131 147 349
115 113 244 97
115 114 41 241
115 122 939 158
115 123 492 179
115 124 895 93
115 125 301 340
115 126 287 207
115 127 418 246
115 128 790 350
115 129 68 420
115 130 40 274
115 131 108 352
116 122 994 81
116 123 463 371
116 124 24 9
116 125 837 104
116 126 891 186
116 127 767 55
116 128 549 30
116 129 965 175
116 130 577 47
116 131 596 418
117 112 985 388
117 113 89 329
117 122 373 109
117 123 219 317
117 124 426 176
117 125 455 60
117 126 732 10
117 127 693 131
117 128 158 307
117 129 539 93
117 130 592 239
117 131 430 94
118 112 329 287
118 113 255 177
118 114 32 118
118 122 667 156
118 123 11 320
118 124 730 194
118 125 597 208
118 126 689 172
118 127 298 5
118 128 57 41
118 129 154 152
118 130 394 350
118 131 179 286
119 122 474 366
119 123 367 300
119 124 75 145
119 125 668 411
119 126 265 59
119 127 707 220
119 128 223 143
119 129 77 340
119 130 1 343
119 131 402 291
120 122 797 387
120 123 617 81
120 124 676 392
120 125 778 206
120 126 435 95
120 127 932 399
120 128 457 108
120 129 379 56
120 130 790 105
120 131 597 287
121 112 778 112
121 113 811 49
121 114 445 211
121 122 304 299
121 123 8 41
121 124 570 117
121 125 920 251
121 126 36 40
121 127 696 203
121 128 862 43
121 129 493 309
121 130 52 148
121 131 518 56
122 123 286 198
122 124 892 146
122 127 479 169
122 128 862 128
122 129 851 417
122 130 809 39
122 131 536 317
123 122 286 304
123 124 653 300
123 125 377 150
123 131 435 344
123 132 682 8
123 133 984 118
123 134 895 92
123 135 621 136
123 136 166 382
123 137 608 359
123 138 260 45
123 139 270 280
123 140 880 59
123 141 520 266
124 122 892 53
124 123 653 403
124 125 333 67
124 127 61 312
124 129 216 183
124 132 766 74
124 133 312 149
124 134 91 13
124 135 560 25
124 136 291 309
124 137 385 358
124 138 499 189
124 139 404 113
124 140 226 95
124 141 928 176
125 123 377 263
125 124 333 88
125 132 641 315
125 133 598 108
125 134 661 266
125 135 264 308
125 136 620 285
125 137 990 218
125 138 834 241
125 139 206 314
125 140 700 353
125 141 243 418
126 132 775 371
126 133 655 58
126 134 957 247
126 135 198 215
126 136 466 366
126 137 872 416
126 138 347 312
126 139 967 372
126 140 275 62
126 141 515 202
127 122 479 378
127 124 61 28
127 132 204 158
127 133 104 393
127 134 968 393
127 135 872 148
127 136 965 206
127 137 277 66
127 138 861 122
127 139 939 197
127 140 715 148
127 141 787 395
128 122 862 400
128 132 58 326
128 133 605 201
128 134 418 325
128 135 986 73
128 136 380 185
128 137 695 85
128 138 545 399
128 139 799 212
128 140 821 312
128 141 655 72
129 122 851 306
129 124 216 328
129 132 355 120
129 133 740 323
129 134 787 387
129 135 448 66
129 136 49 18
129 137 677 74
129 138 154 152
129 139 495 237
129 140 504 363
129 141 418 329
130 122 809 145
130 132 340 320
130 133 614 130
130 134 55 250
130 135 886 287
130 136 867 83
130 137 815 412
130 138 254 300
130 139 718 122
130 140 720 7
130 141 388 5
131 122 536 253
131 123 435 237
131 132 703 371
131 133 683 187
131 134 71 354
131 135 852 110
131 136 479 22
131 137 618 35
131 138 425 72
131 139 48 196
131 140 508 380
131 141 433 84
132 133 600 103
132 134 48 95
132 135 549 145
132 138 173 392
132 139 14 110
132 141 184 57
133 132 600 52
133 134 993 119
133 135 921 56
133 136 551 191
133 141 486 30
133 142 104 89
133 143 720 190
133 144 519 179
133 145 787 143
133 146 340 343
133 147 698 238
133 148 88 20
133 149 672 51
133 150 714 157
133 151 258 130
134 132 48 46
134 133 993 398
134 135 669 89
134 136 190 247
134 139 572 27
134 140 735 179
134 141 97 138
134 142 839 140
134 143 400 126
134 144 69 294
134 145 456 321
134 146 448 413
134 147 600 297
134 148 59 318
134 149 667 95
134 150 444 175
134 151 84 394
135 132 549 254
135 133 921 169
135 134 669 74
135 142 980 175
135 143 970 96
135 144 583 358
135 145 158 338
135 146 616 157
135 147 750 240
135 148 151 351
135 149 356 137
135 150 339 60
135 151 532 360
136 133 551 408
136 134 190 252
136 142 171 77
136 143 756 380
136 144 460 263
136 145 289 256
136 146 503 306
136 147 657 277
136 148 609 48
136 149 450 392
136 150 283 2
136 151 456 306
137 142 294 154
137 143 623 39
137 144 516 391
137 145 565 55
137 146 423 234
137 147 388 237
137 148 253 233
137 149 537 108
137 150 489 17
137 151 792 313
138 132 173 162
138 142 865 221
138 143 357 222
138 144 520 13
138 145 430 120
138 146 399 120
138 147 621 123
138 148 323 289
138 149 71 326
138 150 165 410
138 151 206 11
139 132 14 409
139 134 572 211
139 142 998 284
139 143 419 209
139 144 612 121
139 145 42 393
139 146 417 191
139 147 155 305
139 148 268 105
139 149 366 363
139 150 476 248
139 151 419 306
140 134 735 128
140 142 802 390
140 143 572 56
140 144 429 325
140 145 363 329
140 146 302 163
140 147 284 367
140 148 727 99
140 149 281 43
140 150 948 79
140 151 896 417
141 132 184 290
141 133 486 344
141 134 97 150
141 142 185 57
141 143 590 411
141 144 381 292
141 145 44 278
141 146 283 419
141 147 139 173
141 148 330 207
141 149 480 114
141 150 889 220
141 151 956 17
142 143 119 262
142 144 526 295
142 145 902 261
142 147 955 232
142 148 11 253
142 149 397 177
142 151 798 112
142 152 660 382
143 142 119 115
143 144 332 246
143 146 809 105
143 147 277 420
143 148 150 195
143 152 842 396
144 142 526 89
144 143 332 297
144 146 73 273
144 152 639 45
145 142 902 65
145 152 607 324
146 143 809 180
146 144 73 80
146 152 956 52
147 142 955 405
147 143 277 147
147 152 63 336
148 142 11 219
148 143 150 45
148 152 972 90
149 142 397 187
149 152 601 1
150 152 669 151
151 142 798 71
151 152 863 366
