152 1690 1 152 8 422
1 2 536 163
1 3 111 193
1 4 494 246
1 5 102 65
1 6 923 363
1 7 342 68
1 8 232 280
1 9 15 373
1 10 852 166
1 11 139 311
2 3 823 174
2 4 662 359
2 6 33 374
3 2 823 242
3 4 379 270
3 6 571 138
3 7 437 71
3 9 239 389
3 10 973 329
3 11 712 375
3 12 84 383
3 13 451 58
3 14 550 297
3 15 698 194
3 16 479 14
3 17 161 119
3 18 69 127
3 19 162 76
3 20 412 224
3 21 820 281
4 2 662 140
4 3 379 402
4 6 319 162
4 7 159 216
4 9 961 392
4 10 970 323
4 11 880 186
4 12 692 359
4 13 768 87
4 14 322 48
4 15 358 380
4 16 209 292
4 17 819 145
4 18 426 146
4 19 468 283
4 20 341 118
4 21 687 200
5 12 751 250
5 13 122 259
5 14 408 373
5 15 220 51
5 16 778 171
5 17 939 318
5 18 942 45
5 19 338 349
5 20 59 33
5 21 255 205
6 2 33 76
6 3 571 180
6 4 319 241
6 12 541 374
6 13 637 381
6 14 853 49
6 15 519 409
6 16 981 195
6 17 190 9
6 18 442 90
6 19 297 216
6 20 753 169
6 21 370 86
7 3 437 161
7 4 159 202
7 12 602 154
7 13 481 43
7 14 543 188
7 15 296 301
7 16 248 241
7 17 25 415
7 18 696 224
7 19 698 275
7 20 274 54
7 21 49 11
8 12 751 256
8 13 220 38
8 14 977 413
8 15 736 107
8 16 883 269
8 17 999 305
8 18 132 29
8 19 970 260
8 20 144 245
8 21 529 145
9 3 239 114
9 4 961 231
9 12 639 335
9 13 225 358
9 14 921 248
9 15 969 264
9 16 221 73
9 17 403 327
9 18 481 364
9 19 779 211
9 20 337 145
9 21 77 412
10 3 973 390
10 4 970 33
10 12 892 68
10 13 300 303
10 14 774 68
10 15 431 399
10 16 642 192
10 17 994 93
10 18 665 246
10 19 928 244
10 20 273 146
10 21 761 379
11 3 712 99
11 4 880 163
11 12 303 51
11 13 92 171
11 14 577 79
11 15 162 33
11 16 309 393
11 17 531 365
11 18 994 162
11 19 514 286
11 20 132 284
11 21 375 149
12 13 768 193
12 14 440 117
12 15 181 88
12 17 860 398
12 18 703 87
13 12 768 247
13 14 49 373
13 16 712 312
13 19 604 29
13 20 385 18
13 22 218 106
13 23 171 271
13 24 768 188
13 25 417 287
13 26 832 13
13 27 200 129
13 28 718 296
13 29 115 158
13 30 490 24
13 31 547 305
14 12 440 186
14 13 49 82
14 18 986 384
14 21 706 80
14 22 493 145
14 23 409 157
14 24 161 362
14 25 855 135
14 26 139 97
14 27 88 144
14 28 1 223
14 29 849 74
14 30 331 296
14 31 826 87
15 12 181 21
15 22 807 240
15 23 128 239
15 24 862 384
15 25 334 334
15 26 955 75
15 27 255 187
15 28 281 150
15 29 109 302
15 30 731 62
15 31 724 383
16 13 712 362
16 22 513 141
16 23 632 135
16 24 246 140
16 25 532 351
16 26 791 141
16 27 376 390
16 28 807 217
16 29 880 258
16 30 727 270
16 31 269 275
17 12 860 116
17 22 720 71
17 23 272 241
17 24 602 409
17 25 493 232
17 26 745 39
17 27 64 336
17 28 289 403
17 29 213 94
17 30 40 169
17 31 461 77
18 12 703 128
18 14 986 225
18 22 523 259
18 23 792 160
18 24 347 60
18 25 550 69
18 26 451 200
18 27 102 277
18 28 953 398
18 29 466 281
18 30 785 163
18 31 786 345
19 13 604 60
19 22 868 374
19 23 101 132
19 24 259 334
19 25 369 80
19 26 83 296
19 27 996 102
19 28 967 223
19 29 617 304
19 30 37 209
19 31 295 164
20 13 385 235
20 22 992 138
20 23 812 127
20 24 768 325
20 25 475 109
20 26 340 374
20 27 738 138
20 28 859 237
20 29 828 170
20 30 382 349
20 31 597 337
21 14 706 386
21 22 499 215
21 23 593 102
21 24 708 146
21 25 237 220
21 26 70 70
21 27 716 114
21 28 612 85
21 29 513 339
21 30 556 153
21 31 666 82
22 23 621 183
22 24 368 358
22 25 989 370
22 26 99 188
22 28 351 295
23 22 621 124
23 24 917 284
23 26 600 310
23 27 183 362
23 29 260 260
23 31 206 304
23 32 425 377
23 33 979 203
23 34 177 162
23 35 232 94
23 36 721 188
23 37 421 327
23 38 434 213
23 39 562 335
23 40 737 87
23 41 200 186
24 22 368 184
24 23 917 219
24 30 891 139
24 32 235 417
24 33 677 275
24 34 956 190
24 35 371 412
24 36 746 411
24 37 795 116
24 38 127 136
24 39 780 89
24 40 866 173
24 41 884 154
25 22 989 305
25 32 114 217
25 33 986 178
25 34 694 379
25 35 679 80
25 36 505 399
25 37 941 42
25 38 652 230
25 39 87 340
25 40 900 198
25 41 480 215
26 22 99 4
26 23 600 170
26 32 283 321
26 33 300 314
26 34 507 406
26 35 218 270
26 36 42 100
26 37 996 191
26 38 216 176
26 39 417 260
26 40 438 17
26 41 796 51
27 23 183 148
27 32 269 142
27 33 171 378
27 34 290 106
27 35 444 340
27 36 511 237
27 37 465 57
27 38 53 304
27 39 702 203
27 40 272 39
27 41 610 139
28 22 351 143
28 32 433 44
28 33 985 212
28 34 899 152
28 35 626 98
28 36 260 342
28 37 92 122
28 38 790 413
28 39 81 350
28 40 385 141
28 41 245 386
29 23 260 410
29 32 191 347
29 33 619 75
29 34 523 301
29 35 725 263
29 36 80 146
29 37 99 100
29 38 782 147
29 39 676 358
29 40 527 221
29 41 122 84
30 24 891 176
30 32 899 180
30 33 906 361
30 34 621 278
30 35 164 316
30 36 93 7
30 37 449 19
30 38 958 62
30 39 201 277
30 40 804 395
30 41 48 231
31 23 206 113
31 32 428 414
31 33 852 49
31 34 297 81
31 35 761 242
31 36 338 249
31 37 144 250
31 38 122 142
31 39 13 212
31 40 429 177
31 41 217 290
32 33 192 20
32 34 220 202
32 35 256 351
32 36 409 323
32 40 386 90
32 41 665 62
33 32 192 17
33 34 337 370
33 40 209 176
33 42 850 31
33 43 937 377
33 44 716 336
33 45 87 251
33 46 58 154
33 47 158 100
33 48 892 48
33 49 979 215
33 50 370 156
33 51 110 32
34 32 220 370
34 33 337 9
34 37 978 347
34 39 793 378
34 42 108 100
34 43 141 124
34 44 845 277
34 45 943 366
34 46 293 104
34 47 758 18
34 48 792 241
34 49 627 79
34 50 59 348
34 51 48 169
35 32 256 155
35 42 955 31
35 43 297 45
35 44 836 17
35 45 606 229
35 46 234 146
35 47 560 143
35 48 977 195
35 49 143 276
35 50 110 158
35 51 910 170
36 32 409 138
36 42 431 231
36 43 6 102
36 44 196 13
36 45 264 284
36 46 640 139
36 47 694 413
36 48 97 97
36 49 419 210
36 50 510 296
36 51 801 334
37 34 978 394
37 42 993 2
37 43 679 414
37 44 35 326
37 45 940 387
37 46 471 23
37 47 231 115
37 48 409 405
37 49 439 24
37 50 368 259
37 51 914 219
38 42 25 62
38 43 827 105
38 44 14 121
38 45 943 145
38 46 150 229
38 47 695 293
38 48 473 331
38 49 110 304
38 50 823 222
38 51 298 140
39 34 793 308
39 42 597 284
39 43 143 81
39 44 823 314
39 45 385 295
39 46 161 378
39 47 775 384
39 48 10 33
39 49 707 372
39 50 695 154
39 51 328 125
40 32 386 335
40 33 209 128
40 42 752 140
40 43 663 316
40 44 578 267
40 45 603 76
40 46 590 160
40 47 701 84
40 48 946 86
40 49 477 139
40 50 687 315
40 51 950 195
41 32 665 177
41 42 194 169
41 43 190 380
41 44 439 299
41 45 34 214
41 46 929 336
41 47 805 236
41 48 436 359
41 49 434 323
41 50 184 225
41 51 891 116
42 43 791 104
42 44 164 76
42 45 201 316
42 46 241 400
42 49 700 165
42 50 808 409
42 51 535 288
43 42 791 362
43 44 422 82
43 45 518 415
43 46 96 309
43 47 358 381
43 48 62 37
43 49 950 373
43 50 963 107
43 52 91 244
43 53 829 239
43 54 876 78
43 55 625 368
43 56 141 413
43 57 536 145
43 58 605 108
43 59 451 419
43 60 221 117
43 61 114 125
44 42 164 166
44 43 422 250
44 50 10 315
44 52 272 358
44 53 754 386
44 54 430 225
44 55 766 310
44 56 717 359
44 57 92 284
44 58 668 104
44 59 673 360
44 60 696 307
44 61 650 196
45 42 201 92
45 43 518 317
45 52 727 3
45 53 172 315
45 54 165 233
45 55 128 132
45 56 97 259
45 57 647 220
45 58 807 249
45 59 473 204
45 60 228 335
45 61 368 139
46 42 241 253
46 43 96 416
46 52 186 142
46 53 253 316
46 54 427 253
46 55 460 233
46 56 60 65
46 57 446 342
46 58 334 181
46 59 298 223
46 60 14 253
46 61 765 297
47 43 358 364
47 52 584 236
47 53 224 261
47 54 761 404
47 55 737 389
47 56 720 221
47 57 787 108
47 58 579 167
47 59 412 121
47 60 567 66
47 61 917 416
48 43 62 395
48 52 666 47
48 53 193 388
48 54 536 275
48 55 832 167
48 56 830 393
48 57 555 375
48 58 306 388
48 59 996 301
48 60 516 212
48 61 853 197
49 42 700 319
49 43 950 377
49 52 566 348
49 53 501 404
49 54 169 262
49 55 914 225
49 56 178 35
49 57 169 330
49 58 876 150
49 59 91 53
49 60 484 58
49 61 744 31
50 42 808 121
50 43 963 357
50 44 10 417
50 52 53 335
50 53 276 89
50 54 70 20
50 55 498 294
50 56 404 251
50 57 911 223
50 58 601 170
50 59 820 173
50 60 283 106
50 61 525 396
51 42 535 297
51 52 564 401
51 53 194 191
51 54 181 96
51 55 97 171
51 56 782 300
51 57 450 328
51 58 611 273
51 59 117 16
51 60 108 311
51 61 895 259
52 53 787 390
52 54 802 220
52 55 632 28
52 57 509 115
52 58 366 93
52 59 336 114
53 52 787 304
53 54 304 365
53 56 805 234
53 59 586 421
53 60 5 26
53 62 862 401
53 63 152 359
53 64 196 330
53 65 980 157
53 66 763 282
53 67 856 324
53 68 384 164
53 69 785 255
53 70 43 336
53 71 570 208
54 52 802 193
54 53 304 277
54 55 276 357
54 57 629 79
54 60 60 359
54 62 367 379
54 63 421 361
54 64 679 194
54 65 255 102
54 66 654 406
54 67 381 325
54 68 989 79
54 69 202 350
54 70 793 47
54 71 629 108
55 52 632 74
55 54 276 157
55 62 252 396
55 63 30 156
55 64 835 324
55 65 477 322
55 66 151 359
55 67 194 229
55 68 578 108
55 69 365 219
55 70 819 86
55 71 355 106
56 53 805 221
56 62 11 42
56 63 813 231
56 64 270 9
56 65 728 200
56 66 739 173
56 67 887 42
56 68 37 323
56 69 139 130
56 70 435 84
56 71 544 322
57 52 509 10
57 54 629 1
57 62 192 124
57 63 125 301
57 64 727 26
57 65 188 89
57 66 894 4
57 67 708 378
57 68 531 95
57 69 8 92
57 70 510 402
57 71 590 351
58 52 366 102
58 62 123 84
58 63 957 91
58 64 286 395
58 65 109 53
58 66 343 29
58 67 451 412
58 68 230 72
58 69 923 137
58 70 169 347
58 71 879 55
59 52 336 275
59 53 586 21
59 62 864 403
59 63 732 86
59 64 958 340
59 65 43 319
59 66 996 213
59 67 906 232
59 68 632 7
59 69 610 162
59 70 903 203
59 71 459 373
60 53 5 100
60 54 60 302
60 62 572 27
60 63 547 249
60 64 250 142
60 65 143 19
60 66 153 178
60 67 573 138
60 68 812 172
60 69 315 391
60 70 214 283
60 71 174 155
61 62 33 221
61 63 819 375
61 64 401 73
61 65 94 15
61 66 452 125
61 67 492 352
61 68 443 415
61 69 981 350
61 70 142 37
61 71 583 158
62 63 55 3
62 64 412 239
62 65 445 314
62 67 876 194
62 70 89 115
63 62 55 93
63 64 676 186
63 66 61 401
63 69 424 18
63 71 707 8
63 72 372 317
63 73 736 223
63 74 993 54
63 75 529 237
63 76 984 247
63 77 763 383
63 78 988 94
63 79 852 260
63 80 796 389
63 81 374 91
64 62 412 354
64 63 676 66
64 65 437 4
64 68 122 144
64 70 797 217
64 71 772 151
64 72 267 66
64 73 941 26
64 74 748 205
64 75 104 323
64 76 237 46
64 77 452 86
64 78 314 131
64 79 477 51
64 80 263 95
64 81 929 355
65 62 445 45
65 64 437 128
65 72 778 337
65 73 211 155
65 74 599 92
65 75 641 216
65 76 768 374
65 77 726 179
65 78 669 406
65 79 75 1
65 80 85 410
65 81 578 295
66 63 61 68
66 72 245 76
66 73 186 129
66 74 845 208
66 75 927 175
66 76 292 265
66 77 755 312
66 78 5 167
66 79 954 405
66 80 751 32
66 81 681 166
67 62 876 236
67 72 621 204
67 73 91 117
67 74 558 37
67 75 554 383
67 76 192 411
67 77 466 362
67 78 752 40
67 79 131 87
67 80 868 31
67 81 365 52
68 64 122 268
68 72 808 369
68 73 686 74
68 74 7 374
68 75 388 324
68 76 805 113
68 77 983 220
68 78 601 214
68 79 748 78
68 80 629 296
68 81 258 327
69 63 424 275
69 72 625 13
69 73 466 291
69 74 366 358
69 75 640 284
69 76 998 276
69 77 824 291
69 78 884 272
69 79 140 113
69 80 954 201
69 81 857 410
70 62 89 13
70 64 797 290
70 72 67 21
70 73 798 47
70 74 184 330
70 75 702 306
70 76 349 262
70 77 507 409
70 78 824 192
70 79 478 298
70 80 923 355
70 81 9 31
71 63 707 195
71 64 772 26
71 72 973 298
71 73 923 84
71 74 110 55
71 75 514 154
71 76 611 160
71 77 413 225
71 78 374 421
71 79 313 119
71 80 21 242
71 81 600 12
72 73 479 133
72 74 158 64
72 75 166 38
72 77 421 303
72 80 749 334
72 81 314 177
73 72 479 106
73 74 305 394
73 75 219 97
73 78 573 293
73 79 879 131
73 80 716 330
73 82 719 410
73 83 801 399
73 84 235 357
73 85 492 318
73 86 928 184
73 87 429 78
73 88 446 159
73 89 717 312
73 90 564 226
73 91 610 183
74 72 158 269
74 73 305 215
74 78 400 104
74 79 779 80
74 82 467 80
74 83 296 210
74 84 622 60
74 85 128 7
74 86 18 12
74 87 600 404
74 88 518 197
74 89 210 127
74 90 292 184
74 91 483 345
75 72 166 94
75 73 219 357
75 82 33 33
75 83 780 355
75 84 226 370
75 85 381 284
75 86 768 255
75 87 333 156
75 88 396 199
75 89 824 273
75 90 958 254
75 91 604 68
76 82 201 284
76 83 145 232
76 84 716 394
76 85 134 248
76 86 817 112
76 87 934 203
76 88 481 277
76 89 22 376
76 90 449 41
76 91 626 288
77 72 421 193
77 82 658 381
77 83 507 67
77 84 360 374
77 85 470 214
77 86 468 203
77 87 182 65
77 88 501 204
77 89 77 141
77 90 806 213
77 91 357 156
78 73 573 404
78 74 400 289
78 82 553 318
78 83 251 356
78 84 55 316
78 85 382 142
78 86 520 82
78 87 344 198
78 88 763 200
78 89 933 313
78 90 959 369
78 91 38 5
79 73 879 313
79 74 779 36
79 82 21 226
79 83 79 134
79 84 307 145
79 85 86 272
79 86 600 34
79 87 915 399
79 88 544 81
79 89 690 54
79 90 981 391
79 91 906 353
80 72 749 123
80 73 716 1
80 82 164 74
80 83 612 84
80 84 601 275
80 85 535 101
80 86 228 171
80 87 830 234
80 88 730 35
80 89 281 329
80 90 132 361
80 91 921 205
81 72 314 359
81 82 113 221
81 83 610 250
81 84 663 32
81 85 763 338
81 86 126 321
81 87 76 208
81 88 436 189
81 89 481 224
81 90 503 70
81 91 67 315
82 83 956 361
82 84 16 183
82 85 574 377
82 86 746 243
83 82 956 368
83 84 225 295
83 85 720 195
83 86 720 162
83 88 119 281
83 89 102 90
83 92 489 302
83 93 766 422
83 94 164 283
83 95 950 146
83 96 563 134
83 97 844 158
83 98 461 67
83 99 606 164
83 100 691 49
83 101 686 327
84 82 16 184
84 83 225 326
84 85 923 143
84 87 131 377
84 89 11 246
84 91 174 151
84 92 546 375
84 93 816 299
84 94 756 262
84 95 106 412
84 96 798 1
84 97 128 16
84 98 870 351
84 99 480 36
84 100 81 85
84 101 330 23
85 82 574 308
85 83 720 408
85 84 923 209
85 92 575 101
85 93 31 319
85 94 43 298
85 95 579 46
85 96 506 1
85 97 960 183
85 98 789 257
85 99 997 233
85 100 966 91
85 101 431 36
86 82 746 329
86 83 720 337
86 92 308 286
86 93 170 133
86 94 64 149
86 95 196 189
86 96 205 322
86 97 532 407
86 98 72 250
86 99 536 390
86 100 83 291
86 101 839 207
87 84 131 419
87 92 966 91
87 93 229 264
87 94 630 418
87 95 931 335
87 96 614 18
87 97 624 183
87 98 913 179
87 99 283 143
87 100 595 401
87 101 228 107
88 83 119 1
88 92 694 310
88 93 473 93
88 94 473 319
88 95 827 204
88 96 926 321
88 97 740 117
88 98 646 115
88 99 754 173
88 100 243 29
88 101 380 328
89 83 102 346
89 84 11 112
89 92 366 84
89 93 99 280
89 94 470 202
89 95 875 138
89 96 516 105
89 97 847 162
89 98 22 321
89 99 6 419
89 100 37 59
89 101 349 288
90 92 863 304
90 93 648 278
90 94 30 235
90 95 627 220
90 96 300 21
90 97 817 319
90 98 821 104
90 99 490 266
90 100 328 371
90 101 556 299
91 84 174 60
91 92 715 355
91 93 275 311
91 94 862 217
91 95 205 280
91 96 983 167
91 97 688 188
91 98 809 382
91 99 901 236
91 100 415 115
91 101 13 136
92 93 663 275
92 94 300 43
92 95 415 385
92 96 14 29
92 98 651 27
92 100 79 407
92 101 891 254
93 92 663 16
93 94 181 82
93 96 365 305
93 97 719 210
93 98 55 85
93 99 420 37
93 100 280 70
93 102 668 293
93 103 43 416
93 104 325 223
93 105 236 189
93 106 625 146
93 107 151 339
93 108 284 325
93 109 633 241
93 110 859 279
93 111 422 395
94 92 300 79
94 93 181 401
94 95 870 240
94 97 990 124
94 98 783 202
94 99 766 60
94 100 109 422
94 101 980 231
94 102 852 62
94 103 439 303
94 104 537 180
94 105 148 259
94 106 725 4
94 107 911 61
94 108 639 198
94 109 664 356
94 110 114 255
94 111 822 50
95 92 415 411
95 94 870 370
95 102 738 235
95 103 482 399
95 104 494 390
95 105 320 81
95 106 396 239
95 107 62 99
95 108 649 209
95 109 969 246
95 110 755 28
95 111 106 387
96 92 14 93
96 93 365 189
96 102 950 320
96 103 449 155
96 104 598 207
96 105 266 195
96 106 368 298
96 107 610 262
96 108 252 261
96 109 788 7
96 110 590 194
96 111 459 68
97 93 719 50
97 94 990 129
97 102 337 293
97 103 753 137
97 104 387 15
97 105 402 239
97 106 221 89
97 107 990 411
97 108 74 346
97 109 444 122
97 110 713 304
97 111 704 143
98 92 651 195
98 93 55 335
98 94 783 127
98 102 594 233
98 103 233 97
98 104 78 125
98 105 89 182
98 106 706 78
98 107 645 368
98 108 30 362
98 109 381 148
98 110 409 205
98 111 688 71
99 93 420 244
99 94 766 323
99 102 620 139
99 103 352 139
99 104 70 347
99 105 418 255
99 106 664 61
99 107 448 344
99 108 162 263
99 109 466 218
99 110 759 148
99 111 284 133
100 92 79 313
100 93 280 240
100 94 109 281
100 102 593 351
100 103 200 102
100 104 29 193
100 105 343 71
100 106 560 51
100 107 306 96
100 108 730 248
100 109 443 254
100 110 804 413
100 111 352 254
101 92 891 16
101 94 980 192
101 102 98 399
101 103 675 239
101 104 126 189
101 105 56 398
101 106 424 307
101 107 66 173
101 108 274 49
101 109 140 132
101 110 716 78
101 111 892 209
102 103 922 231
102 104 571 254
102 105 761 269
102 106 717 33
102 107 522 253
102 108 84 339
102 109 893 51
102 111 869 35
103 102 922 74
103 104 787 145
103 105 432 144
103 106 347 170
103 110 310 313
103 112 772 26
103 113 2 237
103 114 662 126
103 115 574 115
103 116 321 161
103 117 714 332
103 118 667 13
103 119 908 193
103 120 414 49
103 121 644 177
104 102 571 43
104 103 787 92
104 105 611 104
104 107 729 415
104 108 5 174
104 112 87 317
104 113 383 394
104 114 843 63
104 115 83 254
104 116 18 351
104 117 429 207
104 118 526 388
104 119 649 217
104 120 231 233
104 121 916 393
105 102 761 376
105 103 432 20
105 104 611 392
105 112 224 417
105 113 40 400
105 114 40 298
105 115 424 182
105 116 936 289
105 117 7 211
105 118 27 78
105 119 557 392
105 120 682 338
105 121 780 225
106 102 717 55
106 103 347 166
106 112 661 260
106 113 945 208
106 114 333 199
106 115 465 19
106 116 734 262
106 117 564 354
106 118 391 61
106 119 736 83
106 120 308 393
106 121 632 394
107 102 522 113
107 104 729 368
107 112 38 187
107 113 601 83
107 114 56 359
107 115 892 223
107 116 173 95
107 117 288 187
107 118 447 272
107 119 483 186
107 120 735 7
107 121 237 302
108 102 84 74
108 104 5 119
108 112 646 131
108 113 532 23
108 114 102 385
108 115 783 103
108 116 180 372
108 117 685 240
108 118 159 411
108 119 327 147
108 120 641 169
108 121 421 163
109 102 893 32
109 112 653 66
109 113 216 339
109 114 934 51
109 115 161 232
109 116 634 176
109 117 94 269
109 118 302 115
109 119 79 45
109 120 276 322
109 121 222 267
110 103 310 279
110 112 132 290
110 113 973 279
110 114 512 99
110 115 856 214
110 116 841 364
110 117 98 335
110 118 552 387
110 119 863 295
110 120 856 5
110 121 968 231
111 102 869 102
111 112 839 299
111 113 386 85
111 114 481 310
111 115 216 177
111 116 447 325
111 117 362 298
111 118 213 233
111 119 979 184
111 120 190 181
111 121 407 186
112 113 940 289
112 114 410 124
112 115 1000 73
112 119 958 36
113 112 940 159
113 114 803 29
113 115 370 367
113 116 19 64
113 117 934 249
113 118 814 281
113 120 207 368
113 121 95 237
113 122 333 167
113 123 127 325
113 124 752 396
113 125 767 40
113 126 732 350
113 127 730 418
113 128 307 155
113 129 228 38
113 130 946 371
113 131 202 61
114 112 410 358
114 113 803 214
114 116 477 20
114 117 227 146
114 118 713 96
114 120 545 392
114 122 567 316
114 123 988 320
114 124 969 72
114 125 92 321
114 126 5 84
114 127 117 266
114 128 36 229
114 129 278 36
114 130 205 390
114 131 208 117
115 112 1000 269
115 113 370 291
115 122 683 400
115 123 417 305
115 124 583 320
115 125 823 346
115 126 879 282
115 127 520 158
115 128 783 331
115 129 165 408
115 130 74 38
115 131 624 312
116 113 19 346
116 114 477 120
116 122 199 338
116 123 559 205
116 124 804 50
116 125 215 111
116 126 699 264
116 127 31 287
116 128 733 397
116 129 525 408
116 130 524 337
116 131 20 251
117 113 934 231
117 114 227 354
117 122 52 49
117 123 692 248
117 124 766 122
117 125 189 323
117 126 271 167
117 127 607 123
117 128 872 178
117 129 982 241
117 130 774 255
117 131 166 404
118 113 814 213
118 114 713 212
118 122 59 249
118 123 969 147
118 124 756 289
118 125 633 147
118 126 636 315
118 127 427 183
118 128 42 197
118 129 252 67
118 130 507 170
118 131 538 108
119 112 958 107
119 122 911 27
119 123 660 244
119 124 880 92
119 125 997 263
119 126 700 155
119 127 990 243
119 128 500 30
119 129 704 292
119 130 703 93
119 131 677 177
120 113 207 307
120 114 545 193
120 122 269 318
120 123 853 78
120 124 244 248
120 125 12 375
120 126 854 84
120 127 255 280
120 128 295 33
120 129 734 329
120 130 544 299
120 131 359 94
121 113 95 83
121 122 886 128
121 123 261 361
121 124 860 401
121 125 446 349
121 126 344 43
121 127 733 24
121 128 926 315
121 129 956 296
121 130 120 379
121 131 961 295
122 123 767 24
122 124 521 150
122 125 365 419
122 126 847 384
122 127 125 374
122 128 972 238
122 129 45 138
122 131 286 291
123 122 767 99
123 124 528 217
123 125 600 157
123 126 526 271
123 129 428 90
123 131 457 85
123 132 759 45
123 133 856 299
123 134 258 83
123 135 549 176
123 136 632 133
123 137 467 5
123 138 212 336
123 139 482 356
123 140 379 38
123 141 865 102
124 122 521 368
124 123 528 93
124 127 997 403
124 128 960 359
124 129 943 344
124 132 165 347
124 133 797 173
124 134 816 195
124 135 726 322
124 136 104 38
124 137 257 2
124 138 71 159
124 139 203 368
124 140 203 62
124 141 283 256
125 122 365 166
125 123 600 51
125 132 170 107
125 133 217 387
125 134 541 49
125 135 543 115
125 136 330 249
125 137 552 121
125 138 198 350
125 139 348 391
125 140 241 331
125 141 854 349
126 122 847 83
126 123 526 294
126 132 473 11
126 133 959 3
126 134 833 39
126 135 100 247
126 136 354 265
126 137 635 357
126 138 28 386
126 139 377 220
126 140 797 83
126 141 636 182
127 122 125 234
127 124 997 55
127 132 72 406
127 133 794 94
127 134 474 135
127 135 282 66
127 136 999 129
127 137 664 160
127 138 582 235
127 139 735 405
127 140 680 143
127 141 933 382
128 122 972 14
128 124 960 22
128 132 233 111
128 133 466 163
128 134 551 97
128 135 112 174
128 136 614 267
128 137 944 364
128 138 627 168
128 139 887 318
128 140 164 1
128 141 689 235
129 122 45 244
129 123 428 130
129 124 943 292
129 132 672 282
129 133 65 221
129 134 169 352
129 135 826 364
129 136 999 118
129 137 644 220
129 138 762 153
129 139 655 338
129 140 734 220
129 141 132 345
130 132 891 181
130 133 937 152
130 134 839 383
130 135 425 233
130 136 748 71
130 137 434 275
130 138 13 217
130 139 314 209
130 140 113 165
130 141 809 85
131 122 286 76
131 123 457 411
131 132 182 140
131 133 717 388
131 134 163 309
131 135 95 128
131 136 245 185
131 137 701 175
131 138 464 302
131 139 497 91
131 140 422 271
131 141 561 342
132 133 808 185
132 134 50 228
132 135 339 351
132 136 78 299
132 138 457 312
132 139 527 390
132 140 398 97
133 132 808 287
133 134 31 119
133 135 695 231
133 137 485 192
133 138 249 260
133 139 19 168
133 142 526 262
133 143 768 278
133 144 310 394
133 145 274 414
133 146 182 13
133 147 559 134
133 148 101 15
133 149 749 121
133 150 251 57
133 151 204 325
134 132 50 334
134 133 31 351
134 135 74 82
134 137 894 267
134 139 254 107
134 140 180 283
134 142 762 255
134 143 253 338
134 144 364 394
134 145 634 84
134 146 907 202
134 147 698 277
134 148 285 315
134 149 466 3
134 150 216 144
134 151 946 281
135 132 339 206
135 133 695 31
135 134 74 90
135 142 911 82
135 143 484 146
135 144 63 278
135 145 413 244
135 146 149 101
135 147 578 260
135 148 860 73
135 149 918 136
135 150 388 18
135 151 788 166
136 132 78 187
136 142 693 171
136 143 810 282
136 144 877 411
136 145 526 217
136 146 56 414
136 147 953 250
136 148 246 302
136 149 908 50
136 150 24 232
136 151 13 150
137 133 485 353
137 134 894 382
137 142 812 1
137 143 586 379
137 144 188 212
137 145 885 208
137 146 910 255
137 147 835 77
137 148 738 104
137 149 727 336
137 150 379 339
137 151 581 369
138 132 457 364
138 133 249 297
138 142 763 206
138 143 978 279
138 144 188 45
138 145 253 38
138 146 767 194
138 147 550 68
138 148 300 231
138 149 705 220
138 150 102 266
138 151 928 371
139 132 527 308
139 133 19 175
139 134 254 333
139 142 311 16
139 143 724 239
139 144 476 41
139 145 359 147
139 146 586 265
139 147 800 305
139 148 46 223
139 149 382 340
139 150 767 366
139 151 291 347
140 132 398 148
140 134 180 114
140 142 725 304
140 143 169 189
140 144 919 298
140 145 130 30
140 146 814 193
140 147 817 23
140 148 470 418
140 149 193 259
140 150 440 89
140 151 318 303
141 142 134 105
141 143 235 131
141 144 135 26
141 145 325 150
141 146 322 311
141 147 770 195
141 148 134 88
141 149 247 280
141 150 308 221
141 151 553 218
142 143 400 420
142 144 644 399
142 145 488 112
142 150 56 60
142 152 409 228
143 142 400 190
143 144 200 111
143 145 336 370
143 147 210 9
143 148 687 291
143 150 853 7
143 151 832 408
143 152 896 24
144 142 644 244
144 143 200 84
144 150 2 341
144 152 745 49
145 142 488 287
145 143 336 365
145 152 136 204
146 152 214 342
147 143 210 205
147 152 539 407
148 143 687 106
148 152 134 233
149 152 759 297
150 142 56 352
150 143 853 234
150 144 2 165
150 152 101 225
151 143 832 64
151 152 587 180
