152 1420 1 152 7 355
1 2 801 286
1 3 809 68
1 4 712 152
1 5 610 19
1 6 855 303
1 7 777 181
1 8 660 247
1 9 858 234
1 10 150 293
1 11 576 231
2 12 169 161
2 13 83 241
2 14 171 322
2 15 21 248
2 16 305 265
2 17 238 117
2 18 80 79
2 19 79 156
2 20 971 84
2 21 425 219
3 12 929 12
3 13 898 76
3 14 828 230
3 15 979 169
3 16 417 21
3 17 141 204
3 18 447 115
3 19 283 281
3 20 636 290
3 21 985 202
4 12 219 257
4 13 281 72
4 14 6 96
4 15 883 210
4 16 458 355
4 17 339 33
4 18 413 33
4 19 665 280
4 20 732 38
4 21 665 111
5 12 501 325
5 13 597 298
5 14 343 38
5 15 171 192
5 16 156 216
5 17 143 286
5 18 92 287
5 19 130 200
5 20 191 75
5 21 343 344
6 12 399 11
6 13 871 51
6 14 583 339
6 15 113 271
6 16 808 268
6 17 362 202
6 18 185 16
6 19 784 321
6 20 515 247
6 21 668 243
7 12 439 65
7 13 307 292
7 14 13 256
7 15 545 43
7 16 155 294
7 17 58 159
7 18 232 121
7 19 998 316
7 20 527 195
7 21 274 286
8 12 810 93
8 13 681 342
8 14 657 254
8 15 543 212
8 16 551 73
8 17 992 333
8 18 592 141
8 19 372 97
8 20 640 279
8 21 715 303
9 12 5 99
9 13 245 129
9 14 413 291
9 15 624 202
9 16 120 215
9 17 26 42
9 18 696 103
9 19 419 290
9 20 771 201
9 21 510 198
10 12 174 101
10 13 680 249
10 14 988 166
10 15 781 277
10 16 508 217
10 17 176 298
10 18 246 90
10 19 77 299
10 20 419 95
10 21 234 88
11 12 365 161
11 13 505 235
11 14 194 32
11 15 906 344
11 16 679 249
11 17 450 217
11 18 754 145
11 19 124 349
11 20 32 196
11 21 251 293
12 22 973 2
12 23 284 5
12 24 321 330
12 25 226 30
12 26 630 280
12 27 81 62
12 28 784 184
12 29 826 29
12 30 13 26
12 31 730 67
13 22 251 174
13 23 277 288
13 24 939 315
13 25 719 291
13 26 755 111
13 27 195 352
13 28 346 192
13 29 813 287
13 30 995 272
13 31 136 273
14 22 231 304
14 23 487 46
14 24 61 295
14 25 295 73
14 26 757 329
14 27 171 250
14 28 304 13
14 29 296 47
14 30 242 191
14 31 829 98
15 22 323 290
15 23 744 165
15 24 200 323
15 25 701 98
15 26 54 47
15 27 757 163
15 28 111 220
15 29 856 298
15 30 31 49
15 31 569 345
16 22 91 296
16 23 925 150
16 24 233 132
16 25 302 200
16 26 51 326
16 27 41 52
16 28 719 139
16 29 824 134
16 30 724 16
16 31 195 240
17 22 69 44
17 23 259 55
17 24 596 344
17 25 922 283
17 26 693 27
17 27 390 185
17 28 952 265
17 29 466 279
17 30 988 16
17 31 707 147
18 22 460 53
18 23 575 158
18 24 786 212
18 25 498 243
18 26 499 46
18 27 955 171
18 28 553 286
18 29 772 142
18 30 954 86
18 31 842 141
19 22 105 353
19 23 280 184
19 24 94 71
19 25 280 296
19 26 120 88
19 27 618 21
19 28 486 54
19 29 292 293
19 30 767 316
19 31 198 347
20 22 358 315
20 23 786 96
20 24 877 41
20 25 107 276
20 26 898 46
20 27 75 314
20 28 869 198
20 29 144 179
20 30 597 310
20 31 286 166
21 22 933 139
21 23 597 184
21 24 538 283
21 25 557 136
21 26 871 98
21 27 925 175
21 28 444 183
21 29 792 321
21 30 47 69
21 31 17 242
22 32 175 208
22 33 695 273
22 34 106 150
22 35 587 354
22 36 391 49
22 37 455 103
22 38 94 20
22 39 951 205
22 40 125 142
22 41 971 83
23 32 169 256
23 33 505 53
23 34 407 3
23 35 461 95
23 36 786 265
23 37 827 243
23 38 748 114
23 39 804 300
23 40 177 209
23 41 34 229
24 32 164 38
24 33 773 110
24 34 982 304
24 35 684 346
24 36 735 7
24 37 11 58
24 38 111 103
24 39 953 286
24 40 605 330
24 41 510 163
25 32 950 277
25 33 138 123
25 34 502 5
25 35 456 261
25 36 294 41
25 37 413 183
25 38 821 193
25 39 305 5
25 40 262 232
25 41 509 9
26 32 857 79
26 33 784 96
26 34 570 23
26 35 798 56
26 36 673 90
26 37 425 98
26 38 960 237
26 39 353 324
26 40 889 96
26 41 743 154
27 32 78 324
27 33 891 60
27 34 356 29
27 35 597 87
27 36 990 244
27 37 749 323
27 38 571 65
27 39 910 216
27 40 823 195
27 41 378 231
28 32 892 18
28 33 478 211
28 34 31 86
28 35 793 41
28 36 628 184
28 37 543 198
28 38 910 83
28 39 254 304
28 40 943 125
28 41 445 43
29 32 811 228
29 33 524 60
29 34 817 89
29 35 384 75
29 36 512 24
29 37 832 277
29 38 390 225
29 39 28 168
29 40 933 78
29 41 477 104
30 32 281 200
30 33 752 260
30 34 853 144
30 35 670 174
30 36 488 334
30 37 102 328
30 38 233 324
30 39 661 174
30 40 288 142
30 41 252 232
31 32 335 99
31 33 890 81
31 34 424 60
31 35 276 338
31 36 351 108
31 37 77 173
31 38 472 138
31 39 380 134
31 40 747 228
31 41 434 134
32 42 834 156
32 43 877 277
32 44 242 319
32 45 199 107
32 46 762 122
32 47 150 137
32 48 760 180
32 49 678 257
32 50 685 130
32 51 864 291
33 42 537 163
33 43 233 136
33 44 392 83
33 45 387 227
33 46 43 192
33 47 375 164
33 48 892 153
33 49 970 211
33 50 651 70
33 51 758 328
34 42 865 342
34 43 841 23
34 44 72 243
34 45 868 288
34 46 450 246
34 47 543 127
34 48 991 177
34 49 176 136
34 50 660 190
34 51 429 60
35 42 327 24
35 43 644 64
35 44 52 102
35 45 89 160
35 46 421 54
35 47 598 120
35 48 687 153
35 49 632 116
35 50 764 87
35 51 586 233
36 42 539 179
36 43 526 42
36 44 119 240
36 45 29 217
36 46 153 88
36 47 738 281
36 48 787 67
36 49 216 22
36 50 228 115
36 51 623 177
37 42 592 329
37 43 96 293
37 44 754 281
37 45 625 203
37 46 599 173
37 47 187 68
37 48 453 351
37 49 426 158
37 50 135 198
37 51 55 181
38 42 964 343
38 43 736 228
38 44 269 10
38 45 629 223
38 46 170 187
38 47 584 43
38 48 227 336
38 49 393 148
38 50 586 75
38 51 947 51
39 42 351 160
39 43 936 202
39 44 135 180
39 45 4 224
39 46 677 112
39 47 94 314
39 48 48 35
39 49 751 175
39 50 263 67
39 51 528 78
40 42 151 166
40 43 890 198
40 44 726 84
40 45 829 333
40 46 976 283
40 47 818 215
40 48 117 57
40 49 951 218
40 50 242 243
40 51 976 355
41 42 623 312
41 43 240 22
41 44 855 179
41 45 427 142
41 46 92 151
41 47 80 320
41 48 948 178
41 49 883 52
41 50 358 178
41 51 903 191
42 52 242 331
42 53 736 37
42 54 343 290
42 55 154 185
42 56 909 158
42 57 444 35
42 58 455 188
42 59 761 338
42 60 901 62
42 61 331 15
43 52 178 132
43 53 101 127
43 54 576 137
43 55 800 275
43 56 5 242
43 57 121 89
43 58 244 319
43 59 498 304
43 60 579 159
43 61 652 52
44 52 110 74
44 53 244 321
44 54 812 351
44 55 271 79
44 56 783 112
44 57 440 236
44 58 338 280
44 59 666 282
44 60 539 98
44 61 308 166
45 52 176 325
45 53 795 8
45 54 396 139
45 55 67 261
45 56 224 206
45 57 732 108
45 58 53 179
45 59 499 218
45 60 242 5
45 61 136 120
46 52 188 340
46 53 358 62
46 54 900 185
46 55 732 16
46 56 588 256
46 57 464 175
46 58 876 122
46 59 209 20
46 60 997 89
46 61 314 215
47 52 16 94
47 53 315 34
47 54 459 274
47 55 347 206
47 56 877 105
47 57 52 115
47 58 579 137
47 59 853 326
47 60 811 250
47 61 424 18
48 52 74 297
48 53 769 300
48 54 863 101
48 55 91 162
48 56 5 188
48 57 879 114
48 58 355 266
48 59 411 73
48 60 5 180
48 61 43 233
49 52 344 170
49 53 248 110
49 54 855 189
49 55 386 123
49 56 34 157
49 57 998 29
49 58 533 181
49 59 548 78
49 60 689 13
49 61 849 44
50 52 23 2
50 53 922 260
50 54 576 108
50 55 321 184
50 56 554 129
50 57 648 80
50 58 695 25
50 59 441 174
50 60 573 115
50 61 332 229
51 52 75 240
51 53 182 341
51 54 141 315
51 55 995 292
51 56 333 220
51 57 313 5
51 58 897 280
51 59 559 245
51 60 650 160
51 61 999 232
52 62 136 118
52 63 490 233
52 64 248 44
52 65 280 309
52 66 504 333
52 67 452 147
52 68 120 105
52 69 171 260
52 70 515 289
52 71 44 277
53 62 830 30
53 63 535 157
53 64 371 91
53 65 120 7
53 66 644 235
53 67 144 212
53 68 827 48
53 69 801 126
53 70 432 160
53 71 839 5
54 62 703 134
54 63 90 344
54 64 888 70
54 65 42 4
54 66 887 145
54 67 795 54
54 68 1 37
54 69 145 264
54 70 999 22
54 71 9 217
55 62 811 45
55 63 964 151
55 64 359 313
55 65 719 322
55 66 650 95
55 67 470 305
55 68 502 111
55 69 424 26
55 70 403 191
55 71 825 224
56 62 343 319
56 63 135 86
56 64 733 109
56 65 139 336
56 66 930 301
56 67 824 28
56 68 470 129
56 69 428 159
56 70 156 230
56 71 349 75
57 62 966 333
57 63 745 210
57 64 218 173
57 65 76 331
57 66 133 125
57 67 959 182
57 68 439 318
57 69 495 306
57 70 906 80
57 71 953 183
58 62 803 258
58 63 230 203
58 64 983 64
58 65 448 114
58 66 145 213
58 67 394 142
58 68 477 12
58 69 940 352
58 70 938 66
58 71 982 308
59 62 548 24
59 63 173 256
59 64 330 19
59 65 289 16
59 66 640 174
59 67 430 342
59 68 461 19
59 69 937 330
59 70 655 227
59 71 319 230
60 62 556 123
60 63 161 166
60 64 705 89
60 65 884 180
60 66 456 168
60 67 514 92
60 68 99 208
60 69 640 36
60 70 36 70
60 71 567 353
61 62 25 291
61 63 147 15
61 64 395 188
61 65 189 108
61 66 869 248
61 67 8 153
61 68 980 239
61 69 529 172
61 70 803 45
61 71 915 226
62 72 828 86
62 73 47 211
62 74 207 242
62 75 170 343
62 76 753 290
62 77 204 295
62 78 391 137
62 79 988 108
62 80 91 229
62 81 107 324
63 72 404 33
63 73 304 107
63 74 43 44
63 75 68 274
63 76 89 112
63 77 437 159
63 78 594 240
63 79 358 261
63 80 754 110
63 81 637 260
64 72 239 122
64 73 843 307
64 74 308 71
64 75 523 244
64 76 388 166
64 77 70 209
64 78 69 297
64 79 636 341
64 80 946 149
64 81 957 297
65 72 228 90
65 73 233 327
65 74 861 167
65 75 788 10
65 76 415 303
65 77 270 108
65 78 515 74
65 79 958 96
65 80 590 147
65 81 904 69
66 72 301 236
66 73 704 217
66 74 624 168
66 75 653 341
66 76 395 125
66 77 434 270
66 78 476 213
66 79 432 268
66 80 747 266
66 81 600 324
67 72 961 101
67 73 109 176
67 74 941 105
67 75 43 129
67 76 360 12
67 77 320 88
67 78 306 295
67 79 299 140
67 80 306 270
67 81 480 106
68 72 30 299
68 73 802 265
68 74 591 219
68 75 415 108
68 76 416 227
68 77 44 322
68 78 992 229
68 79 963 227
68 80 984 292
68 81 151 66
69 72 647 139
69 73 131 263
69 74 663 336
69 75 228 58
69 76 642 65
69 77 329 92
69 78 437 293
69 79 495 23
69 80 160 38
69 81 274 94
70 72 179 205
70 73 355 47
70 74 962 61
70 75 292 172
70 76 679 27
70 77 323 214
70 78 338 2
70 79 20 38
70 80 628 266
70 81 577 297
71 72 601 187
71 73 268 325
71 74 589 77
71 75 151 274
71 76 108 155
71 77 97 7
71 78 323 17
71 79 259 30
71 80 161 284
71 81 234 69
72 82 543 130
72 83 600 286
72 84 320 199
72 85 932 200
72 86 442 94
72 87 370 209
72 88 856 222
72 89 854 175
72 90 6 35
72 91 12 178
73 82 865 76
73 83 270 255
73 84 255 174
73 85 663 108
73 86 434 224
73 87 879 99
73 88 305 30
73 89 297 255
73 90 998 88
73 91 82 343
74 82 795 44
74 83 69 192
74 84 576 78
74 85 583 191
74 86 651 209
74 87 578 57
74 88 771 347
74 89 874 26
74 90 652 133
74 91 400 164
75 82 826 1
75 83 293 198
75 84 672 273
75 85 639 137
75 86 402 236
75 87 440 169
75 88 617 6
75 89 711 339
75 90 270 3
75 91 415 249
76 82 432 131
76 83 475 324
76 84 642 25
76 85 16 188
76 86 159 244
76 87 960 126
76 88 450 170
76 89 280 29
76 90 198 76
76 91 105 65
77 82 209 130
77 83 226 64
77 84 202 213
77 85 428 292
77 86 659 222
77 87 945 60
77 88 934 75
77 89 508 50
77 90 891 303
77 91 471 47
78 82 882 355
78 83 581 349
78 84 248 253
78 85 852 15
78 86 590 130
78 87 675 247
78 88 392 330
78 89 914 261
78 90 662 266
78 91 419 230
79 82 810 132
79 83 880 36
79 84 624 298
79 85 546 317
79 86 969 207
79 87 571 184
79 88 176 87
79 89 462 256
79 90 511 4
79 91 793 224
80 82 880 231
80 83 744 179
80 84 816 71
80 85 809 171
80 86 478 24
80 87 934 143
80 88 398 284
80 89 228 201
80 90 283 11
80 91 610 212
81 82 730 246
81 83 709 225
81 84 90 77
81 85 672 291
81 86 651 230
81 87 843 46
81 88 926 108
81 89 565 266
81 90 148 181
81 91 51 332
82 92 328 17
82 93 383 41
82 94 770 177
82 95 149 107
82 96 372 273
82 97 149 194
82 98 849 145
82 99 396 16
82 100 907 209
82 101 374 186
83 92 696 242
83 93 443 184
83 94 485 329
83 95 471 251
83 96 400 120
83 97 9 33
83 98 427 351
83 99 456 283
83 100 800 32
83 101 79 75
84 92 615 207
84 93 3 224
84 94 384 267
84 95 194 342
84 96 429 14
84 97 859 23
84 98 337 98
84 99 890 312
84 100 589 340
84 101 762 93
85 92 316 77
85 93 223 1
85 94 750 6
85 95 489 145
85 96 682 258
85 97 134 252
85 98 320 318
85 99 835 59
85 100 665 118
85 101 867 139
86 92 413 97
86 93 3 194
86 94 874 60
86 95 314 226
86 96 711 339
86 97 896 297
86 98 38 289
86 99 799 162
86 100 455 122
86 101 977 50
87 92 770 330
87 93 376 324
87 94 503 327
87 95 957 127
87 96 863 301
87 97 427 151
87 98 490 351
87 99 818 146
87 100 416 202
87 101 246 38
88 92 181 72
88 93 642 176
88 94 192 283
88 95 346 237
88 96 918 124
88 97 270 54
88 98 101 128
88 99 388 41
88 100 810 179
88 101 820 297
89 92 496 286
89 93 561 74
89 94 344 234
89 95 932 107
89 96 711 144
89 97 646 167
89 98 400 93
89 99 757 241
89 100 361 230
89 101 584 84
90 92 709 38
90 93 495 178
90 94 134 209
90 95 811 22
90 96 132 77
90 97 983 231
90 98 458 236
90 99 556 64
90 100 491 98
90 101 953 28
91 92 885 190
91 93 476 124
91 94 231 264
91 95 914 217
91 96 175 94
91 97 839 179
91 98 783 31
91 99 536 187
91 100 552 117
91 101 951 185
92 102 215 215
92 103 14 204
92 104 586 265
92 105 667 173
92 106 583 340
92 107 825 42
92 108 459 233
92 109 776 138
92 110 165 176
92 111 27 332
93 102 492 59
93 103 391 302
93 104 148 157
93 105 971 206
93 106 951 237
93 107 24 20
93 108 837 110
93 109 922 229
93 110 47 148
93 111 439 212
94 102 83 336
94 103 700 65
94 104 668 315
94 105 332 291
94 106 119 204
94 107 133 183
94 108 678 37
94 109 498 280
94 110 345 295
94 111 369 87
95 102 804 228
95 103 713 307
95 104 796 54
95 105 776 67
95 106 264 228
95 107 468 350
95 108 563 162
95 109 27 239
95 110 972 24
95 111 161 87
96 102 841 58
96 103 758 346
96 104 456 285
96 105 969 53
96 106 616 105
96 107 208 159
96 108 397 200
96 109 739 252
96 110 126 119
96 111 357 244
97 102 900 48
97 103 217 163
97 104 36 343
97 105 901 9
97 106 815 130
97 107 334 183
97 108 770 67
97 109 486 290
97 110 732 141
97 111 558 49
98 102 40 9
98 103 621 53
98 104 180 296
98 105 622 58
98 106 15 247
98 107 803 47
98 108 109 18
98 109 217 106
98 110 901 38
98 111 904 1
99 102 522 262
99 103 763 313
99 104 300 75
99 105 982 306
99 106 396 67
99 107 11 60
99 108 519 159
99 109 259 140
99 110 45 236
99 111 902 286
100 102 387 83
100 103 700 106
100 104 19 219
100 105 221 82
100 106 657 172
100 107 72 335
100 108 455 266
100 109 459 168
100 110 803 195
100 111 855 248
101 102 52 266
101 103 439 50
101 104 65 60
101 105 511 30
101 106 50 281
101 107 610 100
101 108 617 309
101 109 504 282
101 110 92 104
101 111 789 198
102 112 75 47
102 113 811 48
102 114 118 171
102 115 321 48
102 116 256 99
102 117 462 198
102 118 329 83
102 119 261 168
102 120 417 300
102 121 973 310
103 112 528 342
103 113 304 165
103 114 352 194
103 115 909 297
103 116 549 132
103 117 888 346
103 118 726 48
103 119 428 131
103 120 223 143
103 121 912 228
104 112 656 130
104 113 359 34
104 114 990 211
104 115 541 331
104 116 250 105
104 117 463 200
104 118 476 141
104 119 664 108
104 120 971 93
104 121 552 81
105 112 174 327
105 113 340 22
105 114 718 25
105 115 839 337
105 116 359 345
105 117 229 280
105 118 351 162
105 119 167 146
105 120 716 150
105 121 195 249
106 112 833 309
106 113 83 249
106 114 430 87
106 115 5 6
106 116 290 135
106 117 241 192
106 118 999 105
106 119 900 75
106 120 661 135
106 121 194 186
107 112 475 153
107 113 273 192
107 114 423 189
107 115 561 106
107 116 771 22
107 117 681 215
107 118 239 217
107 119 754 199
107 120 803 339
107 121 760 180
108 112 755 185
108 113 984 175
108 114 822 259
108 115 754 28
108 116 618 304
108 117 682 321
108 118 624 94
108 119 374 109
108 120 640 50
108 121 743 102
109 112 985 78
109 113 499 339
109 114 45 241
109 115 276 135
109 116 568 166
109 117 686 260
109 118 82 265
109 119 78 85
109 120 779 125
109 121 852 302
110 112 960 180
110 113 705 151
110 114 665 257
110 115 551 326
110 116 956 188
110 117 319 143
110 118 890 14
110 119 798 331
110 120 490 332
110 121 210 15
111 112 223 169
111 113 987 205
111 114 354 230
111 115 860 326
111 116 32 102
111 117 250 94
111 118 69 165
111 119 179 34
111 120 163 56
111 121 526 214
112 122 353 289
112 123 460 258
112 124 20 143
112 125 784 4
112 126 615 132
112 127 583 198
112 128 654 270
112 129 742 141
112 130 812 82
112 131 270 18
113 122 245 227
113 123 780 325
113 124 429 306
113 125 646 312
113 126 934 27
113 127 304 128
113 128 4 272
113 129 415 290
113 130 758 319
113 131 762 104
114 122 639 232
114 123 129 14
114 124 106 169
114 125 174 208
114 126 814 183
114 127 224 340
114 128 696 172
114 129 148 243
114 130 155 146
114 131 396 224
115 122 937 249
115 123 712 296
115 124 727 338
115 125 215 285
115 126 216 62
115 127 661 43
115 128 107 318
115 129 813 190
115 130 669 169
115 131 912 97
116 122 275 259
116 123 800 22
116 124 20 169
116 125 343 104
116 126 535 269
116 127 271 102
116 128 176 265
116 129 511 210
116 130 460 269
116 131 20 286
117 122 759 110
117 123 663 116
117 124 86 15
117 125 466 311
117 126 749 214
117 127 687 145
117 128 884 322
117 129 39 110
117 130 319 123
117 131 877 113
118 122 680 232
118 123 712 33
118 124 247 320
118 125 634 61
118 126 246 163
118 127 652 86
118 128 419 202
118 129 495 314
118 130 275 219
118 131 655 82
119 122 852 284
119 123 173 237
119 124 760 345
119 125 935 165
119 126 208 317
119 127 303 193
119 128 131 160
119 129 269 161
119 130 739 87
119 131 997 72
120 122 1 73
120 123 715 13
120 124 69 176
120 125 340 172
120 126 311 64
120 127 749 28
120 128 522 238
120 129 775 109
120 130 600 30
120 131 965 238
121 122 107 254
121 123 953 152
121 124 320 168
121 125 477 205
121 126 69 180
121 127 721 150
121 128 528 176
121 129 730 284
121 130 362 332
121 131 125 185
122 132 382 248
122 133 592 267
122 134 839 343
122 135 119 57
122 136 697 319
122 137 815 111
122 138 76 60
122 139 698 147
122 140 92 40
122 141 231 28
123 132 485 326
123 133 905 48
123 134 579 299
123 135 916 33
123 136 996 151
123 137 839 54
123 138 450 176
123 139 234 135
123 140 268 320
123 141 943 112
124 132 1 257
124 133 562 194
124 134 538 9
124 135 912 176
124 136 33 23
124 137 283 203
124 138 643 207
124 139 207 110
124 140 229 121
124 141 862 115
125 132 281 216
125 133 180 189
125 134 366 21
125 135 378 251
125 136 861 193
125 137 812 80
125 138 922 210
125 139 173 117
125 140 124 94
125 141 596 280
126 132 788 199
126 133 2 83
126 134 842 226
126 135 63 227
126 136 568 20
126 137 801 245
126 138 899 77
126 139 279 120
126 140 33 331
126 141 929 323
127 132 90 11
127 133 638 108
127 134 109 234
127 135 774 300
127 136 266 84
127 137 576 245
127 138 485 158
127 139 643 81
127 140 546 115
127 141 72 69
128 132 81 18
128 133 577 28
128 134 451 301
128 135 857 24
128 136 284 97
128 137 901 346
128 138 864 204
128 139 753 242
128 140 992 100
128 141 470 308
129 132 168 344
129 133 15 216
129 134 444 108
129 135 647 70
129 136 80 19
129 137 574 32
129 138 365 147
129 139 959 267
129 140 815 345
129 141 90 206
130 132 12 65
130 133 680 306
130 134 178 318
130 135 473 199
130 136 143 134
130 137 220 17
130 138 942 286
130 139 697 62
130 140 724 260
130 141 32 28
131 132 1 132
131 133 807 253
131 134 923 348
131 135 241 269
131 136 725 153
131 137 559 121
131 138 431 210
131 139 440 326
131 140 49 37
131 141 72 267
132 142 249 96
132 143 725 299
132 144 240 185
132 145 157 185
132 146 247 148
132 147 867 90
132 148 485 294
132 149 106 150
132 150 418 270
132 151 114 87
133 142 303 353
133 143 565 237
133 144 518 50
133 145 877 325
133 146 883 17
133 147 414 170
133 148 766 128
133 149 567 58
133 150 152 242
133 151 976 140
134 142 650 134
134 143 893 163
134 144 928 340
134 145 555 283
134 146 576 297
134 147 143 122
134 148 25 60
134 149 112 29
134 150 363 302
134 151 832 208
135 142 729 270
135 143 127 132
135 144 725 116
135 145 185 102
135 146 817 313
135 147 698 67
135 148 481 303
135 149 583 254
135 150 453 16
135 151 978 58
136 142 665 127
136 143 304 157
136 144 415 207
136 145 521 342
136 146 682 328
136 147 772 268
136 148 934 237
136 149 178 61
136 150 455 185
136 151 643 238
137 142 171 104
137 143 957 182
137 144 336 131
137 145 205 222
137 146 868 344
137 147 544 153
137 148 169 86
137 149 479 124
137 150 756 6
137 151 128 80
138 142 903 63
138 143 762 262
138 144 45 295
138 145 751 333
138 146 832 216
138 147 935 345
138 148 606 345
138 149 578 11
138 150 686 148
138 151 83 340
139 142 877 15
139 143 490 215
139 144 623 163
139 145 219 283
139 146 158 22
139 147 587 50
139 148 662 43
139 149 974 36
139 150 83 183
139 151 85 341
140 142 618 111
140 143 712 258
140 144 886 252
140 145 549 207
140 146 835 59
140 147 625 324
140 148 176 209
140 149 872 162
140 150 626 19
140 151 467 240
141 142 99 268
141 143 760 285
141 144 322 287
141 145 578 261
141 146 747 291
141 147 198 326
141 148 3 224
141 149 955 315
141 150 316 1
141 151 434 315
142 152 404 170
143 152 623 219
144 152 892 58
145 152 666 136
146 152 764 318
147 152 640 345
148 152 540 270
149 152 486 37
150 152 673 153
151 152 833 344
