152 1700 1 152 8 425
1 2 293 417
1 3 422 105
1 4 872 53
1 5 172 279
1 6 34 300
1 7 408 202
1 8 763 23
1 9 293 258
1 10 399 292
1 11 361 243
2 3 99 58
2 4 560 412
2 5 164 299
3 2 99 336
3 4 481 249
3 5 38 199
3 7 669 89
3 9 510 264
3 11 39 144
3 12 685 413
3 13 860 102
3 14 428 260
3 15 454 283
3 16 139 376
3 17 915 332
3 18 411 400
3 19 902 225
3 20 628 206
3 21 277 180
4 2 560 275
4 3 481 69
4 6 514 285
4 8 10 71
4 9 510 120
4 12 329 44
4 13 220 153
4 14 999 203
4 15 49 108
4 16 959 416
4 17 229 145
4 18 218 316
4 19 737 118
4 20 431 105
4 21 222 196
5 2 164 302
5 3 38 78
5 12 886 72
5 13 473 113
5 14 159 43
5 15 27 156
5 16 856 70
5 17 700 238
5 18 613 66
5 19 682 28
5 20 400 359
5 21 978 124
6 4 514 390
6 12 274 360
6 13 506 208
6 14 213 305
6 15 534 368
6 16 88 371
6 17 58 72
6 18 390 403
6 19 524 56
6 20 883 186
6 21 238 365
7 3 669 372
7 12 885 17
7 13 669 261
7 14 844 254
7 15 720 231
7 16 630 20
7 17 40 287
7 18 823 419
7 19 759 285
7 20 899 216
7 21 292 257
8 4 10 228
8 12 310 197
8 13 76 76
8 14 744 343
8 15 11 148
8 16 645 153
8 17 350 163
8 18 620 360
8 19 655 105
8 20 404 389
8 21 60 244
9 3 510 26
9 4 510 361
9 12 702 264
9 13 194 79
9 14 509 256
9 15 472 275
9 16 134 261
9 17 564 177
9 18 457 38
9 19 9 131
9 20 424 406
9 21 116 328
10 12 56 211
10 13 189 70
10 14 503 134
10 15 45 173
10 16 214 387
10 17 475 395
10 18 441 47
10 19 51 201
10 20 532 162
10 21 253 385
11 3 39 382
11 12 988 246
11 13 520 352
11 14 1 22
11 15 538 315
11 16 748 242
11 17 135 313
11 18 233 349
11 19 342 299
11 20 924 264
11 21 612 388
12 13 803 283
12 14 197 33
12 15 422 402
12 17 874 54
12 19 829 247
12 20 796 319
12 21 267 152
13 12 803 92
13 14 916 318
13 16 93 193
13 18 19 195
13 20 98 216
13 22 625 234
13 23 494 220
13 24 226 97
13 25 201 83
13 26 404 58
13 27 848 176
13 28 922 175
13 29 726 155
13 30 555 170
13 31 419 223
14 12 197 402
14 13 916 171
14 16 542 338
14 18 623 30
14 19 744 369
14 21 861 308
14 22 357 400
14 23 469 400
14 24 84 52
14 25 198 381
14 26 481 255
14 27 99 25
14 28 615 382
14 29 888 217
14 30 674 247
14 31 858 344
15 12 422 370
15 22 811 141
15 23 180 335
15 24 649 22
15 25 182 300
15 26 618 160
15 27 266 88
15 28 209 3
15 29 653 191
15 30 329 146
15 31 195 210
16 13 93 27
16 14 542 138
16 22 772 87
16 23 263 162
16 24 117 188
16 25 123 221
16 26 983 413
16 27 596 162
16 28 760 286
16 29 457 189
16 30 700 292
16 31 869 307
17 12 874 120
17 22 5 145
17 23 469 153
17 24 711 388
17 25 60 357
17 26 118 30
17 27 746 52
17 28 951 383
17 29 359 384
17 30 388 172
17 31 562 23
18 13 19 150
18 14 623 263
18 22 819 368
18 23 483 68
18 24 350 357
18 25 401 271
18 26 532 380
18 27 725 249
18 28 931 360
18 29 406 297
18 30 473 85
18 31 98 127
19 12 829 2
19 14 744 81
19 22 326 205
19 23 742 102
19 24 104 209
19 25 126 295
19 26 463 402
19 27 460 131
19 28 970 58
19 29 26 153
19 30 566 377
19 31 928 144
20 12 796 179
20 13 98 338
20 22 2 54
20 23 714 257
20 24 925 337
20 25 838 304
20 26 322 365
20 27 760 323
20 28 733 256
20 29 383 16
20 30 278 162
20 31 596 112
21 12 267 317
21 14 861 411
21 22 223 243
21 23 461 177
21 24 625 343
21 25 777 3
21 26 761 139
21 27 324 15
21 28 110 275
21 29 640 293
21 30 258 341
21 31 416 200
22 23 439 266
22 24 283 190
22 26 25 317
22 29 523 99
22 30 983 210
23 22 439 36
23 24 458 181
23 25 757 256
23 27 240 305
23 30 79 364
23 31 951 420
23 32 391 320
23 33 808 109
23 34 796 241
23 35 560 272
23 36 796 379
23 37 690 361
23 38 940 266
23 39 851 421
23 40 703 299
23 41 631 138
24 22 283 130
24 23 458 338
24 25 672 232
24 28 378 270
24 29 941 151
24 31 776 261
24 32 235 284
24 33 536 28
24 34 232 177
24 35 504 104
24 36 74 58
24 37 266 174
24 38 968 290
24 39 869 265
24 40 207 85
24 41 546 74
25 23 757 210
25 24 672 17
25 32 976 139
25 33 825 399
25 34 930 393
25 35 641 133
25 36 301 236
25 37 904 8
25 38 75 323
25 39 572 232
25 40 570 315
25 41 311 408
26 22 25 399
26 32 549 145
26 33 947 229
26 34 970 311
26 35 34 316
26 36 557 63
26 37 479 114
26 38 226 159
26 39 870 79
26 40 185 91
26 41 860 420
27 23 240 135
27 32 486 105
27 33 576 419
27 34 868 13
27 35 537 105
27 36 297 409
27 37 565 254
27 38 777 317
27 39 554 392
27 40 846 230
27 41 178 235
28 24 378 94
28 32 995 30
28 33 789 304
28 34 123 326
28 35 113 325
28 36 967 272
28 37 346 286
28 38 859 316
28 39 113 281
28 40 471 163
28 41 884 336
29 22 523 266
29 24 941 4
29 32 804 129
29 33 150 109
29 34 390 41
29 35 118 350
29 36 914 251
29 37 582 382
29 38 473 370
29 39 656 368
29 40 487 291
29 41 906 41
30 22 983 29
30 23 79 164
30 32 547 31
30 33 481 305
30 34 923 190
30 35 23 204
30 36 807 139
30 37 577 267
30 38 561 227
30 39 671 3
30 40 844 218
30 41 104 212
31 23 951 18
31 24 776 383
31 32 368 26
31 33 672 374
31 34 949 157
31 35 363 18
31 36 164 397
31 37 519 74
31 38 64 253
31 39 307 412
31 40 872 91
31 41 994 173
32 33 351 250
32 34 733 407
32 35 318 220
32 36 973 404
32 38 547 83
32 41 233 177
33 32 351 416
33 34 432 128
33 37 561 403
33 38 851 157
33 40 662 352
33 41 620 384
33 42 912 166
33 43 337 143
33 44 936 291
33 45 515 245
33 46 608 198
33 47 976 87
33 48 509 167
33 49 30 125
33 50 446 14
33 51 109 319
34 32 733 317
34 33 432 37
34 35 51 281
34 37 34 282
34 39 950 173
34 41 414 105
34 42 321 81
34 43 11 104
34 44 707 354
34 45 701 218
34 46 154 129
34 47 764 291
34 48 700 194
34 49 217 58
34 50 135 141
34 51 714 98
35 32 318 334
35 34 51 285
35 42 994 25
35 43 45 267
35 44 263 300
35 45 130 153
35 46 236 387
35 47 192 381
35 48 134 304
35 49 173 51
35 50 98 281
35 51 309 138
36 32 973 165
36 42 803 149
36 43 976 420
36 44 227 200
36 45 102 329
36 46 936 251
36 47 570 412
36 48 298 353
36 49 963 118
36 50 102 410
36 51 900 408
37 33 561 3
37 34 34 339
37 42 166 105
37 43 96 133
37 44 926 413
37 45 240 220
37 46 868 139
37 47 725 119
37 48 398 156
37 49 259 415
37 50 120 184
37 51 743 250
38 32 547 48
38 33 851 6
38 42 585 290
38 43 173 165
38 44 579 129
38 45 695 60
38 46 299 359
38 47 412 154
38 48 663 217
38 49 882 345
38 50 452 71
38 51 188 167
39 34 950 144
39 42 849 121
39 43 655 152
39 44 904 411
39 45 632 271
39 46 848 210
39 47 733 418
39 48 398 201
39 49 833 26
39 50 256 18
39 51 850 194
40 33 662 399
40 42 39 192
40 43 133 385
40 44 475 393
40 45 920 424
40 46 561 130
40 47 167 377
40 48 984 304
40 49 823 279
40 50 792 91
40 51 276 308
41 32 233 3
41 33 620 338
41 34 414 63
41 42 252 253
41 43 90 16
41 44 857 63
41 45 480 60
41 46 77 59
41 47 565 170
41 48 240 338
41 49 495 302
41 50 430 237
41 51 530 180
42 43 870 183
42 44 334 329
42 47 112 109
42 48 16 198
42 50 270 331
43 42 870 100
43 44 623 263
43 46 12 210
43 47 494 311
43 50 719 389
43 52 783 59
43 53 267 273
43 54 865 201
43 55 857 23
43 56 536 305
43 57 225 138
43 58 488 90
43 59 590 331
43 60 898 180
43 61 366 357
44 42 334 407
44 43 623 362
44 45 5 190
44 49 563 214
44 50 229 43
44 51 461 338
44 52 520 165
44 53 245 245
44 54 719 133
44 55 94 146
44 56 408 270
44 57 823 163
44 58 468 299
44 59 497 359
44 60 593 69
44 61 861 249
45 44 5 357
45 52 849 213
45 53 936 62
45 54 274 215
45 55 198 324
45 56 393 170
45 57 356 24
45 58 634 134
45 59 275 283
45 60 968 418
45 61 413 362
46 43 12 339
46 52 138 322
46 53 365 361
46 54 892 360
46 55 679 316
46 56 831 201
46 57 696 330
46 58 347 116
46 59 523 256
46 60 57 196
46 61 537 71
47 42 112 56
47 43 494 197
47 52 988 389
47 53 133 35
47 54 821 314
47 55 619 408
47 56 272 56
47 57 137 165
47 58 513 361
47 59 113 62
47 60 585 363
47 61 945 223
48 42 16 60
48 52 955 263
48 53 519 265
48 54 874 142
48 55 303 401
48 56 865 33
48 57 895 382
48 58 329 132
48 59 527 162
48 60 260 154
48 61 760 49
49 44 563 266
49 52 695 331
49 53 871 86
49 54 13 322
49 55 813 61
49 56 255 132
49 57 1000 367
49 58 238 94
49 59 352 167
49 60 360 16
49 61 707 290
50 42 270 396
50 43 719 333
50 44 229 177
50 52 631 156
50 53 285 2
50 54 653 249
50 55 171 154
50 56 920 66
50 57 504 104
50 58 929 298
50 59 437 425
50 60 124 218
50 61 863 191
51 44 461 42
51 52 847 243
51 53 528 144
51 54 546 120
51 55 235 341
51 56 715 305
51 57 658 334
51 58 882 367
51 59 584 416
51 60 938 248
51 61 841 358
52 53 562 211
52 54 264 89
52 55 624 82
52 56 73 5
52 57 250 307
52 59 726 377
52 61 470 74
53 52 562 334
53 54 654 73
53 55 299 318
53 57 482 358
53 58 737 336
53 59 525 401
53 60 872 330
53 62 227 217
53 63 13 423
53 64 201 185
53 65 900 386
53 66 782 278
53 67 320 61
53 68 73 340
53 69 97 195
53 70 648 366
53 71 692 231
54 52 264 134
54 53 654 341
54 57 667 300
54 59 327 274
54 61 71 147
54 62 653 303
54 63 918 65
54 64 141 85
54 65 419 23
54 66 209 159
54 67 80 388
54 68 269 8
54 69 757 319
54 70 845 392
54 71 726 86
55 52 624 137
55 53 299 132
55 62 347 4
55 63 994 75
55 64 775 23
55 65 739 138
55 66 578 47
55 67 455 271
55 68 42 28
55 69 792 388
55 70 444 269
55 71 202 178
56 52 73 357
56 62 254 81
56 63 903 326
56 64 300 307
56 65 690 335
56 66 816 311
56 67 368 346
56 68 463 73
56 69 384 414
56 70 774 78
56 71 932 351
57 52 250 329
57 53 482 408
57 54 667 88
57 62 297 48
57 63 502 91
57 64 42 121
57 65 345 404
57 66 223 349
57 67 58 70
57 68 496 254
57 69 249 162
57 70 684 118
57 71 456 281
58 53 737 324
58 62 908 156
58 63 850 325
58 64 282 352
58 65 427 191
58 66 86 418
58 67 322 205
58 68 698 258
58 69 608 290
58 70 733 110
58 71 621 176
59 52 726 196
59 53 525 192
59 54 327 25
59 62 386 328
59 63 362 186
59 64 480 295
59 65 227 333
59 66 564 131
59 67 630 41
59 68 269 230
59 69 829 237
59 70 329 281
59 71 46 378
60 53 872 288
60 62 668 264
60 63 104 257
60 64 386 207
60 65 137 167
60 66 414 63
60 67 510 284
60 68 611 151
60 69 534 238
60 70 564 28
60 71 216 396
61 52 470 349
61 54 71 153
61 62 808 318
61 63 943 348
61 64 781 267
61 65 674 193
61 66 119 278
61 67 581 170
61 68 379 240
61 69 380 415
61 70 949 141
61 71 122 21
62 63 546 45
62 64 413 404
62 69 616 368
62 70 815 357
62 71 929 87
63 62 546 131
63 64 76 294
63 65 787 48
63 66 12 253
63 68 777 127
63 70 944 383
63 72 243 109
63 73 792 240
63 74 98 411
63 75 483 100
63 76 786 403
63 77 904 125
63 78 588 24
63 79 477 90
63 80 622 200
63 81 976 204
64 62 413 15
64 63 76 375
64 65 118 57
64 66 270 298
64 70 63 342
64 72 757 217
64 73 90 287
64 74 480 287
64 75 432 217
64 76 990 416
64 77 138 150
64 78 492 87
64 79 817 14
64 80 711 200
64 81 128 36
65 63 787 293
65 64 118 384
65 72 824 204
65 73 653 264
65 74 340 145
65 75 705 320
65 76 469 395
65 77 274 418
65 78 328 89
65 79 575 73
65 80 858 271
65 81 767 249
66 63 12 311
66 64 270 211
66 72 870 62
66 73 964 225
66 74 768 299
66 75 220 94
66 76 8 405
66 77 21 246
66 78 941 220
66 79 501 276
66 80 969 222
66 81 349 396
67 72 25 413
67 73 623 201
67 74 345 10
67 75 493 425
67 76 63 256
67 77 666 189
67 78 927 193
67 79 565 33
67 80 714 174
67 81 596 284
68 63 777 122
68 72 511 216
68 73 2 227
68 74 47 161
68 75 191 85
68 76 499 375
68 77 166 207
68 78 68 397
68 79 411 113
68 80 160 165
68 81 388 159
69 62 616 11
69 72 937 243
69 73 719 148
69 74 761 385
69 75 979 121
69 76 664 264
69 77 305 210
69 78 777 327
69 79 746 302
69 80 83 166
69 81 581 110
70 62 815 137
70 63 944 98
70 64 63 373
70 72 128 152
70 73 552 40
70 74 494 399
70 75 712 314
70 76 227 294
70 77 257 349
70 78 533 201
70 79 603 231
70 80 465 58
70 81 476 232
71 62 929 187
71 72 546 319
71 73 943 20
71 74 738 114
71 75 56 207
71 76 285 85
71 77 338 201
71 78 262 215
71 79 704 125
71 80 276 424
71 81 443 304
72 73 770 110
72 74 82 325
72 75 457 200
73 72 770 267
73 74 900 205
73 75 578 180
73 76 314 225
73 77 260 130
73 78 1 111
73 79 260 320
73 80 597 375
73 81 96 337
73 82 124 407
73 83 737 8
73 84 454 327
73 85 285 271
73 86 717 350
73 87 790 424
73 88 682 139
73 89 597 385
73 90 355 256
73 91 847 345
74 72 82 301
74 73 900 326
74 77 559 263
74 80 99 244
74 81 630 189
74 82 908 154
74 83 974 193
74 84 718 184
74 85 522 115
74 86 642 66
74 87 427 153
74 88 51 327
74 89 571 137
74 90 900 106
74 91 580 193
75 72 457 83
75 73 578 370
75 82 149 421
75 83 960 16
75 84 143 156
75 85 229 217
75 86 581 181
75 87 222 16
75 88 569 297
75 89 129 210
75 90 807 299
75 91 259 98
76 73 314 422
76 82 133 122
76 83 757 188
76 84 54 255
76 85 589 73
76 86 638 368
76 87 651 338
76 88 815 304
76 89 285 105
76 90 488 199
76 91 270 269
77 73 260 419
77 74 559 136
77 82 418 132
77 83 125 96
77 84 593 107
77 85 753 42
77 86 123 229
77 87 189 386
77 88 160 124
77 89 471 121
77 90 126 193
77 91 640 167
78 73 1 371
78 82 589 37
78 83 728 405
78 84 13 18
78 85 790 303
78 86 104 392
78 87 564 166
78 88 985 366
78 89 366 116
78 90 347 184
78 91 911 292
79 73 260 106
79 82 278 149
79 83 842 43
79 84 357 250
79 85 675 143
79 86 168 276
79 87 646 418
79 88 891 406
79 89 566 229
79 90 902 2
79 91 668 238
80 73 597 313
80 74 99 113
80 82 943 94
80 83 992 259
80 84 964 135
80 85 221 314
80 86 365 144
80 87 431 316
80 88 954 125
80 89 984 211
80 90 584 197
80 91 513 124
81 73 96 119
81 74 630 67
81 82 334 385
81 83 663 133
81 84 94 385
81 85 887 255
81 86 952 196
81 87 498 397
81 88 322 15
81 89 708 173
81 90 16 115
81 91 926 41
82 83 387 182
82 84 637 38
82 88 263 297
82 89 538 250
82 91 47 345
83 82 387 391
83 84 194 204
83 85 67 97
83 86 281 352
83 87 127 420
83 88 69 202
83 89 697 96
83 92 831 243
83 93 218 412
83 94 638 264
83 95 880 311
83 96 487 151
83 97 589 191
83 98 878 298
83 99 55 419
83 100 132 280
83 101 48 343
84 82 637 62
84 83 194 347
84 85 856 4
84 86 314 337
84 87 778 22
84 88 376 280
84 90 324 336
84 91 396 339
84 92 671 184
84 93 280 220
84 94 267 112
84 95 4 133
84 96 500 340
84 97 87 190
84 98 19 236
84 99 922 131
84 100 291 237
84 101 217 86
85 83 67 388
85 84 856 94
85 92 89 410
85 93 174 230
85 94 191 233
85 95 369 85
85 96 455 11
85 97 242 35
85 98 931 380
85 99 475 91
85 100 232 327
85 101 440 323
86 83 281 324
86 84 314 120
86 92 63 228
86 93 858 63
86 94 141 11
86 95 408 388
86 96 402 75
86 97 790 55
86 98 225 342
86 99 796 93
86 100 695 181
86 101 731 63
87 83 127 126
87 84 778 181
87 92 936 332
87 93 851 406
87 94 116 16
87 95 206 83
87 96 624 263
87 97 18 43
87 98 299 28
87 99 507 126
87 100 49 238
87 101 98 86
88 82 263 20
88 83 69 94
88 84 376 128
88 92 829 186
88 93 619 330
88 94 234 268
88 95 668 252
88 96 999 196
88 97 777 122
88 98 940 222
88 99 511 309
88 100 1000 422
88 101 280 403
89 82 538 6
89 83 697 98
89 92 156 414
89 93 852 196
89 94 13 66
89 95 420 422
89 96 315 289
89 97 608 380
89 98 239 355
89 99 991 379
89 100 818 409
89 101 135 56
90 84 324 45
90 92 847 396
90 93 636 262
90 94 675 285
90 95 975 256
90 96 594 244
90 97 820 353
90 98 264 44
90 99 758 194
90 100 833 62
90 101 515 50
91 82 47 385
91 84 396 366
91 92 365 208
91 93 973 44
91 94 747 78
91 95 405 110
91 96 757 378
91 97 832 404
91 98 19 88
91 99 962 415
91 100 738 82
91 101 13 164
92 93 972 90
92 94 48 219
92 100 707 312
92 101 479 301
93 92 972 422
93 94 631 162
93 98 465 276
93 100 323 229
93 101 429 258
93 102 941 68
93 103 764 333
93 104 607 192
93 105 181 100
93 106 32 289
93 107 234 227
93 108 814 312
93 109 649 189
93 110 349 298
93 111 458 112
94 92 48 308
94 93 631 206
94 96 811 164
94 97 71 146
94 100 317 115
94 101 855 19
94 102 586 126
94 103 100 56
94 104 363 252
94 105 345 337
94 106 295 210
94 107 847 15
94 108 72 115
94 109 573 36
94 110 648 370
94 111 14 222
95 102 743 12
95 103 399 261
95 104 89 208
95 105 618 80
95 106 866 362
95 107 345 419
95 108 806 153
95 109 621 168
95 110 103 92
95 111 184 102
96 94 811 66
96 102 533 4
96 103 311 180
96 104 290 224
96 105 243 144
96 106 164 227
96 107 475 173
96 108 260 367
96 109 220 95
96 110 811 249
96 111 902 241
97 94 71 173
97 102 283 170
97 103 403 410
97 104 511 35
97 105 82 291
97 106 903 160
97 107 243 72
97 108 297 78
97 109 626 103
97 110 489 204
97 111 106 164
98 93 465 129
98 102 103 375
98 103 161 102
98 104 994 12
98 105 426 13
98 106 721 345
98 107 936 166
98 108 815 221
98 109 162 168
98 110 342 388
98 111 79 305
99 102 767 222
99 103 745 294
99 104 801 54
99 105 903 171
99 106 932 185
99 107 63 236
99 108 240 386
99 109 197 229
99 110 897 143
99 111 107 327
100 92 707 60
100 93 323 188
100 94 317 332
100 102 575 17
100 103 692 121
100 104 322 377
100 105 716 386
100 106 642 7
100 107 876 158
100 108 755 73
100 109 917 265
100 110 711 113
100 111 97 302
101 92 479 92
101 93 429 209
101 94 855 321
101 102 883 111
101 103 787 268
101 104 595 330
101 105 165 274
101 106 68 255
101 107 847 100
101 108 413 195
101 109 31 38
101 110 124 12
101 111 734 250
102 103 566 230
102 104 48 189
102 105 858 322
102 106 752 202
103 102 566 186
103 104 279 76
103 105 65 143
103 110 620 255
103 111 350 126
103 112 202 64
103 113 189 287
103 114 70 66
103 115 788 261
103 116 871 236
103 117 350 117
103 118 176 398
103 119 126 363
103 120 65 278
103 121 231 373
104 102 48 134
104 103 279 137
104 106 973 69
104 107 862 170
104 108 836 44
104 109 767 9
104 110 897 128
104 112 757 114
104 113 363 247
104 114 279 326
104 115 971 220
104 116 127 81
104 117 906 207
104 118 244 328
104 119 969 252
104 120 994 22
104 121 305 140
105 102 858 60
105 103 65 2
105 112 654 325
105 113 104 386
105 114 867 64
105 115 454 220
105 116 579 301
105 117 102 375
105 118 725 282
105 119 447 425
105 120 539 278
105 121 940 256
106 102 752 36
106 104 973 236
106 112 553 269
106 113 844 202
106 114 600 218
106 115 682 172
106 116 498 155
106 117 166 152
106 118 144 50
106 119 58 61
106 120 770 240
106 121 45 194
107 104 862 280
107 112 525 48
107 113 269 227
107 114 172 170
107 115 235 127
107 116 45 306
107 117 139 402
107 118 303 162
107 119 211 358
107 120 774 218
107 121 525 413
108 104 836 105
108 112 331 260
108 113 787 30
108 114 452 383
108 115 431 219
108 116 385 117
108 117 213 69
108 118 620 119
108 119 213 231
108 120 612 328
108 121 171 264
109 104 767 148
109 112 467 286
109 113 517 133
109 114 986 92
109 115 759 384
109 116 229 160
109 117 218 234
109 118 251 210
109 119 684 178
109 120 692 357
109 121 754 220
110 103 620 319
110 104 897 128
110 112 618 274
110 113 809 335
110 114 252 120
110 115 273 212
110 116 541 273
110 117 936 20
110 118 446 152
110 119 44 235
110 120 39 145
110 121 478 387
111 103 350 415
111 112 301 331
111 113 142 184
111 114 761 215
111 115 899 383
111 116 514 362
111 117 1 255
111 118 597 338
111 119 10 100
111 120 252 218
111 121 560 202
112 113 422 158
112 114 290 323
112 115 183 217
112 116 920 179
112 118 336 58
112 119 831 364
112 121 536 27
113 112 422 221
113 114 238 115
113 116 93 193
113 118 957 302
113 119 877 15
113 121 451 168
113 122 226 89
113 123 625 100
113 124 207 282
113 125 55 354
113 126 486 179
113 127 570 347
113 128 212 382
113 129 256 245
113 130 9 46
113 131 92 368
114 112 290 238
114 113 238 287
114 115 653 89
114 116 362 422
114 121 716 4
114 122 49 291
114 123 742 204
114 124 907 418
114 125 49 419
114 126 296 150
114 127 315 104
114 128 9 381
114 129 889 184
114 130 182 21
114 131 582 61
115 112 183 204
115 114 653 71
115 122 107 107
115 123 452 374
115 124 166 184
115 125 90 128
115 126 835 24
115 127 162 79
115 128 984 14
115 129 573 218
115 130 944 408
115 131 774 138
116 112 920 36
116 113 93 76
116 114 362 104
116 122 678 357
116 123 527 293
116 124 417 27
116 125 212 257
116 126 344 203
116 127 811 402
116 128 60 99
116 129 550 298
116 130 200 76
116 131 349 324
117 122 318 169
117 123 855 206
117 124 732 267
117 125 585 423
117 126 420 412
117 127 680 183
117 128 412 308
117 129 241 149
117 130 891 368
117 131 708 272
118 112 336 211
118 113 957 391
118 122 643 238
118 123 508 107
118 124 567 389
118 125 39 226
118 126 602 169
118 127 203 241
118 128 20 344
118 129 345 338
118 130 199 402
118 131 934 233
119 112 831 196
119 113 877 279
119 122 390 322
119 123 459 267
119 124 696 116
119 125 524 383
119 126 737 175
119 127 608 273
119 128 100 338
119 129 959 36
119 130 560 424
119 131 631 196
120 122 32 375
120 123 934 310
120 124 495 173
120 125 215 278
120 126 891 80
120 127 541 412
120 128 329 218
120 129 560 38
120 130 754 352
120 131 986 79
121 112 536 23
121 113 451 159
121 114 716 270
121 122 534 231
121 123 863 47
121 124 261 139
121 125 444 32
121 126 660 252
121 127 495 291
121 128 210 253
121 129 994 223
121 130 773 167
121 131 104 184
122 123 201 11
122 124 259 33
122 126 94 100
122 131 366 12
123 122 201 380
123 124 48 125
123 125 424 253
123 126 819 155
123 127 229 329
123 129 834 189
123 130 760 314
123 132 465 45
123 133 696 109
123 134 172 156
123 135 587 194
123 136 184 239
123 137 674 335
123 138 330 44
123 139 742 356
123 140 506 316
123 141 978 143
124 122 259 112
124 123 48 113
124 126 320 322
124 127 124 414
124 128 849 425
124 132 630 66
124 133 647 342
124 134 19 314
124 135 623 381
124 136 13 363
124 137 332 14
124 138 28 313
124 139 534 131
124 140 324 40
124 141 450 109
125 123 424 225
125 132 553 411
125 133 371 273
125 134 134 55
125 135 506 188
125 136 992 311
125 137 592 104
125 138 401 217
125 139 180 151
125 140 471 2
125 141 417 298
126 122 94 82
126 123 819 129
126 124 320 278
126 132 826 346
126 133 516 382
126 134 720 157
126 135 477 62
126 136 824 290
126 137 386 132
126 138 702 9
126 139 233 206
126 140 984 35
126 141 843 409
127 123 229 41
127 124 124 144
127 132 556 384
127 133 384 111
127 134 500 169
127 135 836 123
127 136 624 204
127 137 638 160
127 138 648 328
127 139 14 97
127 140 957 4
127 141 331 200
128 124 849 76
128 132 514 121
128 133 348 88
128 134 133 173
128 135 596 219
128 136 374 261
128 137 370 348
128 138 248 126
128 139 268 419
128 140 614 207
128 141 986 273
129 123 834 68
129 132 295 249
129 133 377 347
129 134 981 50
129 135 442 219
129 136 889 27
129 137 90 177
129 138 126 93
129 139 766 310
129 140 463 51
129 141 815 63
130 123 760 318
130 132 120 235
130 133 306 178
130 134 529 44
130 135 596 392
130 136 841 13
130 137 397 240
130 138 735 348
130 139 806 52
130 140 124 101
130 141 48 214
131 122 366 420
131 132 775 68
131 133 993 47
131 134 967 86
131 135 198 84
131 136 864 359
131 137 524 334
131 138 423 359
131 139 325 203
131 140 261 37
131 141 228 49
132 133 448 51
132 134 187 305
132 135 149 152
132 136 462 174
132 138 582 391
132 140 626 382
132 141 143 131
133 132 448 215
133 134 959 282
133 136 774 308
133 137 424 4
133 138 139 169
133 140 261 375
133 141 846 88
133 142 232 33
133 143 282 376
133 144 809 180
133 145 219 126
133 146 385 129
133 147 649 390
133 148 725 142
133 149 789 304
133 150 838 71
133 151 616 75
134 132 187 95
134 133 959 66
134 140 235 104
134 142 607 194
134 143 459 268
134 144 532 208
134 145 783 290
134 146 92 150
134 147 587 173
134 148 43 290
134 149 884 245
134 150 146 15
134 151 182 218
135 132 149 24
135 142 998 329
135 143 507 167
135 144 686 369
135 145 497 368
135 146 592 391
135 147 395 393
135 148 669 144
135 149 39 92
135 150 841 281
135 151 755 42
136 132 462 64
136 133 774 245
136 142 20 74
136 143 426 228
136 144 751 101
136 145 579 98
136 146 294 268
136 147 14 25
136 148 419 122
136 149 348 245
136 150 601 391
136 151 923 404
137 133 424 256
137 142 55 49
137 143 3 90
137 144 814 264
137 145 234 44
137 146 2 153
137 147 236 261
137 148 459 94
137 149 335 50
137 150 295 225
137 151 971 270
138 132 582 237
138 133 139 160
138 142 722 191
138 143 603 292
138 144 240 357
138 145 896 200
138 146 338 70
138 147 391 216
138 148 797 418
138 149 200 382
138 150 762 369
138 151 264 361
139 142 677 70
139 143 27 370
139 144 902 45
139 145 266 318
139 146 720 405
139 147 36 266
139 148 918 281
139 149 68 270
139 150 716 15
139 151 897 148
140 132 626 10
140 133 261 221
140 134 235 126
140 142 951 194
140 143 769 168
140 144 634 357
140 145 308 69
140 146 916 182
140 147 641 228
140 148 307 100
140 149 883 152
140 150 351 38
140 151 122 59
141 132 143 294
141 133 846 57
141 142 482 144
141 143 707 407
141 144 123 3
141 145 220 400
141 146 261 144
141 147 79 403
141 148 352 305
141 149 726 248
141 150 99 420
141 151 844 123
142 143 808 287
142 144 579 413
142 145 14 206
142 147 139 162
142 150 356 218
142 152 621 164
143 142 808 416
143 144 816 373
143 145 827 199
143 147 80 259
143 148 4 412
143 149 770 202
143 151 473 349
143 152 223 353
144 142 579 206
144 143 816 166
144 147 855 211
144 148 119 318
144 150 580 209
144 151 734 320
144 152 165 312
145 142 14 292
145 143 827 251
145 152 700 425
146 152 391 260
147 142 139 18
147 143 80 81
147 144 855 60
147 152 735 281
148 143 4 48
148 144 119 171
148 152 619 19
149 143 770 387
149 152 891 81
150 142 356 62
150 144 580 205
150 152 687 340
151 143 473 63
151 144 734 132
151 152 932 359
