152 1652 1 152 7 413
1 2 23 130
1 3 287 188
1 4 53 121
1 5 558 307
1 6 224 143
1 7 564 51
1 8 901 113
1 9 595 328
1 10 286 59
1 11 667 42
2 3 797 275
2 4 156 53
3 2 797 158
3 4 138 174
3 6 637 344
3 9 322 362
3 12 460 340
3 13 613 382
3 14 573 285
3 15 379 163
3 16 541 288
3 17 336 232
3 18 928 393
3 19 418 349
3 20 765 157
3 21 357 60
4 2 156 186
4 3 138 132
4 5 911 325
4 6 8 333
4 7 831 63
4 8 125 25
4 9 945 300
4 12 792 222
4 13 486 174
4 14 661 86
4 15 542 314
4 16 914 53
4 17 248 40
4 18 646 239
4 19 29 202
4 20 168 245
4 21 297 359
5 4 911 315
5 12 656 403
5 13 781 166
5 14 309 331
5 15 302 60
5 16 191 214
5 17 180 271
5 18 701 112
5 19 70 64
5 20 609 126
5 21 620 350
6 3 637 169
6 4 8 140
6 12 946 243
6 13 444 225
6 14 916 111
6 15 127 156
6 16 279 203
6 17 649 138
6 18 959 9
6 19 696 30
6 20 455 386
6 21 687 140
7 4 831 312
7 12 413 271
7 13 755 296
7 14 459 310
7 15 868 354
7 16 175 254
7 17 414 214
7 18 978 372
7 19 591 149
7 20 630 275
7 21 95 314
8 4 125 387
8 12 880 191
8 13 992 245
8 14 124 13
8 15 189 264
8 16 517 267
8 17 49 75
8 18 188 267
8 19 463 263
8 20 137 310
8 21 195 77
9 3 322 31
9 4 945 214
9 12 818 93
9 13 511 312
9 14 633 97
9 15 258 39
9 16 180 161
9 17 836 291
9 18 359 343
9 19 134 389
9 20 563 309
9 21 725 165
10 12 960 82
10 13 492 221
10 14 56 255
10 15 939 305
10 16 244 227
10 17 464 160
10 18 706 96
10 19 127 264
10 20 18 324
10 21 352 124
11 12 819 148
11 13 297 160
11 14 217 401
11 15 481 193
11 16 885 320
11 17 639 275
11 18 591 245
11 19 168 243
11 20 489 121
11 21 389 170
12 13 510 99
12 14 95 112
12 15 213 262
12 17 691 49
12 19 260 202
13 12 510 325
13 14 941 188
13 17 843 60
13 20 535 63
13 21 508 251
13 22 104 78
13 23 554 42
13 24 375 73
13 25 630 38
13 26 153 299
13 27 633 296
13 28 257 209
13 29 162 218
13 30 260 130
13 31 955 405
14 12 95 408
14 13 941 381
14 15 789 226
14 17 416 59
14 20 232 109
14 22 422 344
14 23 653 328
14 24 582 251
14 25 334 194
14 26 695 92
14 27 624 52
14 28 644 43
14 29 626 39
14 30 961 94
14 31 403 88
15 12 213 271
15 14 789 142
15 22 64 184
15 23 410 3
15 24 398 346
15 25 668 50
15 26 724 310
15 27 306 330
15 28 591 51
15 29 69 148
15 30 329 193
15 31 277 64
16 22 895 13
16 23 701 243
16 24 260 328
16 25 773 72
16 26 859 255
16 27 129 10
16 28 40 291
16 29 547 111
16 30 482 222
16 31 650 369
17 12 691 94
17 13 843 50
17 14 416 411
17 22 840 216
17 23 496 102
17 24 55 83
17 25 162 181
17 26 50 317
17 27 404 181
17 28 782 320
17 29 368 59
17 30 764 143
17 31 801 264
18 22 499 165
18 23 896 212
18 24 353 140
18 25 132 343
18 26 512 341
18 27 588 292
18 28 589 50
18 29 422 373
18 30 123 171
18 31 108 12
19 12 260 412
19 22 377 134
19 23 791 240
19 24 45 139
19 25 986 256
19 26 678 1
19 27 962 47
19 28 629 184
19 29 586 42
19 30 706 41
19 31 492 85
20 13 535 225
20 14 232 350
20 22 814 337
20 23 737 94
20 24 467 344
20 25 139 49
20 26 583 132
20 27 500 201
20 28 138 143
20 29 949 141
20 30 336 34
20 31 702 387
21 13 508 194
21 22 219 104
21 23 508 74
21 24 387 289
21 25 735 293
21 26 584 233
21 27 5 383
21 28 402 27
21 29 634 13
21 30 889 114
21 31 834 101
22 23 122 303
22 24 976 403
22 27 724 331
22 28 422 25
22 30 149 114
22 31 818 165
23 22 122 238
23 24 408 169
23 25 676 229
23 26 127 77
23 27 721 335
23 30 751 196
23 31 935 160
23 32 687 205
23 33 883 246
23 34 252 82
23 35 805 51
23 36 83 55
23 37 162 28
23 38 985 132
23 39 262 113
23 40 370 55
23 41 824 202
24 22 976 167
24 23 408 336
24 25 294 372
24 26 412 248
24 27 112 109
24 28 56 94
24 30 550 157
24 31 529 180
24 32 586 19
24 33 885 340
24 34 299 143
24 35 835 62
24 36 846 188
24 37 531 254
24 38 915 264
24 39 121 84
24 40 494 288
24 41 761 268
25 23 676 362
25 24 294 69
25 32 964 181
25 33 223 156
25 34 213 233
25 35 605 270
25 36 210 230
25 37 831 28
25 38 179 24
25 39 777 212
25 40 280 7
25 41 563 345
26 23 127 142
26 24 412 317
26 32 860 407
26 33 25 311
26 34 709 320
26 35 115 356
26 36 629 328
26 37 273 237
26 38 318 389
26 39 102 23
26 40 590 41
26 41 566 182
27 22 724 344
27 23 721 370
27 24 112 363
27 32 85 21
27 33 809 234
27 34 158 406
27 35 79 236
27 36 230 257
27 37 779 349
27 38 904 371
27 39 916 67
27 40 395 166
27 41 750 174
28 22 422 240
28 24 56 29
28 32 345 254
28 33 62 319
28 34 765 31
28 35 503 66
28 36 605 241
28 37 605 61
28 38 52 42
28 39 684 286
28 40 86 86
28 41 815 164
29 32 668 394
29 33 677 1
29 34 900 254
29 35 446 281
29 36 741 69
29 37 565 97
29 38 782 50
29 39 1 297
29 40 722 124
29 41 183 341
30 22 149 265
30 23 751 43
30 24 550 314
30 32 76 68
30 33 16 368
30 34 8 165
30 35 112 196
30 36 254 154
30 37 393 380
30 38 183 189
30 39 35 240
30 40 514 75
30 41 336 341
31 22 818 200
31 23 935 202
31 24 529 350
31 32 348 101
31 33 46 326
31 34 814 361
31 35 856 143
31 36 122 270
31 37 679 218
31 38 76 114
31 39 532 52
31 40 512 395
31 41 241 153
32 33 349 266
32 34 19 121
32 36 669 295
32 40 846 346
33 32 349 376
33 34 431 27
33 40 199 242
33 41 648 349
33 42 576 133
33 43 402 255
33 44 98 215
33 45 662 252
33 46 686 237
33 47 289 389
33 48 344 303
33 49 587 397
33 50 710 364
33 51 848 335
34 32 19 59
34 33 431 238
34 35 597 217
34 39 919 413
34 40 737 305
34 41 684 190
34 42 196 100
34 43 384 84
34 44 708 117
34 45 36 26
34 46 883 44
34 47 710 400
34 48 16 226
34 49 833 7
34 50 184 152
34 51 68 261
35 34 597 233
35 42 285 316
35 43 400 68
35 44 406 55
35 45 556 3
35 46 608 334
35 47 70 34
35 48 564 281
35 49 692 378
35 50 615 298
35 51 448 102
36 32 669 27
36 42 447 161
36 43 522 114
36 44 182 347
36 45 537 398
36 46 188 235
36 47 432 318
36 48 295 127
36 49 63 61
36 50 536 87
36 51 935 146
37 42 753 29
37 43 703 348
37 44 512 149
37 45 231 222
37 46 896 137
37 47 996 46
37 48 558 6
37 49 780 79
37 50 626 151
37 51 708 276
38 42 421 220
38 43 703 126
38 44 682 88
38 45 941 344
38 46 36 170
38 47 796 312
38 48 103 116
38 49 521 171
38 50 50 219
38 51 121 162
39 34 919 27
39 42 552 95
39 43 577 171
39 44 21 159
39 45 701 196
39 46 734 93
39 47 164 255
39 48 257 17
39 49 895 77
39 50 876 212
39 51 404 312
40 32 846 187
40 33 199 121
40 34 737 312
40 42 350 287
40 43 368 338
40 44 625 113
40 45 351 123
40 46 927 86
40 47 553 51
40 48 466 292
40 49 350 108
40 50 888 337
40 51 240 204
41 33 648 249
41 34 684 297
41 42 912 172
41 43 289 228
41 44 196 35
41 45 61 159
41 46 565 343
41 47 593 160
41 48 954 229
41 49 939 38
41 50 36 98
41 51 213 134
42 43 489 222
42 44 741 69
42 46 996 254
42 47 347 408
42 49 63 261
42 50 212 172
43 42 489 399
43 44 614 78
43 45 908 325
43 46 460 168
43 48 837 150
43 50 75 45
43 52 406 121
43 53 850 403
43 54 143 413
43 55 113 260
43 56 106 10
43 57 799 195
43 58 315 65
43 59 476 144
43 60 54 46
43 61 171 372
44 42 741 110
44 43 614 121
44 46 799 287
44 48 277 241
44 49 226 138
44 52 989 148
44 53 912 289
44 54 958 238
44 55 777 310
44 56 271 7
44 57 194 379
44 58 262 375
44 59 19 376
44 60 574 224
44 61 822 266
45 43 908 301
45 52 172 226
45 53 660 236
45 54 883 72
45 55 757 315
45 56 54 209
45 57 147 3
45 58 426 145
45 59 424 273
45 60 458 67
45 61 314 246
46 42 996 138
46 43 460 290
46 44 799 229
46 52 333 175
46 53 742 186
46 54 565 195
46 55 838 299
46 56 59 244
46 57 653 148
46 58 762 375
46 59 966 159
46 60 282 93
46 61 628 266
47 42 347 360
47 52 858 170
47 53 165 286
47 54 146 89
47 55 752 355
47 56 670 253
47 57 518 234
47 58 530 2
47 59 407 160
47 60 235 301
47 61 438 374
48 43 837 265
48 44 277 353
48 52 448 315
48 53 85 211
48 54 302 88
48 55 66 296
48 56 105 223
48 57 328 222
48 58 947 219
48 59 941 163
48 60 530 382
48 61 73 36
49 42 63 345
49 44 226 96
49 52 92 323
49 53 607 301
49 54 390 387
49 55 109 368
49 56 712 45
49 57 48 274
49 58 13 208
49 59 18 197
49 60 352 223
49 61 232 132
50 42 212 226
50 43 75 147
50 52 452 177
50 53 101 147
50 54 549 303
50 55 314 4
50 56 901 282
50 57 920 336
50 58 122 361
50 59 225 396
50 60 183 283
50 61 377 295
51 52 346 260
51 53 692 184
51 54 992 279
51 55 971 165
51 56 823 263
51 57 462 62
51 58 780 184
51 59 745 13
51 60 576 404
51 61 593 384
52 53 115 351
52 54 442 331
52 56 143 209
53 52 115 195
53 54 822 147
53 61 970 209
53 62 209 325
53 63 497 311
53 64 797 27
53 65 901 215
53 66 549 198
53 67 254 89
53 68 34 370
53 69 998 24
53 70 325 34
53 71 418 368
54 52 442 257
54 53 822 153
54 59 886 40
54 62 704 182
54 63 779 112
54 64 467 344
54 65 728 269
54 66 699 60
54 67 295 407
54 68 690 57
54 69 759 135
54 70 356 239
54 71 392 94
55 62 120 59
55 63 232 185
55 64 517 243
55 65 324 167
55 66 972 248
55 67 29 181
55 68 855 370
55 69 89 157
55 70 715 329
55 71 717 164
56 52 143 311
56 62 896 188
56 63 171 304
56 64 335 69
56 65 733 258
56 66 674 383
56 67 488 56
56 68 310 124
56 69 970 184
56 70 439 313
56 71 941 405
57 62 707 45
57 63 763 96
57 64 495 88
57 65 412 178
57 66 357 366
57 67 365 364
57 68 196 88
57 69 806 126
57 70 944 119
57 71 921 211
58 62 503 58
58 63 88 333
58 64 923 252
58 65 453 44
58 66 171 113
58 67 292 310
58 68 489 324
58 69 139 313
58 70 979 294
58 71 29 179
59 54 886 299
59 62 260 102
59 63 72 41
59 64 250 359
59 65 354 189
59 66 546 394
59 67 29 165
59 68 567 406
59 69 674 98
59 70 114 233
59 71 652 16
60 62 622 192
60 63 145 247
60 64 951 22
60 65 228 64
60 66 888 386
60 67 157 184
60 68 669 357
60 69 520 290
60 70 936 286
60 71 450 206
61 53 970 1
61 62 385 122
61 63 60 197
61 64 549 341
61 65 25 205
61 66 96 395
61 67 901 166
61 68 519 12
61 69 648 167
61 70 140 196
61 71 307 150
62 63 157 46
62 64 176 318
62 65 581 130
62 66 328 398
62 68 181 336
62 71 968 193
63 62 157 162
63 64 277 163
63 65 579 338
63 67 369 226
63 68 808 48
63 69 329 187
63 71 207 254
63 72 718 298
63 73 276 61
63 74 321 178
63 75 107 123
63 76 203 2
63 77 410 195
63 78 662 86
63 79 914 344
63 80 978 336
63 81 578 34
64 62 176 146
64 63 277 44
64 68 229 336
64 69 668 379
64 72 390 80
64 73 506 335
64 74 697 33
64 75 30 248
64 76 823 45
64 77 299 23
64 78 840 341
64 79 459 171
64 80 935 308
64 81 725 136
65 62 581 411
65 63 579 367
65 72 418 38
65 73 343 299
65 74 773 15
65 75 904 221
65 76 629 138
65 77 798 127
65 78 285 86
65 79 758 177
65 80 824 290
65 81 456 279
66 62 328 83
66 72 286 47
66 73 900 385
66 74 665 366
66 75 983 183
66 76 932 283
66 77 178 182
66 78 694 277
66 79 27 83
66 80 360 153
66 81 925 78
67 63 369 293
67 72 701 85
67 73 217 18
67 74 232 374
67 75 503 103
67 76 76 367
67 77 39 174
67 78 743 29
67 79 751 186
67 80 27 56
67 81 502 220
68 62 181 300
68 63 808 165
68 64 229 151
68 72 624 308
68 73 927 77
68 74 770 399
68 75 317 286
68 76 445 190
68 77 239 358
68 78 108 371
68 79 551 282
68 80 499 323
68 81 948 144
69 63 329 123
69 64 668 249
69 72 495 70
69 73 302 346
69 74 918 111
69 75 265 28
69 76 536 293
69 77 998 105
69 78 82 308
69 79 469 278
69 80 620 343
69 81 138 45
70 72 261 63
70 73 48 394
70 74 134 400
70 75 489 77
70 76 113 139
70 77 433 116
70 78 4 201
70 79 69 272
70 80 964 5
70 81 434 184
71 62 968 164
71 63 207 289
71 72 868 80
71 73 900 59
71 74 198 42
71 75 783 406
71 76 526 76
71 77 742 149
71 78 888 293
71 79 241 409
71 80 267 28
71 81 445 42
72 73 104 277
72 74 52 63
72 77 537 78
72 80 827 231
73 72 104 203
73 74 462 310
73 76 502 350
73 77 186 172
73 79 244 297
73 80 308 97
73 82 923 4
73 83 803 208
73 84 913 67
73 85 477 275
73 86 319 212
73 87 531 411
73 88 189 227
73 89 543 245
73 90 744 117
73 91 336 406
74 72 52 43
74 73 462 302
74 75 672 60
74 76 462 81
74 77 806 221
74 79 972 399
74 80 760 134
74 82 342 242
74 83 767 231
74 84 451 238
74 85 410 387
74 86 888 354
74 87 530 268
74 88 863 309
74 89 133 157
74 90 203 230
74 91 110 342
75 74 672 264
75 82 696 346
75 83 191 54
75 84 759 224
75 85 835 253
75 86 884 39
75 87 6 311
75 88 530 108
75 89 570 197
75 90 646 176
75 91 8 301
76 73 502 100
76 74 462 328
76 82 152 61
76 83 311 203
76 84 65 114
76 85 471 205
76 86 393 220
76 87 13 118
76 88 349 100
76 89 39 168
76 90 591 316
76 91 956 329
77 72 537 385
77 73 186 4
77 74 806 171
77 82 822 179
77 83 199 104
77 84 537 4
77 85 797 300
77 86 423 303
77 87 582 198
77 88 225 369
77 89 164 317
77 90 264 199
77 91 135 30
78 82 258 283
78 83 282 229
78 84 339 74
78 85 630 79
78 86 116 96
78 87 68 21
78 88 302 376
78 89 39 123
78 90 360 370
78 91 738 407
79 73 244 23
79 74 972 378
79 82 757 254
79 83 843 131
79 84 837 9
79 85 547 52
79 86 211 58
79 87 359 54
79 88 333 250
79 89 2 86
79 90 757 195
79 91 546 413
80 72 827 10
80 73 308 346
80 74 760 322
80 82 896 145
80 83 947 33
80 84 370 45
80 85 356 103
80 86 29 230
80 87 670 36
80 88 79 166
80 89 284 349
80 90 41 352
80 91 881 268
81 82 616 67
81 83 572 237
81 84 592 184
81 85 143 11
81 86 565 281
81 87 926 368
81 88 334 58
81 89 84 159
81 90 988 166
81 91 659 13
82 83 165 240
82 84 217 309
82 86 541 139
82 89 381 81
82 91 159 144
83 82 165 200
83 84 789 39
83 88 598 389
83 89 404 340
83 90 420 110
83 92 937 121
83 93 264 404
83 94 592 398
83 95 837 217
83 96 212 168
83 97 589 141
83 98 737 48
83 99 173 4
83 100 556 403
83 101 797 401
84 82 217 404
84 83 789 67
84 87 951 393
84 88 694 396
84 90 731 51
84 91 377 363
84 92 428 272
84 93 172 264
84 94 176 94
84 95 366 10
84 96 757 216
84 97 956 108
84 98 931 113
84 99 712 251
84 100 732 142
84 101 536 106
85 92 685 121
85 93 679 298
85 94 695 406
85 95 10 217
85 96 320 223
85 97 649 368
85 98 73 127
85 99 136 260
85 100 189 268
85 101 716 82
86 82 541 232
86 92 94 153
86 93 513 163
86 94 566 117
86 95 1 324
86 96 276 117
86 97 258 372
86 98 99 266
86 99 606 19
86 100 943 352
86 101 729 243
87 84 951 365
87 92 755 59
87 93 201 397
87 94 85 360
87 95 501 412
87 96 221 401
87 97 740 210
87 98 884 42
87 99 478 142
87 100 60 241
87 101 422 120
88 83 598 142
88 84 694 127
88 92 258 131
88 93 44 82
88 94 773 192
88 95 549 63
88 96 560 119
88 97 5 122
88 98 654 18
88 99 284 402
88 100 731 386
88 101 556 163
89 82 381 135
89 83 404 254
89 92 884 314
89 93 974 404
89 94 78 209
89 95 838 168
89 96 373 357
89 97 102 287
89 98 463 295
89 99 872 12
89 100 515 232
89 101 990 87
90 83 420 336
90 84 731 101
90 92 191 389
90 93 749 20
90 94 308 118
90 95 138 124
90 96 366 288
90 97 50 53
90 98 286 399
90 99 459 400
90 100 919 315
90 101 890 69
91 82 159 8
91 84 377 370
91 92 678 291
91 93 115 321
91 94 42 94
91 95 537 183
91 96 102 6
91 97 970 54
91 98 281 11
91 99 847 205
91 100 375 71
91 101 607 180
92 93 285 241
92 94 105 357
92 95 559 29
92 96 590 195
92 98 511 51
92 100 571 341
93 92 285 151
93 94 138 170
93 96 64 394
93 99 730 404
93 102 308 7
93 103 997 333
93 104 694 20
93 105 176 397
93 106 566 271
93 107 626 220
93 108 614 380
93 109 429 282
93 110 784 304
93 111 644 9
94 92 105 210
94 93 138 359
94 95 270 284
94 97 755 256
94 98 435 399
94 99 757 79
94 102 461 64
94 103 295 159
94 104 631 353
94 105 377 287
94 106 68 46
94 107 754 265
94 108 606 71
94 109 70 175
94 110 987 398
94 111 201 240
95 92 559 383
95 94 270 301
95 102 572 307
95 103 390 329
95 104 577 313
95 105 646 64
95 106 646 315
95 107 827 168
95 108 112 390
95 109 53 108
95 110 616 150
95 111 749 309
96 92 590 398
96 93 64 407
96 102 41 351
96 103 572 163
96 104 478 297
96 105 876 349
96 106 320 112
96 107 174 371
96 108 118 242
96 109 611 25
96 110 416 386
96 111 538 91
97 94 755 281
97 102 643 309
97 103 209 405
97 104 337 341
97 105 160 222
97 106 217 151
97 107 340 11
97 108 61 202
97 109 105 50
97 110 320 314
97 111 416 35
98 92 511 253
98 94 435 278
98 102 564 124
98 103 977 2
98 104 877 364
98 105 253 369
98 106 602 151
98 107 268 24
98 108 37 262
98 109 77 299
98 110 25 81
98 111 914 54
99 93 730 106
99 94 757 312
99 102 82 380
99 103 821 192
99 104 700 203
99 105 957 281
99 106 827 48
99 107 658 283
99 108 713 249
99 109 530 215
99 110 341 327
99 111 139 107
100 92 571 49
100 102 325 234
100 103 671 373
100 104 701 104
100 105 224 144
100 106 844 233
100 107 830 381
100 108 871 172
100 109 977 229
100 110 471 342
100 111 683 149
101 102 419 125
101 103 852 189
101 104 881 101
101 105 821 102
101 106 670 130
101 107 463 17
101 108 550 158
101 109 443 36
101 110 816 52
101 111 257 392
102 103 27 248
102 104 482 96
102 106 587 360
102 108 103 77
102 109 743 28
103 102 27 210
103 104 699 405
103 106 110 58
103 107 706 10
103 108 828 296
103 109 918 131
103 111 577 128
103 112 930 299
103 113 109 92
103 114 173 70
103 115 326 235
103 116 956 385
103 117 751 88
103 118 244 293
103 119 750 119
103 120 588 213
103 121 967 196
104 102 482 121
104 103 699 361
104 108 540 317
104 109 457 389
104 110 511 142
104 111 573 399
104 112 240 394
104 113 842 209
104 114 904 324
104 115 219 242
104 116 440 138
104 117 169 332
104 118 868 90
104 119 210 413
104 120 400 15
104 121 766 58
105 112 592 219
105 113 586 195
105 114 623 53
105 115 21 313
105 116 871 56
105 117 554 407
105 118 294 160
105 119 378 265
105 120 959 243
105 121 439 85
106 102 587 212
106 103 110 396
106 112 192 305
106 113 431 196
106 114 108 247
106 115 829 254
106 116 333 160
106 117 154 183
106 118 223 329
106 119 878 310
106 120 844 368
106 121 892 87
107 103 706 80
107 112 653 134
107 113 849 241
107 114 464 358
107 115 599 402
107 116 526 106
107 117 943 279
107 118 297 334
107 119 893 407
107 120 223 2
107 121 18 167
108 102 103 169
108 103 828 125
108 104 540 333
108 112 534 72
108 113 18 278
108 114 657 54
108 115 735 13
108 116 562 24
108 117 586 159
108 118 683 185
108 119 562 352
108 120 981 64
108 121 634 171
109 102 743 101
109 103 918 279
109 104 457 237
109 112 795 107
109 113 661 257
109 114 72 71
109 115 728 410
109 116 368 277
109 117 559 322
109 118 698 396
109 119 565 71
109 120 802 15
109 121 556 16
110 104 511 301
110 112 53 43
110 113 371 233
110 114 617 273
110 115 268 5
110 116 833 80
110 117 295 371
110 118 459 196
110 119 11 405
110 120 211 242
110 121 607 188
111 103 577 95
111 104 573 275
111 112 247 310
111 113 25 359
111 114 144 24
111 115 931 100
111 116 782 301
111 117 250 146
111 118 846 215
111 119 993 407
111 120 58 289
111 121 132 146
112 113 53 5
112 114 60 329
112 118 933 361
112 121 955 338
113 112 53 71
113 114 594 74
113 115 235 173
113 117 987 211
113 120 253 100
113 122 822 296
113 123 452 240
113 124 270 368
113 125 327 184
113 126 291 352
113 127 204 364
113 128 186 258
113 129 25 382
113 130 406 197
113 131 736 336
114 112 60 390
114 113 594 168
114 117 381 152
114 118 404 382
114 120 222 172
114 121 253 16
114 122 957 357
114 123 668 7
114 124 681 190
114 125 117 110
114 126 828 202
114 127 226 53
114 128 183 119
114 129 60 137
114 130 439 15
114 131 144 67
115 113 235 207
115 122 993 345
115 123 823 311
115 124 955 156
115 125 144 298
115 126 122 107
115 127 483 130
115 128 437 359
115 129 531 185
115 130 370 106
115 131 810 3
116 122 26 393
116 123 264 118
116 124 259 359
116 125 384 379
116 126 878 58
116 127 401 144
116 128 587 216
116 129 563 160
116 130 230 68
116 131 635 401
117 113 987 363
117 114 381 387
117 122 895 98
117 123 487 197
117 124 107 388
117 125 790 53
117 126 450 387
117 127 431 23
117 128 709 83
117 129 578 65
117 130 151 89
117 131 347 1
118 112 933 227
118 114 404 173
118 122 326 279
118 123 602 219
118 124 826 247
118 125 676 105
118 126 674 307
118 127 554 60
118 128 513 262
118 129 127 26
118 130 991 152
118 131 882 291
119 122 246 389
119 123 13 224
119 124 734 271
119 125 181 79
119 126 562 384
119 127 806 73
119 128 20 226
119 129 155 329
119 130 569 337
119 131 993 231
120 113 253 47
120 114 222 61
120 122 725 340
120 123 921 50
120 124 338 49
120 125 818 341
120 126 56 106
120 127 652 283
120 128 208 246
120 129 774 264
120 130 258 118
120 131 531 2
121 112 955 204
121 114 253 104
121 122 109 288
121 123 935 41
121 124 776 1
121 125 28 335
121 126 458 396
121 127 362 394
121 128 400 305
121 129 182 7
121 130 345 62
121 131 755 393
122 123 326 261
122 124 489 180
122 128 57 84
122 131 860 411
123 122 326 357
123 124 717 308
123 129 688 387
123 131 810 328
123 132 484 46
123 133 827 188
123 134 568 267
123 135 266 262
123 136 345 117
123 137 249 196
123 138 678 130
123 139 553 408
123 140 757 319
123 141 353 63
124 122 489 213
124 123 717 187
124 125 426 149
124 127 345 242
124 128 371 9
124 130 421 130
124 132 487 211
124 133 433 252
124 134 762 339
124 135 923 7
124 136 311 354
124 137 243 298
124 138 605 373
124 139 699 362
124 140 381 72
124 141 240 241
125 124 426 245
125 132 701 155
125 133 604 177
125 134 397 290
125 135 252 234
125 136 125 384
125 137 759 158
125 138 557 317
125 139 60 198
125 140 811 149
125 141 400 379
126 132 49 390
126 133 265 365
126 134 886 402
126 135 919 5
126 136 151 177
126 137 478 33
126 138 562 155
126 139 72 387
126 140 394 166
126 141 350 327
127 124 345 18
127 132 456 120
127 133 306 237
127 134 505 265
127 135 972 42
127 136 981 366
127 137 448 331
127 138 387 103
127 139 528 145
127 140 756 406
127 141 269 291
128 122 57 126
128 124 371 6
128 132 555 184
128 133 630 252
128 134 417 289
128 135 150 106
128 136 391 101
128 137 985 266
128 138 525 81
128 139 601 117
128 140 344 50
128 141 387 278
129 123 688 114
129 132 626 291
129 133 198 322
129 134 518 230
129 135 652 59
129 136 381 68
129 137 154 92
129 138 477 348
129 139 534 105
129 140 172 44
129 141 561 93
130 124 421 215
130 132 148 209
130 133 907 282
130 134 944 190
130 135 39 82
130 136 336 318
130 137 643 22
130 138 923 343
130 139 837 7
130 140 443 74
130 141 558 69
131 122 860 326
131 123 810 410
131 132 493 406
131 133 730 161
131 134 409 203
131 135 695 210
131 136 198 370
131 137 345 408
131 138 340 207
131 139 815 236
131 140 947 257
131 141 251 353
132 133 646 109
132 134 565 143
132 135 90 146
132 137 542 109
132 139 742 411
133 132 646 104
133 134 722 317
133 140 312 17
133 142 985 294
133 143 743 394
133 144 599 77
133 145 182 147
133 146 871 285
133 147 739 350
133 148 37 354
133 149 572 68
133 150 96 94
133 151 720 373
134 132 565 380
134 133 722 253
134 139 576 258
134 142 253 223
134 143 472 313
134 144 957 218
134 145 750 238
134 146 470 23
134 147 129 397
134 148 747 1
134 149 944 376
134 150 583 156
134 151 684 255
135 132 90 281
135 142 752 24
135 143 18 278
135 144 365 223
135 145 809 42
135 146 524 399
135 147 549 341
135 148 318 224
135 149 809 221
135 150 480 22
135 151 480 305
136 142 432 79
136 143 912 309
136 144 159 102
136 145 963 216
136 146 296 233
136 147 661 122
136 148 344 248
136 149 760 115
136 150 683 134
136 151 246 92
137 132 542 105
137 142 740 252
137 143 665 159
137 144 601 117
137 145 766 264
137 146 239 277
137 147 378 361
137 148 16 410
137 149 520 19
137 150 349 271
137 151 452 62
138 142 649 119
138 143 536 127
138 144 5 346
138 145 8 334
138 146 682 233
138 147 3 219
138 148 734 268
138 149 648 187
138 150 725 6
138 151 405 137
139 132 742 301
139 134 576 129
139 142 679 149
139 143 621 128
139 144 664 131
139 145 599 61
139 146 737 108
139 147 432 386
139 148 690 283
139 149 617 285
139 150 390 323
139 151 214 26
140 133 312 302
140 142 733 408
140 143 782 362
140 144 187 343
140 145 464 294
140 146 890 309
140 147 963 220
140 148 626 47
140 149 887 149
140 150 196 80
140 151 676 124
141 142 535 185
141 143 708 394
141 144 648 173
141 145 123 290
141 146 804 327
141 147 664 154
141 148 627 42
141 149 736 301
141 150 735 27
141 151 185 128
142 143 689 185
142 144 393 245
142 145 129 239
142 146 990 103
142 150 871 187
142 152 189 200
143 142 689 295
143 144 75 58
143 145 619 253
143 146 53 331
143 148 988 201
143 149 178 302
143 152 514 201
144 142 393 39
144 143 75 231
144 145 708 197
144 147 929 363
144 148 252 338
144 149 378 195
144 150 663 365
144 152 115 94
145 142 129 397
145 143 619 55
145 144 708 298
145 152 992 281
146 142 990 86
146 143 53 192
146 152 726 9
147 144 929 369
147 152 514 8
148 143 988 309
148 144 252 326
148 152 508 23
149 143 178 17
149 144 378 333
149 152 726 175
150 142 871 75
150 144 663 154
150 152 331 98
151 152 860 250
