152 1692 1 152 8 423
1 2 933 407
1 3 102 52
1 4 837 411
1 5 190 24
1 6 287 404
1 7 536 410
1 8 734 389
1 9 151 106
1 10 909 265
1 11 671 174
2 3 307 103
2 4 747 198
2 6 996 119
2 7 924 364
2 9 40 346
2 10 351 286
2 11 392 239
3 2 307 109
3 4 278 45
3 7 815 213
3 8 160 395
3 10 240 328
3 11 319 418
3 12 21 34
3 13 759 347
3 14 303 311
3 15 85 279
3 16 518 118
3 17 360 225
3 18 670 155
3 19 928 416
3 20 772 383
3 21 240 370
4 2 747 30
4 3 278 191
4 7 884 406
4 11 913 82
4 12 640 192
4 13 671 317
4 14 378 300
4 15 52 381
4 16 603 417
4 17 978 222
4 18 945 14
4 19 714 135
4 20 319 401
4 21 298 219
5 12 640 399
5 13 670 219
5 14 697 88
5 15 262 380
5 16 958 31
5 17 712 372
5 18 695 319
5 19 632 373
5 20 792 159
5 21 163 422
6 2 996 350
6 12 90 291
6 13 848 187
6 14 798 367
6 15 77 324
6 16 833 101
6 17 828 42
6 18 50 85
6 19 530 237
6 20 269 187
6 21 8 149
7 2 924 167
7 3 815 192
7 4 884 100
7 12 827 402
7 13 851 186
7 14 624 159
7 15 386 295
7 16 40 89
7 17 415 301
7 18 344 380
7 19 820 348
7 20 157 68
7 21 553 410
8 3 160 251
8 12 101 231
8 13 397 262
8 14 241 403
8 15 147 117
8 16 698 383
8 17 55 70
8 18 57 45
8 19 197 394
8 20 458 30
8 21 333 93
9 2 40 349
9 12 299 60
9 13 149 177
9 14 73 150
9 15 69 219
9 16 451 245
9 17 143 320
9 18 84 364
9 19 657 75
9 20 604 277
9 21 756 337
10 2 351 94
10 3 240 317
10 12 768 131
10 13 722 197
10 14 77 415
10 15 718 318
10 16 93 117
10 17 555 407
10 18 833 311
10 19 223 86
10 20 52 368
10 21 104 38
11 2 392 199
11 3 319 356
11 4 913 143
11 12 710 191
11 13 348 20
11 14 852 86
11 15 319 361
11 16 619 390
11 17 699 81
11 18 395 141
11 19 23 178
11 20 148 56
11 21 478 77
12 13 535 155
12 14 26 199
12 16 456 393
12 17 853 47
12 18 930 337
13 12 535 168
13 14 316 52
13 16 291 5
13 17 328 255
13 20 247 30
13 22 599 29
13 23 863 34
13 24 7 173
13 25 567 180
13 26 799 382
13 27 732 383
13 28 69 327
13 29 759 147
13 30 53 183
13 31 918 306
14 12 26 235
14 13 316 167
14 15 306 407
14 16 115 192
14 17 350 311
14 19 430 136
14 20 512 166
14 21 637 386
14 22 87 415
14 23 635 63
14 24 138 338
14 25 137 289
14 26 574 49
14 27 879 402
14 28 440 36
14 29 477 42
14 30 448 40
14 31 670 286
15 14 306 399
15 22 674 256
15 23 504 282
15 24 668 136
15 25 238 38
15 26 865 30
15 27 875 228
15 28 780 326
15 29 771 209
15 30 628 43
15 31 441 276
16 12 456 204
16 13 291 164
16 14 115 255
16 22 191 171
16 23 780 399
16 24 53 140
16 25 153 222
16 26 921 319
16 27 485 97
16 28 869 329
16 29 132 209
16 30 387 289
16 31 51 17
17 12 853 217
17 13 328 382
17 14 350 103
17 22 162 15
17 23 323 255
17 24 239 136
17 25 493 58
17 26 31 379
17 27 104 115
17 28 243 321
17 29 293 278
17 30 829 276
17 31 168 352
18 12 930 308
18 22 963 164
18 23 894 322
18 24 627 21
18 25 547 313
18 26 76 102
18 27 726 159
18 28 865 168
18 29 600 404
18 30 13 170
18 31 788 329
19 14 430 41
19 22 177 300
19 23 850 403
19 24 64 271
19 25 137 81
19 26 501 37
19 27 100 165
19 28 729 292
19 29 367 98
19 30 935 421
19 31 198 319
20 13 247 332
20 14 512 165
20 22 777 406
20 23 218 411
20 24 333 259
20 25 336 325
20 26 992 289
20 27 450 363
20 28 763 194
20 29 763 337
20 30 252 114
20 31 396 421
21 14 637 14
21 22 989 381
21 23 46 212
21 24 832 144
21 25 267 316
21 26 726 282
21 27 106 229
21 28 965 397
21 29 554 110
21 30 591 196
21 31 896 165
22 23 302 140
22 24 250 263
22 25 805 361
22 28 325 208
22 30 700 98
22 31 529 13
23 22 302 90
23 24 889 111
23 25 15 96
23 26 954 228
23 28 786 235
23 29 520 350
23 32 228 141
23 33 193 233
23 34 272 233
23 35 773 394
23 36 461 398
23 37 613 300
23 38 980 331
23 39 917 268
23 40 558 243
23 41 893 166
24 22 250 144
24 23 889 2
24 25 950 248
24 26 131 381
24 29 121 120
24 32 100 342
24 33 68 72
24 34 740 121
24 35 961 26
24 36 227 370
24 37 328 358
24 38 649 223
24 39 387 186
24 40 181 88
24 41 239 352
25 22 805 331
25 23 15 394
25 24 950 121
25 32 980 235
25 33 580 231
25 34 569 188
25 35 163 418
25 36 778 360
25 37 956 278
25 38 31 33
25 39 83 31
25 40 770 338
25 41 848 14
26 23 954 120
26 24 131 55
26 32 589 274
26 33 5 192
26 34 553 226
26 35 908 249
26 36 977 403
26 37 565 317
26 38 777 58
26 39 429 172
26 40 694 289
26 41 3 172
27 32 287 338
27 33 777 281
27 34 938 302
27 35 555 418
27 36 596 195
27 37 40 84
27 38 199 70
27 39 109 325
27 40 52 103
27 41 696 301
28 22 325 29
28 23 786 362
28 32 509 220
28 33 976 422
28 34 333 245
28 35 277 381
28 36 1000 308
28 37 129 101
28 38 503 72
28 39 354 174
28 40 93 167
28 41 467 260
29 23 520 164
29 24 121 96
29 32 144 367
29 33 847 314
29 34 963 154
29 35 967 193
29 36 878 382
29 37 471 267
29 38 552 115
29 39 402 109
29 40 251 364
29 41 630 86
30 22 700 290
30 32 333 318
30 33 775 99
30 34 375 97
30 35 892 420
30 36 890 144
30 37 882 162
30 38 238 153
30 39 352 192
30 40 165 155
30 41 92 111
31 22 529 153
31 32 980 388
31 33 602 332
31 34 269 336
31 35 23 215
31 36 227 110
31 37 50 4
31 38 894 256
31 39 479 14
31 40 917 113
31 41 448 412
32 33 937 123
32 34 100 410
32 35 331 198
32 38 696 264
32 39 782 66
32 41 267 404
33 32 937 223
33 34 133 125
33 36 723 47
33 39 184 110
33 42 846 7
33 43 728 288
33 44 224 398
33 45 264 230
33 46 662 200
33 47 285 20
33 48 100 12
33 49 157 419
33 50 457 321
33 51 686 389
34 32 100 285
34 33 133 62
34 35 516 201
34 36 300 142
34 38 168 161
34 39 622 308
34 42 9 66
34 43 380 106
34 44 58 172
34 45 599 396
34 46 697 46
34 47 741 423
34 48 887 326
34 49 867 58
34 50 140 329
34 51 782 253
35 32 331 171
35 34 516 86
35 42 296 114
35 43 790 370
35 44 554 173
35 45 396 293
35 46 894 127
35 47 850 36
35 48 818 187
35 49 490 25
35 50 180 304
35 51 511 202
36 33 723 344
36 34 300 268
36 42 883 33
36 43 133 242
36 44 481 43
36 45 991 206
36 46 568 390
36 47 545 218
36 48 752 116
36 49 339 416
36 50 831 384
36 51 696 30
37 42 395 365
37 43 333 15
37 44 714 347
37 45 749 63
37 46 735 187
37 47 827 247
37 48 178 319
37 49 326 302
37 50 841 256
37 51 213 214
38 32 696 391
38 34 168 337
38 42 196 323
38 43 725 63
38 44 51 422
38 45 157 215
38 46 292 72
38 47 412 335
38 48 466 268
38 49 674 122
38 50 29 90
38 51 517 211
39 32 782 310
39 33 184 299
39 34 622 273
39 42 763 175
39 43 631 421
39 44 636 49
39 45 576 144
39 46 137 188
39 47 78 348
39 48 889 151
39 49 182 180
39 50 575 9
39 51 875 316
40 42 123 1
40 43 952 108
40 44 246 137
40 45 610 7
40 46 904 368
40 47 250 341
40 48 772 409
40 49 134 146
40 50 353 1
40 51 494 350
41 32 267 380
41 42 890 109
41 43 389 9
41 44 143 74
41 45 925 58
41 46 310 215
41 47 478 345
41 48 24 311
41 49 364 159
41 50 713 161
41 51 639 172
42 43 875 317
42 44 449 34
42 46 567 243
42 47 631 363
42 50 964 304
42 51 857 65
43 42 875 316
43 44 387 232
43 45 711 247
43 46 614 206
43 48 990 263
43 49 241 48
43 52 636 139
43 53 411 62
43 54 210 368
43 55 844 171
43 56 345 411
43 57 707 307
43 58 602 175
43 59 660 236
43 60 39 242
43 61 710 281
44 42 449 376
44 43 387 10
44 46 810 86
44 47 30 63
44 49 328 285
44 52 231 49
44 53 478 160
44 54 528 152
44 55 733 367
44 56 183 287
44 57 695 365
44 58 617 139
44 59 733 292
44 60 781 207
44 61 673 283
45 43 711 347
45 52 287 310
45 53 93 79
45 54 347 190
45 55 495 245
45 56 275 189
45 57 143 57
45 58 146 303
45 59 634 388
45 60 727 181
45 61 83 80
46 42 567 396
46 43 614 372
46 44 810 167
46 52 818 186
46 53 677 369
46 54 191 279
46 55 934 248
46 56 4 348
46 57 326 163
46 58 942 214
46 59 70 352
46 60 39 387
46 61 581 420
47 42 631 413
47 44 30 238
47 52 834 327
47 53 296 175
47 54 928 11
47 55 403 149
47 56 849 310
47 57 523 289
47 58 881 54
47 59 886 376
47 60 659 17
47 61 622 268
48 43 990 417
48 52 113 286
48 53 49 368
48 54 898 329
48 55 80 154
48 56 473 287
48 57 253 365
48 58 846 29
48 59 568 340
48 60 816 315
48 61 133 417
49 43 241 68
49 44 328 337
49 52 510 411
49 53 454 336
49 54 525 241
49 55 658 128
49 56 409 414
49 57 111 163
49 58 853 97
49 59 141 83
49 60 225 408
49 61 475 181
50 42 964 250
50 52 994 338
50 53 321 283
50 54 504 186
50 55 647 43
50 56 414 269
50 57 812 147
50 58 602 379
50 59 487 179
50 60 117 35
50 61 346 21
51 42 857 331
51 52 831 418
51 53 199 324
51 54 774 189
51 55 573 88
51 56 236 73
51 57 790 101
51 58 265 235
51 59 262 102
51 60 239 186
51 61 364 71
52 53 618 225
52 54 916 377
52 55 3 244
52 56 145 275
52 59 723 297
52 61 3 29
53 52 618 80
53 54 442 81
53 56 432 134
53 61 514 55
53 62 644 153
53 63 295 258
53 64 518 389
53 65 17 280
53 66 340 40
53 67 7 186
53 68 377 386
53 69 980 28
53 70 279 174
53 71 124 233
54 52 916 284
54 53 442 366
54 55 699 372
54 56 369 80
54 58 593 361
54 59 293 358
54 62 120 100
54 63 208 324
54 64 22 192
54 65 746 110
54 66 502 156
54 67 760 78
54 68 819 99
54 69 777 1
54 70 180 209
54 71 200 59
55 52 3 109
55 54 699 117
55 62 382 300
55 63 364 52
55 64 236 262
55 65 963 384
55 66 283 88
55 67 900 43
55 68 526 58
55 69 219 326
55 70 81 222
55 71 949 100
56 52 145 68
56 53 432 283
56 54 369 119
56 62 652 273
56 63 272 269
56 64 616 314
56 65 250 294
56 66 81 311
56 67 940 208
56 68 647 122
56 69 515 47
56 70 102 145
56 71 701 145
57 62 900 214
57 63 850 126
57 64 249 266
57 65 453 340
57 66 563 329
57 67 673 392
57 68 391 397
57 69 330 63
57 70 159 276
57 71 378 151
58 54 593 354
58 62 530 58
58 63 598 369
58 64 317 144
58 65 55 342
58 66 138 154
58 67 104 57
58 68 256 69
58 69 16 224
58 70 415 315
58 71 256 181
59 52 723 158
59 54 293 162
59 62 565 349
59 63 51 335
59 64 637 135
59 65 875 114
59 66 618 410
59 67 653 100
59 68 317 352
59 69 363 354
59 70 873 274
59 71 145 302
60 62 695 264
60 63 470 277
60 64 417 10
60 65 526 353
60 66 44 335
60 67 943 212
60 68 37 404
60 69 854 151
60 70 336 48
60 71 563 68
61 52 3 314
61 53 514 255
61 62 281 73
61 63 279 179
61 64 329 398
61 65 199 216
61 66 574 50
61 67 711 18
61 68 663 323
61 69 971 190
61 70 70 360
61 71 357 314
62 63 423 311
62 64 532 95
62 65 999 403
62 66 1 29
62 67 571 87
62 69 514 98
62 70 371 353
62 71 407 401
63 62 423 278
63 64 337 417
63 68 66 96
63 70 111 283
63 72 222 185
63 73 751 29
63 74 634 57
63 75 948 110
63 76 385 327
63 77 599 229
63 78 467 135
63 79 194 158
63 80 568 104
63 81 375 157
64 62 532 12
64 63 337 351
64 65 297 366
64 66 395 131
64 68 773 157
64 69 17 83
64 70 664 143
64 72 420 252
64 73 824 162
64 74 522 186
64 75 829 207
64 76 318 405
64 77 385 65
64 78 106 383
64 79 320 57
64 80 787 11
64 81 941 9
65 62 999 33
65 64 297 196
65 72 346 158
65 73 143 423
65 74 277 387
65 75 130 16
65 76 626 61
65 77 617 22
65 78 498 15
65 79 555 242
65 80 251 297
65 81 154 277
66 62 1 208
66 64 395 307
66 72 313 66
66 73 73 130
66 74 917 58
66 75 972 196
66 76 733 69
66 77 564 4
66 78 459 86
66 79 356 211
66 80 505 356
66 81 903 54
67 62 571 83
67 72 905 104
67 73 979 185
67 74 123 46
67 75 946 179
67 76 204 365
67 77 863 422
67 78 131 302
67 79 92 420
67 80 212 47
67 81 914 115
68 63 66 138
68 64 773 316
68 72 608 350
68 73 396 264
68 74 323 205
68 75 10 36
68 76 156 113
68 77 233 356
68 78 643 282
68 79 23 265
68 80 885 103
68 81 529 355
69 62 514 409
69 64 17 16
69 72 661 264
69 73 282 160
69 74 74 240
69 75 881 334
69 76 443 365
69 77 137 210
69 78 270 295
69 79 869 220
69 80 549 267
69 81 945 176
70 62 371 393
70 63 111 230
70 64 664 371
70 72 648 371
70 73 611 157
70 74 681 287
70 75 160 115
70 76 99 419
70 77 331 269
70 78 966 322
70 79 69 169
70 80 89 201
70 81 199 374
71 62 407 137
71 72 758 276
71 73 883 225
71 74 927 253
71 75 141 90
71 76 786 401
71 77 579 254
71 78 202 401
71 79 681 336
71 80 691 278
71 81 635 108
72 73 529 240
72 74 526 120
72 76 749 242
72 77 58 121
72 81 360 33
73 72 529 227
73 74 609 410
73 75 434 293
73 76 162 249
73 78 32 315
73 79 842 160
73 80 790 244
73 81 757 309
73 82 609 172
73 83 577 319
73 84 711 219
73 85 630 47
73 86 952 412
73 87 674 383
73 88 947 187
73 89 680 31
73 90 397 314
73 91 18 7
74 72 526 86
74 73 609 281
74 75 777 397
74 76 703 402
74 78 298 293
74 80 913 30
74 81 301 148
74 82 180 113
74 83 178 48
74 84 408 239
74 85 111 409
74 86 614 331
74 87 750 107
74 88 580 2
74 89 408 332
74 90 486 359
74 91 178 370
75 73 434 403
75 74 777 136
75 82 748 198
75 83 493 382
75 84 969 335
75 85 847 323
75 86 723 268
75 87 713 8
75 88 357 255
75 89 916 201
75 90 217 283
75 91 508 372
76 72 749 91
76 73 162 269
76 74 703 405
76 82 531 240
76 83 674 158
76 84 131 363
76 85 603 241
76 86 178 293
76 87 39 379
76 88 846 203
76 89 554 296
76 90 934 106
76 91 2 397
77 72 58 201
77 82 885 186
77 83 826 19
77 84 248 116
77 85 537 358
77 86 372 146
77 87 857 86
77 88 167 254
77 89 682 43
77 90 144 67
77 91 967 330
78 73 32 24
78 74 298 167
78 82 633 222
78 83 123 299
78 84 333 269
78 85 896 66
78 86 896 148
78 87 553 178
78 88 931 338
78 89 15 371
78 90 530 257
78 91 239 387
79 73 842 212
79 82 992 163
79 83 495 175
79 84 907 201
79 85 151 59
79 86 305 26
79 87 334 9
79 88 369 176
79 89 899 188
79 90 565 308
79 91 934 234
80 73 790 122
80 74 913 40
80 82 983 402
80 83 725 303
80 84 220 300
80 85 931 112
80 86 530 282
80 87 963 241
80 88 239 230
80 89 194 135
80 90 9 365
80 91 889 393
81 72 360 154
81 73 757 126
81 74 301 23
81 82 951 113
81 83 930 157
81 84 898 185
81 85 520 296
81 86 358 96
81 87 128 172
81 88 775 251
81 89 461 296
81 90 458 17
81 91 21 371
82 83 330 369
82 84 602 386
82 89 109 232
82 90 578 379
83 82 330 87
83 84 817 271
83 85 123 17
83 86 673 236
83 87 76 27
83 88 989 376
83 90 554 199
83 92 235 273
83 93 13 24
83 94 307 342
83 95 831 421
83 96 795 26
83 97 40 415
83 98 430 370
83 99 854 260
83 100 787 252
83 101 619 55
84 82 602 246
84 83 817 129
84 86 399 207
84 91 456 305
84 92 328 341
84 93 622 412
84 94 414 19
84 95 496 319
84 96 929 193
84 97 508 285
84 98 285 265
84 99 493 263
84 100 185 14
84 101 868 343
85 83 123 292
85 92 724 367
85 93 242 25
85 94 783 169
85 95 191 209
85 96 914 349
85 97 984 37
85 98 863 232
85 99 327 219
85 100 842 234
85 101 330 256
86 83 673 65
86 84 399 393
86 92 825 136
86 93 792 45
86 94 847 385
86 95 484 401
86 96 925 188
86 97 519 43
86 98 133 135
86 99 941 225
86 100 380 404
86 101 578 234
87 83 76 115
87 92 997 398
87 93 220 123
87 94 313 137
87 95 953 49
87 96 755 146
87 97 273 13
87 98 722 151
87 99 657 160
87 100 320 118
87 101 177 404
88 83 989 252
88 92 809 209
88 93 401 280
88 94 52 128
88 95 939 263
88 96 418 115
88 97 392 337
88 98 855 202
88 99 840 413
88 100 572 200
88 101 257 298
89 82 109 278
89 92 70 280
89 93 856 41
89 94 397 234
89 95 179 39
89 96 836 124
89 97 706 334
89 98 142 108
89 99 235 50
89 100 368 385
89 101 457 82
90 82 578 246
90 83 554 5
90 92 236 115
90 93 410 191
90 94 843 382
90 95 524 83
90 96 346 300
90 97 134 191
90 98 519 214
90 99 318 59
90 100 698 7
90 101 358 348
91 84 456 420
91 92 498 214
91 93 852 198
91 94 519 103
91 95 242 220
91 96 88 387
91 97 786 117
91 98 171 280
91 99 833 405
91 100 472 34
91 101 780 49
92 93 111 383
92 94 221 152
92 95 608 217
92 96 781 327
92 97 763 198
92 99 518 270
92 101 378 36
93 92 111 142
93 94 99 349
93 95 865 44
93 96 610 245
93 101 458 131
93 102 637 375
93 103 20 159
93 104 647 124
93 105 753 130
93 106 908 18
93 107 98 320
93 108 287 202
93 109 907 196
93 110 746 107
93 111 861 311
94 92 221 338
94 93 99 227
94 95 556 168
94 97 822 214
94 98 561 51
94 99 89 85
94 100 709 378
94 101 907 12
94 102 923 138
94 103 377 126
94 104 957 222
94 105 423 216
94 106 873 402
94 107 893 175
94 108 472 330
94 109 971 142
94 110 883 315
94 111 404 194
95 92 608 399
95 93 865 391
95 94 556 415
95 102 397 236
95 103 871 366
95 104 170 360
95 105 266 46
95 106 615 291
95 107 495 117
95 108 968 221
95 109 9 60
95 110 8 126
95 111 68 334
96 92 781 78
96 93 610 181
96 102 739 418
96 103 966 229
96 104 339 240
96 105 634 378
96 106 738 351
96 107 977 171
96 108 325 233
96 109 448 93
96 110 471 368
96 111 121 348
97 92 763 289
97 94 822 196
97 102 73 263
97 103 310 307
97 104 167 36
97 105 327 198
97 106 374 384
97 107 420 314
97 108 583 36
97 109 139 277
97 110 999 248
97 111 606 176
98 94 561 312
98 102 185 363
98 103 462 29
98 104 748 287
98 105 87 339
98 106 4 268
98 107 928 423
98 108 156 14
98 109 248 112
98 110 928 44
98 111 223 164
99 92 518 343
99 94 89 346
99 102 725 151
99 103 78 152
99 104 607 369
99 105 317 45
99 106 762 110
99 107 36 375
99 108 566 66
99 109 135 45
99 110 957 373
99 111 509 409
100 94 709 11
100 102 431 419
100 103 959 119
100 104 274 53
100 105 233 315
100 106 520 360
100 107 145 343
100 108 423 279
100 109 83 33
100 110 725 84
100 111 380 293
101 92 378 56
101 93 458 44
101 94 907 204
101 102 477 293
101 103 487 408
101 104 238 141
101 105 473 265
101 106 961 184
101 107 898 382
101 108 216 352
101 109 143 127
101 110 581 304
101 111 623 384
102 103 385 286
102 104 452 271
102 105 892 133
102 108 500 417
103 102 385 66
103 104 638 47
103 105 991 74
103 106 396 400
103 107 869 269
103 108 473 372
103 110 769 320
103 112 631 110
103 113 379 306
103 114 585 404
103 115 518 338
103 116 704 171
103 117 615 207
103 118 561 295
103 119 107 37
103 120 5 295
103 121 525 10
104 102 452 263
104 103 638 174
104 106 48 105
104 107 572 319
104 109 811 127
104 110 235 392
104 112 538 26
104 113 560 318
104 114 301 203
104 115 139 339
104 116 903 123
104 117 521 300
104 118 203 25
104 119 625 335
104 120 68 232
104 121 140 394
105 102 892 179
105 103 991 186
105 112 355 32
105 113 679 197
105 114 164 124
105 115 404 65
105 116 470 140
105 117 864 115
105 118 173 322
105 119 576 317
105 120 244 125
105 121 204 322
106 103 396 400
106 104 48 390
106 112 929 161
106 113 189 20
106 114 315 169
106 115 450 125
106 116 289 303
106 117 400 182
106 118 368 286
106 119 870 366
106 120 164 31
106 121 932 189
107 103 869 57
107 104 572 263
107 112 314 61
107 113 840 95
107 114 284 345
107 115 929 304
107 116 994 153
107 117 32 219
107 118 69 212
107 119 273 251
107 120 24 310
107 121 82 274
108 102 500 196
108 103 473 25
108 112 873 136
108 113 862 100
108 114 871 143
108 115 40 389
108 116 968 90
108 117 299 95
108 118 65 255
108 119 16 307
108 120 661 296
108 121 592 236
109 104 811 152
109 112 861 279
109 113 468 317
109 114 991 88
109 115 752 147
109 116 641 112
109 117 999 60
109 118 212 212
109 119 874 331
109 120 638 213
109 121 789 190
110 103 769 223
110 104 235 203
110 112 677 262
110 113 387 387
110 114 534 131
110 115 655 29
110 116 458 334
110 117 143 129
110 118 160 377
110 119 939 175
110 120 128 4
110 121 924 204
111 112 497 302
111 113 45 364
111 114 780 3
111 115 96 242
111 116 6 253
111 117 272 76
111 118 497 327
111 119 997 200
111 120 863 3
111 121 134 292
112 113 769 95
112 114 465 131
112 118 936 369
112 121 325 396
113 112 769 82
113 114 412 348
113 115 188 252
113 120 306 327
113 121 480 63
113 122 411 164
113 123 264 379
113 124 172 139
113 125 217 124
113 126 702 406
113 127 808 111
113 128 404 159
113 129 705 230
113 130 494 31
113 131 237 392
114 112 465 31
114 113 412 159
114 119 62 94
114 120 329 220
114 122 8 284
114 123 329 114
114 124 585 259
114 125 684 84
114 126 163 173
114 127 681 66
114 128 990 343
114 129 725 189
114 130 537 180
114 131 55 121
115 113 188 327
115 122 901 295
115 123 907 96
115 124 846 377
115 125 889 225
115 126 558 343
115 127 366 219
115 128 433 12
115 129 509 107
115 130 231 59
115 131 436 254
116 122 110 372
116 123 598 45
116 124 845 38
116 125 350 88
116 126 379 192
116 127 250 337
116 128 384 408
116 129 685 81
116 130 246 398
116 131 870 303
117 122 693 194
117 123 508 373
117 124 176 176
117 125 322 47
117 126 398 389
117 127 986 99
117 128 844 411
117 129 369 416
117 130 702 142
117 131 340 82
118 112 936 22
118 122 688 132
118 123 835 373
118 124 694 196
118 125 989 30
118 126 445 158
118 127 862 146
118 128 223 400
118 129 918 363
118 130 640 126
118 131 57 225
119 114 62 249
119 122 105 219
119 123 709 297
119 124 680 22
119 125 838 109
119 126 544 25
119 127 269 324
119 128 373 138
119 129 690 159
119 130 686 177
119 131 778 262
120 113 306 419
120 114 329 116
120 122 822 367
120 123 537 174
120 124 52 18
120 125 446 267
120 126 993 328
120 127 626 260
120 128 725 279
120 129 484 90
120 130 454 356
120 131 876 378
121 112 325 28
121 113 480 342
121 122 15 159
121 123 146 323
121 124 279 293
121 125 855 25
121 126 286 17
121 127 874 422
121 128 749 41
121 129 775 422
121 130 756 90
121 131 47 4
122 123 579 361
122 124 320 15
122 125 950 20
122 126 558 154
122 129 759 333
123 122 579 54
123 124 798 54
123 128 901 405
123 130 578 330
123 131 173 162
123 132 297 312
123 133 973 299
123 134 687 175
123 135 543 312
123 136 586 139
123 137 610 147
123 138 509 277
123 139 158 259
123 140 310 51
123 141 232 314
124 122 320 70
124 123 798 107
124 125 923 13
124 126 623 416
124 127 845 287
124 129 901 276
124 131 560 159
124 132 966 336
124 133 531 139
124 134 870 142
124 135 695 340
124 136 203 115
124 137 246 161
124 138 560 116
124 139 873 47
124 140 729 388
124 141 938 261
125 122 950 384
125 124 923 241
125 132 869 246
125 133 247 296
125 134 819 299
125 135 31 403
125 136 747 249
125 137 601 134
125 138 682 270
125 139 376 82
125 140 71 225
125 141 308 294
126 122 558 378
126 124 623 287
126 132 86 5
126 133 611 132
126 134 23 6
126 135 438 406
126 136 587 64
126 137 421 7
126 138 573 301
126 139 226 153
126 140 106 10
126 141 862 400
127 124 845 142
127 132 186 380
127 133 677 321
127 134 655 242
127 135 988 111
127 136 613 389
127 137 498 358
127 138 548 47
127 139 264 120
127 140 329 281
127 141 644 217
128 123 901 271
128 132 87 20
128 133 225 173
128 134 946 122
128 135 830 21
128 136 8 322
128 137 66 365
128 138 652 178
128 139 199 176
128 140 625 83
128 141 545 215
129 122 759 103
129 124 901 286
129 132 792 121
129 133 129 397
129 134 517 71
129 135 756 25
129 136 651 59
129 137 463 290
129 138 120 397
129 139 10 54
129 140 512 382
129 141 938 10
130 123 578 161
130 132 786 300
130 133 468 129
130 134 828 48
130 135 864 380
130 136 874 288
130 137 912 122
130 138 954 1
130 139 314 2
130 140 391 183
130 141 631 129
131 123 173 154
131 124 560 311
131 132 743 348
131 133 780 17
131 134 345 290
131 135 376 134
131 136 288 27
131 137 47 244
131 138 395 152
131 139 677 371
131 140 53 14
131 141 627 126
132 133 434 197
132 134 765 405
132 136 108 265
132 137 954 48
132 138 404 146
133 132 434 414
133 134 716 246
133 136 439 156
133 141 58 319
133 142 881 185
133 143 505 110
133 144 749 49
133 145 769 277
133 146 354 166
133 147 294 229
133 148 295 159
133 149 794 283
133 150 685 304
133 151 379 5
134 132 765 293
134 133 716 183
134 135 393 278
134 136 570 408
134 139 832 175
134 142 143 414
134 143 417 213
134 144 898 420
134 145 576 401
134 146 526 349
134 147 785 43
134 148 997 423
134 149 115 67
134 150 610 361
134 151 71 337
135 134 393 266
135 142 701 174
135 143 912 295
135 144 142 12
135 145 592 132
135 146 699 352
135 147 266 371
135 148 741 298
135 149 124 136
135 150 910 14
135 151 237 281
136 132 108 306
136 133 439 100
136 134 570 144
136 142 39 113
136 143 234 286
136 144 270 402
136 145 493 193
136 146 991 159
136 147 897 259
136 148 189 196
136 149 558 257
136 150 117 135
136 151 240 244
137 132 954 285
137 142 95 110
137 143 213 74
137 144 357 74
137 145 652 65
137 146 486 224
137 147 795 50
137 148 450 272
137 149 944 377
137 150 484 346
137 151 203 314
138 132 404 119
138 142 487 201
138 143 128 82
138 144 425 206
138 145 218 172
138 146 771 124
138 147 373 152
138 148 460 349
138 149 642 136
138 150 452 105
138 151 169 308
139 134 832 362
139 142 77 411
139 143 147 72
139 144 977 15
139 145 40 220
139 146 584 26
139 147 939 325
139 148 243 180
139 149 609 84
139 150 708 338
139 151 65 60
140 142 200 231
140 143 147 74
140 144 136 144
140 145 425 362
140 146 693 48
140 147 647 43
140 148 404 336
140 149 150 48
140 150 267 3
140 151 524 240
141 133 58 97
141 142 924 74
141 143 875 347
141 144 181 308
141 145 221 284
141 146 960 177
141 147 828 300
141 148 594 104
141 149 979 96
141 150 243 160
141 151 164 397
142 143 325 161
142 144 387 199
142 145 547 91
142 147 740 172
142 152 989 223
143 142 325 118
143 144 696 185
143 145 792 123
143 146 902 50
143 149 177 144
143 150 865 283
143 152 152 296
144 142 387 183
144 143 696 375
144 147 897 113
144 148 865 383
144 150 431 114
144 152 439 86
145 142 547 370
145 143 792 203
145 152 374 340
146 143 902 364
146 152 142 380
147 142 740 308
147 144 897 18
147 152 306 421
148 144 865 100
148 152 252 167
149 143 177 312
149 152 672 282
150 143 865 269
150 144 431 414
150 152 759 253
151 152 154 205
