152 1688 1 152 8 422
1 2 144 62
1 3 764 23
1 4 577 75
1 5 136 280
1 6 312 275
1 7 696 315
1 8 318 110
1 9 162 327
1 10 163 338
1 11 198 118
2 3 867 417
2 4 105 16
2 5 722 377
2 8 224 169
2 10 252 276
3 2 867 369
3 4 882 106
3 6 126 380
3 9 517 144
3 12 333 112
3 13 177 43
3 14 496 338
3 15 360 191
3 16 183 330
3 17 453 55
3 18 394 157
3 19 955 233
3 20 283 123
3 21 461 226
4 2 105 319
4 3 882 225
4 7 741 206
4 8 820 229
4 10 639 110
4 11 738 416
4 12 754 173
4 13 628 257
4 14 358 90
4 15 640 72
4 16 898 29
4 17 754 328
4 18 314 95
4 19 266 74
4 20 387 258
4 21 81 189
5 2 722 338
5 12 176 299
5 13 604 73
5 14 321 384
5 15 470 183
5 16 620 124
5 17 773 69
5 18 48 164
5 19 592 365
5 20 838 214
5 21 170 87
6 3 126 218
6 12 738 178
6 13 581 28
6 14 101 379
6 15 481 94
6 16 772 243
6 17 988 54
6 18 778 348
6 19 593 193
6 20 630 25
6 21 198 264
7 4 741 335
7 12 797 378
7 13 823 36
7 14 459 95
7 15 577 123
7 16 553 413
7 17 555 38
7 18 237 331
7 19 539 407
7 20 863 368
7 21 624 132
8 2 224 237
8 4 820 229
8 12 527 249
8 13 125 310
8 14 471 418
8 15 868 38
8 16 498 340
8 17 354 59
8 18 819 160
8 19 927 228
8 20 18 246
8 21 374 316
9 3 517 179
9 12 484 128
9 13 343 387
9 14 722 313
9 15 92 68
9 16 188 146
9 17 721 383
9 18 622 398
9 19 747 371
9 20 160 18
9 21 189 202
10 2 252 204
10 4 639 368
10 12 85 123
10 13 66 305
10 14 83 115
10 15 342 112
10 16 25 327
10 17 433 373
10 18 66 171
10 19 874 273
10 20 887 421
10 21 34 420
11 4 738 84
11 12 34 370
11 13 309 222
11 14 730 156
11 15 360 161
11 16 757 196
11 17 12 140
11 18 566 366
11 19 61 171
11 20 810 127
11 21 504 167
12 13 408 299
12 14 129 392
12 17 830 134
12 18 533 304
12 19 706 174
13 12 408 35
13 14 762 45
13 16 14 166
13 17 6 148
13 19 821 32
13 20 330 175
13 21 149 111
13 22 261 217
13 23 756 219
13 24 552 130
13 25 85 300
13 26 870 260
13 27 188 217
13 28 749 309
13 29 863 2
13 30 226 64
13 31 15 221
14 12 129 144
14 13 762 67
14 17 610 416
14 18 120 235
14 20 409 20
14 21 13 102
14 22 918 313
14 23 377 342
14 24 213 47
14 25 794 331
14 26 916 67
14 27 544 78
14 28 208 243
14 29 959 404
14 30 211 131
14 31 154 293
15 22 670 411
15 23 823 386
15 24 120 128
15 25 379 411
15 26 686 162
15 27 939 318
15 28 469 419
15 29 44 263
15 30 150 151
15 31 52 264
16 13 14 121
16 22 497 350
16 23 150 119
16 24 765 176
16 25 126 200
16 26 961 400
16 27 25 8
16 28 933 238
16 29 80 420
16 30 785 279
16 31 694 228
17 12 830 321
17 13 6 210
17 14 610 414
17 22 920 209
17 23 607 182
17 24 912 282
17 25 856 351
17 26 12 314
17 27 100 119
17 28 852 106
17 29 884 191
17 30 638 353
17 31 811 387
18 12 533 15
18 14 120 343
18 22 358 390
18 23 407 34
18 24 448 202
18 25 205 232
18 26 562 386
18 27 604 45
18 28 986 25
18 29 396 325
18 30 425 113
18 31 140 418
19 12 706 146
19 13 821 210
19 22 111 74
19 23 924 320
19 24 479 354
19 25 352 305
19 26 631 128
19 27 141 10
19 28 746 28
19 29 368 307
19 30 697 129
19 31 562 11
20 13 330 343
20 14 409 379
20 22 618 282
20 23 692 411
20 24 993 358
20 25 333 403
20 26 3 98
20 27 375 67
20 28 149 149
20 29 492 21
20 30 667 369
20 31 664 237
21 13 149 152
21 14 13 372
21 22 991 170
21 23 194 263
21 24 95 92
21 25 154 340
21 26 734 379
21 27 344 422
21 28 503 25
21 29 35 402
21 30 275 399
21 31 477 82
22 23 690 336
22 24 334 167
22 26 226 71
22 29 576 365
22 31 774 376
23 22 690 34
23 24 521 116
23 27 445 193
23 28 677 411
23 29 753 267
23 31 501 337
23 32 935 311
23 33 551 85
23 34 400 109
23 35 104 18
23 36 147 263
23 37 485 235
23 38 234 325
23 39 329 132
23 40 754 327
23 41 711 377
24 22 334 304
24 23 521 402
24 25 179 389
24 26 72 128
24 28 549 146
24 29 106 186
24 30 125 112
24 32 794 289
24 33 82 177
24 34 703 272
24 35 598 382
24 36 165 229
24 37 362 340
24 38 383 166
24 39 730 258
24 40 338 157
24 41 135 179
25 24 179 40
25 32 867 247
25 33 624 2
25 34 791 14
25 35 791 270
25 36 930 43
25 37 389 129
25 38 732 172
25 39 546 323
25 40 253 131
25 41 357 157
26 22 226 378
26 24 72 247
26 32 548 49
26 33 415 183
26 34 911 347
26 35 606 56
26 36 136 394
26 37 707 391
26 38 39 239
26 39 70 389
26 40 90 129
26 41 708 131
27 23 445 133
27 32 294 414
27 33 519 294
27 34 694 47
27 35 800 86
27 36 766 419
27 37 20 24
27 38 583 118
27 39 411 320
27 40 220 84
27 41 301 342
28 23 677 336
28 24 549 106
28 32 658 277
28 33 235 38
28 34 657 46
28 35 984 299
28 36 81 123
28 37 875 92
28 38 630 350
28 39 936 138
28 40 294 273
28 41 948 384
29 22 576 120
29 23 753 209
29 24 106 211
29 32 900 96
29 33 246 365
29 34 694 365
29 35 135 243
29 36 360 143
29 37 767 375
29 38 605 15
29 39 241 292
29 40 781 21
29 41 250 182
30 24 125 258
30 32 902 188
30 33 460 42
30 34 435 133
30 35 116 117
30 36 795 18
30 37 607 33
30 38 587 422
30 39 356 407
30 40 979 180
30 41 368 345
31 22 774 326
31 23 501 125
31 32 668 286
31 33 431 51
31 34 350 363
31 35 84 274
31 36 286 41
31 37 428 252
31 38 326 281
31 39 247 270
31 40 249 339
31 41 144 125
32 33 537 10
32 34 236 101
32 35 164 198
32 38 648 53
32 41 540 268
33 32 537 356
33 34 166 294
33 36 861 206
33 40 238 288
33 41 677 260
33 42 694 4
33 43 991 407
33 44 839 179
33 45 950 283
33 46 624 80
33 47 214 207
33 48 879 322
33 49 938 362
33 50 805 375
33 51 959 386
34 32 236 22
34 33 166 182
34 35 446 349
34 36 417 117
34 37 628 339
34 38 651 105
34 42 302 9
34 43 174 216
34 44 842 398
34 45 113 377
34 46 545 271
34 47 751 150
34 48 955 63
34 49 859 101
34 50 760 375
34 51 531 42
35 32 164 357
35 34 446 187
35 42 451 413
35 43 449 377
35 44 755 170
35 45 474 270
35 46 254 398
35 47 527 206
35 48 502 368
35 49 375 90
35 50 56 349
35 51 842 134
36 33 861 302
36 34 417 363
36 42 151 2
36 43 901 151
36 44 239 130
36 45 451 418
36 46 759 140
36 47 757 50
36 48 511 384
36 49 218 89
36 50 159 375
36 51 436 80
37 34 628 310
37 42 383 269
37 43 391 287
37 44 612 339
37 45 674 55
37 46 879 184
37 47 863 123
37 48 950 391
37 49 381 100
37 50 916 261
37 51 518 90
38 32 648 20
38 34 651 274
38 42 153 39
38 43 82 20
38 44 420 73
38 45 691 87
38 46 320 125
38 47 345 346
38 48 831 316
38 49 750 225
38 50 605 301
38 51 873 140
39 42 830 20
39 43 764 290
39 44 156 25
39 45 443 338
39 46 927 385
39 47 363 61
39 48 636 52
39 49 349 160
39 50 58 116
39 51 954 42
40 33 238 373
40 42 816 85
40 43 351 402
40 44 237 230
40 45 949 391
40 46 756 131
40 47 347 97
40 48 223 266
40 49 407 293
40 50 909 36
40 51 661 299
41 32 540 270
41 33 677 371
41 42 274 274
41 43 241 126
41 44 364 28
41 45 866 94
41 46 219 253
41 47 730 58
41 48 706 316
41 49 359 180
41 50 415 90
41 51 891 379
42 43 672 356
42 44 791 136
42 47 408 187
43 42 672 375
43 44 96 189
43 45 305 117
43 46 51 57
43 49 655 228
43 50 4 367
43 51 493 34
43 52 285 102
43 53 1 274
43 54 97 43
43 55 943 42
43 56 69 18
43 57 272 227
43 58 815 358
43 59 120 345
43 60 988 52
43 61 144 192
44 42 791 154
44 43 96 401
44 45 656 6
44 49 254 158
44 51 997 323
44 52 308 85
44 53 397 141
44 54 782 319
44 55 945 351
44 56 457 53
44 57 105 311
44 58 365 373
44 59 578 71
44 60 137 318
44 61 792 141
45 43 305 121
45 44 656 241
45 52 110 334
45 53 113 175
45 54 100 292
45 55 101 322
45 56 850 371
45 57 749 400
45 58 84 327
45 59 86 214
45 60 594 64
45 61 833 124
46 43 51 297
46 52 990 254
46 53 415 209
46 54 112 303
46 55 529 366
46 56 446 29
46 57 228 196
46 58 47 135
46 59 300 292
46 60 913 415
46 61 996 357
47 42 408 6
47 52 319 162
47 53 157 18
47 54 515 207
47 55 579 247
47 56 594 48
47 57 238 180
47 58 739 387
47 59 148 104
47 60 179 68
47 61 875 396
48 52 544 86
48 53 126 122
48 54 274 307
48 55 841 53
48 56 228 288
48 57 530 332
48 58 457 87
48 59 377 333
48 60 22 416
48 61 817 164
49 43 655 306
49 44 254 99
49 52 917 43
49 53 858 348
49 54 752 214
49 55 677 175
49 56 259 159
49 57 994 247
49 58 933 339
49 59 592 133
49 60 772 402
49 61 444 31
50 43 4 357
50 52 169 373
50 53 591 413
50 54 657 294
50 55 998 80
50 56 617 110
50 57 11 222
50 58 648 374
50 59 214 335
50 60 873 403
50 61 273 80
51 43 493 342
51 44 997 327
51 52 252 364
51 53 468 72
51 54 750 299
51 55 513 183
51 56 627 223
51 57 200 192
51 58 909 268
51 59 816 278
51 60 367 174
51 61 650 370
52 53 185 415
52 54 332 359
52 55 193 108
52 58 334 66
52 59 263 356
52 61 140 242
53 52 185 282
53 54 83 380
53 56 271 408
53 57 647 403
53 58 700 45
53 59 645 325
53 61 619 238
53 62 971 101
53 63 712 43
53 64 291 42
53 65 589 335
53 66 243 168
53 67 936 222
53 68 995 52
53 69 38 180
53 70 450 51
53 71 709 102
54 52 332 198
54 53 83 124
54 55 993 76
54 56 859 412
54 57 607 156
54 58 334 181
54 59 752 48
54 60 646 275
54 62 740 58
54 63 407 356
54 64 662 63
54 65 592 205
54 66 129 175
54 67 358 220
54 68 581 90
54 69 235 60
54 70 122 330
54 71 760 145
55 52 193 291
55 54 993 289
55 62 40 138
55 63 45 228
55 64 645 244
55 65 973 394
55 66 591 123
55 67 65 257
55 68 456 124
55 69 466 237
55 70 775 380
55 71 201 158
56 53 271 83
56 54 859 70
56 62 233 307
56 63 162 287
56 64 444 140
56 65 711 340
56 66 621 21
56 67 489 176
56 68 217 150
56 69 226 361
56 70 710 295
56 71 181 9
57 53 647 304
57 54 607 107
57 62 20 261
57 63 790 329
57 64 144 406
57 65 619 308
57 66 424 126
57 67 95 25
57 68 693 158
57 69 32 1
57 70 53 359
57 71 747 81
58 52 334 389
58 53 700 2
58 54 334 30
58 62 411 4
58 63 763 182
58 64 930 90
58 65 594 103
58 66 947 320
58 67 819 213
58 68 695 331
58 69 347 6
58 70 993 165
58 71 872 400
59 52 263 24
59 53 645 342
59 54 752 410
59 62 874 149
59 63 31 110
59 64 565 358
59 65 480 173
59 66 735 26
59 67 384 82
59 68 172 230
59 69 343 32
59 70 115 415
59 71 856 280
60 54 646 28
60 62 803 316
60 63 150 270
60 64 22 306
60 65 973 188
60 66 919 38
60 67 122 179
60 68 820 321
60 69 174 31
60 70 333 85
60 71 170 20
61 52 140 290
61 53 619 67
61 62 615 179
61 63 898 327
61 64 405 72
61 65 701 127
61 66 761 397
61 67 849 180
61 68 18 74
61 69 14 272
61 70 135 338
61 71 859 357
62 63 636 170
62 64 966 234
62 70 897 141
62 71 890 243
63 62 636 85
63 64 954 406
63 65 310 87
63 66 459 245
63 71 290 80
63 72 949 313
63 73 405 248
63 74 289 283
63 75 812 123
63 76 918 336
63 77 898 50
63 78 33 125
63 79 662 283
63 80 506 136
63 81 847 168
64 62 966 420
64 63 954 245
64 68 954 341
64 71 718 365
64 72 417 344
64 73 477 91
64 74 634 45
64 75 111 374
64 76 730 99
64 77 756 81
64 78 479 264
64 79 690 256
64 80 757 303
64 81 743 23
65 63 310 32
65 72 13 298
65 73 741 320
65 74 410 187
65 75 539 158
65 76 697 11
65 77 873 156
65 78 179 16
65 79 327 392
65 80 570 180
65 81 604 183
66 63 459 401
66 72 748 266
66 73 151 150
66 74 146 179
66 75 485 391
66 76 378 230
66 77 966 317
66 78 424 198
66 79 933 121
66 80 598 412
66 81 321 399
67 72 636 177
67 73 80 405
67 74 417 384
67 75 218 30
67 76 279 300
67 77 480 194
67 78 489 71
67 79 245 212
67 80 740 26
67 81 602 409
68 64 954 320
68 72 840 73
68 73 105 185
68 74 366 65
68 75 64 162
68 76 472 152
68 77 330 12
68 78 48 185
68 79 420 207
68 80 276 283
68 81 191 370
69 72 11 284
69 73 575 416
69 74 35 261
69 75 129 22
69 76 757 104
69 77 698 369
69 78 277 390
69 79 2 378
69 80 870 246
69 81 861 383
70 62 897 263
70 72 318 294
70 73 952 289
70 74 515 92
70 75 555 186
70 76 495 158
70 77 12 419
70 78 609 342
70 79 526 52
70 80 989 143
70 81 872 207
71 62 890 6
71 63 290 168
71 64 718 206
71 72 95 381
71 73 929 53
71 74 607 19
71 75 34 163
71 76 432 13
71 77 605 107
71 78 493 352
71 79 376 362
71 80 406 262
71 81 675 286
72 73 421 169
72 74 536 183
72 75 329 410
72 76 200 165
72 79 47 207
73 72 421 254
73 74 926 281
73 75 115 52
73 76 762 362
73 80 53 234
73 81 246 32
73 82 69 82
73 83 45 319
73 84 868 110
73 85 647 72
73 86 971 229
73 87 195 163
73 88 210 56
73 89 59 368
73 90 231 244
73 91 408 107
74 72 536 214
74 73 926 186
74 77 667 202
74 78 713 320
74 79 697 306
74 80 780 370
74 81 722 407
74 82 616 184
74 83 756 101
74 84 764 56
74 85 942 94
74 86 730 229
74 87 466 137
74 88 340 315
74 89 954 397
74 90 690 403
74 91 624 309
75 72 329 106
75 73 115 27
75 82 346 64
75 83 123 16
75 84 175 358
75 85 535 60
75 86 672 389
75 87 162 56
75 88 296 33
75 89 126 133
75 90 414 172
75 91 675 301
76 72 200 342
76 73 762 81
76 82 329 117
76 83 210 258
76 84 891 260
76 85 892 331
76 86 382 89
76 87 374 51
76 88 292 242
76 89 767 61
76 90 973 106
76 91 827 406
77 74 667 210
77 82 643 298
77 83 574 152
77 84 305 299
77 85 385 210
77 86 882 374
77 87 94 78
77 88 629 77
77 89 34 6
77 90 77 289
77 91 821 106
78 74 713 408
78 82 178 337
78 83 863 305
78 84 379 85
78 85 297 235
78 86 586 75
78 87 621 260
78 88 599 188
78 89 9 141
78 90 603 203
78 91 833 106
79 72 47 353
79 74 697 194
79 82 400 255
79 83 633 110
79 84 31 310
79 85 725 350
79 86 821 180
79 87 65 303
79 88 130 177
79 89 122 158
79 90 773 3
79 91 332 23
80 73 53 26
80 74 780 140
80 82 72 301
80 83 716 286
80 84 428 43
80 85 208 342
80 86 281 66
80 87 376 178
80 88 619 214
80 89 144 399
80 90 840 309
80 91 171 275
81 73 246 111
81 74 722 47
81 82 529 156
81 83 551 289
81 84 157 59
81 85 578 196
81 86 624 287
81 87 401 115
81 88 882 65
81 89 165 81
81 90 642 203
81 91 70 319
82 83 359 234
82 84 453 368
82 85 704 86
82 87 1 301
83 82 359 194
83 84 841 402
83 87 293 145
83 88 276 332
83 90 59 9
83 91 896 3
83 92 931 135
83 93 94 285
83 94 842 41
83 95 402 317
83 96 832 265
83 97 710 201
83 98 673 223
83 99 24 247
83 100 80 341
83 101 135 353
84 82 453 176
84 83 841 125
84 85 355 326
84 86 954 156
84 87 894 102
84 90 698 245
84 92 543 26
84 93 317 312
84 94 709 164
84 95 546 124
84 96 770 177
84 97 431 323
84 98 962 171
84 99 107 71
84 100 831 92
84 101 330 194
85 82 704 133
85 84 355 167
85 92 600 407
85 93 710 369
85 94 877 68
85 95 775 187
85 96 487 139
85 97 340 84
85 98 885 43
85 99 94 411
85 100 139 175
85 101 958 81
86 84 954 332
86 92 585 198
86 93 790 57
86 94 996 34
86 95 85 5
86 96 202 25
86 97 950 158
86 98 227 51
86 99 109 378
86 100 214 57
86 101 170 64
87 82 1 3
87 83 293 338
87 84 894 120
87 92 899 147
87 93 224 394
87 94 199 304
87 95 765 17
87 96 483 31
87 97 121 104
87 98 829 91
87 99 246 260
87 100 113 74
87 101 123 115
88 83 276 302
88 92 564 307
88 93 16 284
88 94 621 229
88 95 551 115
88 96 60 277
88 97 798 12
88 98 929 130
88 99 112 96
88 100 894 257
88 101 277 406
89 92 726 304
89 93 643 416
89 94 632 332
89 95 341 284
89 96 383 278
89 97 689 106
89 98 260 151
89 99 80 281
89 100 195 404
89 101 500 206
90 83 59 375
90 84 698 321
90 92 576 311
90 93 397 234
90 94 887 293
90 95 515 123
90 96 308 390
90 97 288 242
90 98 290 344
90 99 591 120
90 100 230 1
90 101 283 223
91 83 896 39
91 92 713 77
91 93 504 37
91 94 442 337
91 95 27 37
91 96 74 131
91 97 219 347
91 98 144 213
91 99 485 230
91 100 900 244
91 101 929 197
92 93 538 241
92 94 760 255
92 95 689 156
92 98 316 412
93 92 538 308
93 94 64 139
93 95 920 405
93 96 292 363
93 98 591 353
93 99 944 49
93 100 829 154
93 102 755 274
93 103 208 173
93 104 645 62
93 105 174 271
93 106 588 142
93 107 532 39
93 108 241 268
93 109 232 15
93 110 129 28
93 111 924 185
94 92 760 141
94 93 64 143
94 98 505 97
94 99 534 140
94 102 289 31
94 103 875 273
94 104 246 263
94 105 389 94
94 106 791 268
94 107 862 375
94 108 227 267
94 109 448 73
94 110 832 101
94 111 954 325
95 92 689 38
95 93 920 175
95 102 332 191
95 103 628 342
95 104 472 381
95 105 782 187
95 106 622 262
95 107 151 390
95 108 96 271
95 109 12 227
95 110 575 26
95 111 809 268
96 93 292 158
96 102 592 125
96 103 33 285
96 104 713 323
96 105 942 327
96 106 153 83
96 107 825 269
96 108 53 8
96 109 473 101
96 110 715 388
96 111 487 40
97 102 373 100
97 103 704 165
97 104 554 2
97 105 551 198
97 106 293 90
97 107 859 403
97 108 59 17
97 109 987 250
97 110 893 283
97 111 722 152
98 92 316 9
98 93 591 160
98 94 505 246
98 102 546 273
98 103 11 410
98 104 528 297
98 105 417 198
98 106 717 112
98 107 452 324
98 108 156 47
98 109 146 38
98 110 796 212
98 111 69 404
99 93 944 407
99 94 534 127
99 102 596 377
99 103 78 365
99 104 922 65
99 105 919 65
99 106 441 324
99 107 382 399
99 108 297 50
99 109 448 301
99 110 745 153
99 111 49 359
100 93 829 276
100 102 729 340
100 103 560 390
100 104 644 372
100 105 772 21
100 106 108 383
100 107 521 201
100 108 798 154
100 109 392 217
100 110 457 141
100 111 907 388
101 102 92 15
101 103 61 164
101 104 406 356
101 105 381 26
101 106 676 336
101 107 327 394
101 108 778 190
101 109 111 114
101 110 884 403
101 111 869 172
102 103 235 172
102 104 664 396
102 105 73 367
102 107 790 302
102 111 524 364
103 102 235 206
103 104 909 237
103 105 924 395
103 107 792 390
103 108 891 307
103 110 260 373
103 111 176 308
103 112 569 36
103 113 401 74
103 114 623 395
103 115 53 81
103 116 331 382
103 117 334 56
103 118 974 318
103 119 69 3
103 120 317 327
103 121 747 111
104 102 664 211
104 103 909 182
104 106 370 81
104 110 521 402
104 112 103 164
104 113 701 167
104 114 429 286
104 115 639 175
104 116 253 283
104 117 478 393
104 118 903 295
104 119 299 333
104 120 921 198
104 121 118 365
105 102 73 94
105 103 924 71
105 112 610 183
105 113 814 336
105 114 908 21
105 115 252 296
105 116 793 419
105 117 258 275
105 118 442 413
105 119 799 187
105 120 923 226
105 121 324 334
106 104 370 375
106 112 726 184
106 113 502 158
106 114 87 364
106 115 394 296
106 116 559 232
106 117 931 47
106 118 947 405
106 119 883 77
106 120 287 313
106 121 176 381
107 102 790 345
107 103 792 51
107 112 78 128
107 113 10 317
107 114 515 163
107 115 780 279
107 116 192 376
107 117 661 407
107 118 15 325
107 119 439 2
107 120 55 21
107 121 675 246
108 103 891 32
108 112 96 14
108 113 712 249
108 114 63 195
108 115 384 338
108 116 975 286
108 117 862 306
108 118 30 185
108 119 555 144
108 120 167 97
108 121 271 148
109 112 804 98
109 113 92 86
109 114 589 91
109 115 147 337
109 116 476 217
109 117 845 174
109 118 705 258
109 119 604 378
109 120 586 62
109 121 146 385
110 103 260 67
110 104 521 314
110 112 396 26
110 113 950 218
110 114 806 316
110 115 102 284
110 116 596 256
110 117 757 93
110 118 621 354
110 119 432 365
110 120 438 191
110 121 192 355
111 102 524 387
111 103 176 129
111 112 890 244
111 113 811 123
111 114 499 135
111 115 26 340
111 116 909 87
111 117 19 51
111 118 462 98
111 119 59 30
111 120 594 69
111 121 614 171
112 113 795 73
112 114 104 320
112 116 83 109
112 117 635 356
113 112 795 385
113 114 945 79
113 115 755 295
113 120 279 109
113 121 577 407
113 122 555 34
113 123 68 239
113 124 41 392
113 125 791 97
113 126 604 202
113 127 134 405
113 128 847 123
113 129 117 22
113 130 19 318
113 131 583 265
114 112 104 277
114 113 945 194
114 117 211 401
114 122 368 147
114 123 903 405
114 124 261 237
114 125 329 202
114 126 214 165
114 127 296 346
114 128 112 16
114 129 90 262
114 130 289 362
114 131 925 412
115 113 755 276
115 122 438 3
115 123 347 196
115 124 776 118
115 125 731 202
115 126 789 288
115 127 573 245
115 128 345 88
115 129 134 306
115 130 866 333
115 131 27 86
116 112 83 218
116 122 603 91
116 123 892 19
116 124 950 420
116 125 373 222
116 126 985 268
116 127 562 301
116 128 53 73
116 129 319 3
116 130 887 274
116 131 56 131
117 112 635 103
117 114 211 241
117 122 808 103
117 123 968 420
117 124 758 194
117 125 767 381
117 126 306 381
117 127 969 391
117 128 738 344
117 129 499 356
117 130 33 24
117 131 172 26
118 122 805 371
118 123 344 85
118 124 986 247
118 125 755 254
118 126 696 237
118 127 647 179
118 128 645 361
118 129 374 282
118 130 451 233
118 131 586 256
119 122 136 35
119 123 831 59
119 124 411 182
119 125 590 44
119 126 778 328
119 127 157 57
119 128 921 382
119 129 508 43
119 130 905 339
119 131 583 132
120 113 279 218
120 122 677 94
120 123 338 76
120 124 160 320
120 125 650 186
120 126 303 59
120 127 558 126
120 128 439 306
120 129 837 116
120 130 508 117
120 131 206 351
121 113 577 268
121 122 490 41
121 123 47 234
121 124 789 62
121 125 686 65
121 126 142 219
121 127 304 234
121 128 442 9
121 129 407 373
121 130 607 62
121 131 554 168
122 123 575 405
122 124 559 220
122 126 631 207
122 128 869 124
122 130 631 220
123 122 575 89
123 124 701 227
123 126 64 264
123 127 801 343
123 132 939 3
123 133 230 182
123 134 543 324
123 135 645 14
123 136 493 62
123 137 720 306
123 138 67 130
123 139 156 2
123 140 8 28
123 141 740 118
124 122 559 323
124 123 701 134
124 125 824 266
124 126 557 221
124 127 725 228
124 129 398 240
124 130 737 125
124 132 90 10
124 133 902 127
124 134 231 242
124 135 882 186
124 136 171 417
124 137 159 37
124 138 244 144
124 139 580 127
124 140 778 33
124 141 513 48
125 124 824 376
125 132 416 311
125 133 831 363
125 134 916 211
125 135 660 31
125 136 801 88
125 137 446 172
125 138 516 135
125 139 200 22
125 140 736 62
125 141 468 211
126 122 631 166
126 123 64 86
126 124 557 136
126 132 202 282
126 133 580 281
126 134 81 92
126 135 402 362
126 136 682 192
126 137 957 402
126 138 298 213
126 139 524 86
126 140 4 191
126 141 525 147
127 123 801 174
127 124 725 146
127 132 11 93
127 133 712 234
127 134 567 395
127 135 627 152
127 136 450 101
127 137 807 111
127 138 543 33
127 139 418 267
127 140 369 291
127 141 247 78
128 122 869 224
128 132 94 329
128 133 827 183
128 134 241 274
128 135 905 188
128 136 880 116
128 137 207 249
128 138 878 48
128 139 764 365
128 140 927 407
128 141 547 287
129 124 398 410
129 132 169 211
129 133 511 199
129 134 287 345
129 135 112 223
129 136 951 107
129 137 840 164
129 138 989 331
129 139 137 222
129 140 641 226
129 141 123 303
130 122 631 166
130 124 737 166
130 132 797 166
130 133 113 88
130 134 811 419
130 135 760 75
130 136 869 97
130 137 149 44
130 138 91 89
130 139 154 31
130 140 818 195
130 141 687 174
131 132 257 401
131 133 747 347
131 134 972 57
131 135 593 253
131 136 443 273
131 137 658 223
131 138 596 409
131 139 409 18
131 140 468 56
131 141 838 376
132 133 141 22
132 134 855 236
132 136 500 53
132 137 73 340
132 139 768 226
133 132 141 277
133 134 823 402
133 136 354 96
133 137 839 126
133 138 771 206
133 139 376 249
133 140 677 275
133 141 447 387
133 142 615 84
133 143 834 50
133 144 351 348
133 145 450 402
133 146 630 359
133 147 475 281
133 148 464 197
133 149 654 376
133 150 802 145
133 151 24 231
134 132 855 12
134 133 823 125
134 136 835 110
134 137 960 9
134 140 489 29
134 141 916 82
134 142 316 409
134 143 939 367
134 144 58 128
134 145 820 103
134 146 494 249
134 147 849 37
134 148 414 392
134 149 800 115
134 150 220 289
134 151 26 102
135 142 859 295
135 143 333 244
135 144 604 231
135 145 511 194
135 146 207 258
135 147 480 258
135 148 86 98
135 149 328 40
135 150 288 373
135 151 335 50
136 132 500 103
136 133 354 44
136 134 835 35
136 142 87 349
136 143 650 17
136 144 557 310
136 145 644 70
136 146 550 166
136 147 948 132
136 148 730 3
136 149 509 62
136 150 464 176
136 151 958 142
137 132 73 57
137 133 839 55
137 134 960 145
137 142 177 7
137 143 405 103
137 144 996 130
137 145 67 404
137 146 219 101
137 147 163 396
137 148 115 225
137 149 92 53
137 150 244 139
137 151 251 396
138 133 771 51
138 142 384 275
138 143 913 269
138 144 786 218
138 145 927 400
138 146 148 84
138 147 371 377
138 148 487 249
138 149 411 384
138 150 524 319
138 151 833 236
139 132 768 242
139 133 376 109
139 142 188 113
139 143 375 129
139 144 724 238
139 145 779 24
139 146 640 296
139 147 795 31
139 148 912 421
139 149 568 57
139 150 545 273
139 151 563 395
140 133 677 65
140 134 489 9
140 142 273 310
140 143 154 91
140 144 591 23
140 145 853 184
140 146 642 355
140 147 465 231
140 148 473 88
140 149 345 400
140 150 683 326
140 151 193 40
141 133 447 223
141 134 916 19
141 142 943 24
141 143 168 209
141 144 51 262
141 145 888 166
141 146 816 190
141 147 399 160
141 148 545 240
141 149 979 200
141 150 4 394
141 151 734 117
142 143 441 328
142 144 102 89
142 146 540 242
142 147 578 346
142 148 520 329
142 149 927 42
142 150 150 139
142 151 736 20
142 152 997 47
143 142 441 284
143 144 897 224
143 145 166 114
143 146 217 345
143 148 733 278
143 150 333 174
143 152 974 41
144 142 102 83
144 143 897 130
144 145 551 56
144 147 176 23
144 148 431 44
144 149 121 375
144 151 708 400
144 152 985 82
145 143 166 129
145 144 551 220
145 152 728 60
146 142 540 167
146 143 217 140
146 152 382 45
147 142 578 56
147 144 176 149
147 152 249 285
148 142 520 379
148 143 733 249
148 144 431 204
148 152 293 126
149 142 927 175
149 144 121 9
149 152 79 326
150 142 150 151
150 143 333 412
150 152 273 308
151 142 736 88
151 144 708 407
151 152 542 308
