152 1686 1 152 8 422
1 2 292 387
1 3 995 152
1 4 768 143
1 5 474 364
1 6 73 343
1 7 200 110
1 8 32 148
1 9 588 152
1 10 52 312
1 11 635 132
2 3 744 234
2 4 580 258
2 7 92 241
2 11 653 205
3 2 744 228
3 4 988 6
3 5 414 327
3 8 82 406
3 9 137 141
3 11 859 116
3 12 386 314
3 13 832 270
3 14 259 165
3 15 741 357
3 16 7 321
3 17 218 31
3 18 992 154
3 19 649 72
3 20 327 367
3 21 323 294
4 2 580 127
4 3 988 180
4 6 289 422
4 8 719 117
4 12 753 48
4 13 223 332
4 14 226 60
4 15 952 61
4 16 599 179
4 17 598 74
4 18 330 316
4 19 112 148
4 20 559 134
4 21 300 141
5 3 414 98
5 12 981 228
5 13 813 142
5 14 95 29
5 15 461 170
5 16 942 382
5 17 691 355
5 18 168 358
5 19 544 299
5 20 247 214
5 21 571 84
6 4 289 10
6 12 329 404
6 13 372 302
6 14 914 248
6 15 198 377
6 16 350 92
6 17 630 94
6 18 931 148
6 19 151 275
6 20 546 370
6 21 577 241
7 2 92 114
7 12 651 150
7 13 203 393
7 14 650 345
7 15 515 364
7 16 623 300
7 17 35 244
7 18 909 47
7 19 696 336
7 20 484 212
7 21 951 285
8 3 82 357
8 4 719 156
8 12 760 149
8 13 160 308
8 14 231 1
8 15 437 382
8 16 688 422
8 17 832 94
8 18 631 342
8 19 930 97
8 20 560 183
8 21 209 325
9 3 137 85
9 12 796 44
9 13 350 223
9 14 467 328
9 15 56 410
9 16 414 403
9 17 15 56
9 18 557 265
9 19 465 136
9 20 851 337
9 21 896 175
10 12 760 169
10 13 892 238
10 14 429 195
10 15 322 355
10 16 226 364
10 17 370 58
10 18 112 324
10 19 401 324
10 20 958 181
10 21 427 25
11 2 653 20
11 3 859 375
11 12 844 127
11 13 568 160
11 14 557 375
11 15 125 30
11 16 736 197
11 17 879 402
11 18 473 334
11 19 966 219
11 20 687 53
11 21 473 321
12 13 518 3
12 14 211 225
12 15 779 402
12 17 897 146
13 12 518 98
13 14 340 343
13 17 790 105
13 18 71 396
13 22 58 379
13 23 15 284
13 24 371 193
13 25 268 291
13 26 2 382
13 27 249 93
13 28 49 375
13 29 166 199
13 30 423 274
13 31 211 43
14 12 211 267
14 13 340 20
14 18 845 166
14 21 137 303
14 22 170 247
14 23 199 397
14 24 472 180
14 25 427 118
14 26 82 167
14 27 134 216
14 28 525 192
14 29 412 306
14 30 692 117
14 31 170 383
15 12 779 96
15 22 295 29
15 23 421 203
15 24 516 21
15 25 306 266
15 26 844 374
15 27 605 357
15 28 288 66
15 29 786 360
15 30 53 204
15 31 910 391
16 22 344 19
16 23 662 418
16 24 871 160
16 25 110 337
16 26 386 135
16 27 443 76
16 28 215 290
16 29 672 312
16 30 395 4
16 31 640 245
17 12 897 294
17 13 790 306
17 22 477 345
17 23 13 79
17 24 666 225
17 25 929 351
17 26 497 246
17 27 419 346
17 28 854 264
17 29 294 35
17 30 481 71
17 31 273 77
18 13 71 96
18 14 845 268
18 22 531 324
18 23 538 178
18 24 781 354
18 25 497 153
18 26 715 324
18 27 122 167
18 28 302 287
18 29 890 197
18 30 637 248
18 31 662 178
19 22 159 117
19 23 867 367
19 24 61 105
19 25 142 24
19 26 813 135
19 27 243 415
19 28 974 365
19 29 657 22
19 30 818 349
19 31 359 117
20 22 894 139
20 23 24 76
20 24 732 165
20 25 299 73
20 26 332 169
20 27 654 152
20 28 369 93
20 29 858 105
20 30 309 5
20 31 468 360
21 14 137 238
21 22 872 133
21 23 335 374
21 24 809 290
21 25 420 97
21 26 470 362
21 27 773 157
21 28 147 296
21 29 76 111
21 30 623 46
21 31 386 417
22 23 15 224
22 24 126 73
22 27 676 47
22 30 776 26
23 22 15 30
23 24 245 365
23 25 787 234
23 27 616 117
23 28 954 48
23 29 124 96
23 32 476 115
23 33 108 403
23 34 902 28
23 35 293 221
23 36 845 332
23 37 362 263
23 38 826 232
23 39 215 40
23 40 431 346
23 41 986 317
24 22 126 191
24 23 245 107
24 25 778 219
24 27 687 403
24 28 318 43
24 29 891 259
24 31 976 268
24 32 838 155
24 33 469 117
24 34 27 176
24 35 362 366
24 36 991 162
24 37 95 306
24 38 719 368
24 39 772 154
24 40 223 60
24 41 385 29
25 23 787 144
25 24 778 239
25 32 784 380
25 33 413 209
25 34 149 418
25 35 671 221
25 36 636 384
25 37 961 99
25 38 451 340
25 39 700 258
25 40 760 54
25 41 795 238
26 32 755 198
26 33 176 99
26 34 93 316
26 35 795 294
26 36 675 48
26 37 2 189
26 38 899 313
26 39 480 392
26 40 380 33
26 41 775 228
27 22 676 226
27 23 616 273
27 24 687 348
27 32 707 7
27 33 690 134
27 34 3 77
27 35 350 308
27 36 893 350
27 37 479 44
27 38 373 412
27 39 888 359
27 40 417 166
27 41 761 7
28 23 954 299
28 24 318 244
28 32 826 171
28 33 390 335
28 34 833 351
28 35 739 388
28 36 564 229
28 37 596 50
28 38 717 316
28 39 488 421
28 40 467 126
28 41 104 85
29 23 124 323
29 24 891 415
29 32 554 60
29 33 969 297
29 34 496 367
29 35 926 153
29 36 686 234
29 37 622 169
29 38 191 398
29 39 534 184
29 40 245 150
29 41 356 239
30 22 776 222
30 32 458 304
30 33 995 45
30 34 826 202
30 35 862 27
30 36 758 74
30 37 483 312
30 38 730 169
30 39 599 40
30 40 608 78
30 41 153 86
31 24 976 393
31 32 436 231
31 33 1000 336
31 34 420 174
31 35 645 289
31 36 273 153
31 37 701 214
31 38 635 400
31 39 755 54
31 40 760 340
31 41 734 68
32 33 165 145
32 34 582 405
32 38 611 210
32 39 261 161
32 40 603 125
33 32 165 422
33 34 132 148
33 37 798 220
33 40 614 312
33 41 147 111
33 42 347 374
33 43 223 408
33 44 921 402
33 45 858 356
33 46 878 313
33 47 844 36
33 48 906 49
33 49 617 85
33 50 682 98
33 51 505 163
34 32 582 180
34 33 132 101
34 36 253 12
34 38 642 160
34 39 689 155
34 40 239 176
34 41 189 70
34 42 635 225
34 43 624 132
34 44 809 95
34 45 165 84
34 46 673 301
34 47 515 200
34 48 605 170
34 49 563 251
34 50 544 396
34 51 151 92
35 42 305 340
35 43 618 66
35 44 684 243
35 45 496 405
35 46 99 153
35 47 417 413
35 48 441 139
35 49 399 306
35 50 504 236
35 51 192 365
36 34 253 302
36 42 286 154
36 43 849 345
36 44 508 382
36 45 56 380
36 46 847 180
36 47 365 243
36 48 107 380
36 49 562 239
36 50 123 94
36 51 878 383
37 33 798 96
37 42 745 339
37 43 406 408
37 44 563 201
37 45 416 361
37 46 678 400
37 47 266 384
37 48 173 282
37 49 802 255
37 50 435 402
37 51 793 145
38 32 611 102
38 34 642 177
38 42 201 287
38 43 187 187
38 44 495 306
38 45 954 27
38 46 557 194
38 47 162 153
38 48 863 204
38 49 41 40
38 50 370 300
38 51 834 200
39 32 261 315
39 34 689 202
39 42 583 377
39 43 738 212
39 44 512 199
39 45 61 275
39 46 88 172
39 47 901 2
39 48 113 111
39 49 753 345
39 50 347 359
39 51 615 243
40 32 603 179
40 33 614 273
40 34 239 363
40 42 756 42
40 43 877 406
40 44 866 187
40 45 267 307
40 46 860 90
40 47 952 330
40 48 789 412
40 49 522 341
40 50 874 329
40 51 401 388
41 33 147 6
41 34 189 271
41 42 599 209
41 43 219 188
41 44 555 370
41 45 241 266
41 46 952 136
41 47 587 385
41 48 482 397
41 49 396 271
41 50 857 213
41 51 741 261
42 43 86 313
42 44 75 264
42 46 909 1
42 49 461 388
42 50 969 233
42 51 582 211
43 42 86 90
43 44 683 142
43 48 54 254
43 49 154 208
43 50 304 388
43 52 776 46
43 53 156 187
43 54 10 395
43 55 546 359
43 56 501 114
43 57 27 168
43 58 499 357
43 59 387 222
43 60 737 319
43 61 71 237
44 42 75 308
44 43 683 173
44 45 532 56
44 48 372 349
44 52 502 209
44 53 292 329
44 54 993 214
44 55 597 402
44 56 31 44
44 57 915 363
44 58 542 96
44 59 677 19
44 60 294 280
44 61 25 42
45 44 532 61
45 52 618 412
45 53 959 208
45 54 573 242
45 55 672 73
45 56 913 275
45 57 727 218
45 58 323 212
45 59 608 313
45 60 708 331
45 61 713 276
46 42 909 398
46 52 910 40
46 53 817 42
46 54 754 282
46 55 860 189
46 56 182 109
46 57 581 10
46 58 68 222
46 59 319 280
46 60 173 208
46 61 647 66
47 52 933 404
47 53 607 202
47 54 728 349
47 55 630 263
47 56 189 187
47 57 427 74
47 58 762 8
47 59 874 393
47 60 416 295
47 61 632 125
48 43 54 223
48 44 372 133
48 52 197 130
48 53 650 235
48 54 391 120
48 55 809 330
48 56 449 274
48 57 316 181
48 58 763 86
48 59 241 133
48 60 640 231
48 61 906 175
49 42 461 56
49 43 154 309
49 52 441 125
49 53 353 239
49 54 46 100
49 55 945 359
49 56 198 137
49 57 974 417
49 58 862 301
49 59 746 73
49 60 672 233
49 61 158 120
50 42 969 18
50 43 304 169
50 52 210 333
50 53 249 327
50 54 235 305
50 55 54 337
50 56 609 345
50 57 164 339
50 58 553 124
50 59 826 247
50 60 592 51
50 61 478 60
51 42 582 119
51 52 420 26
51 53 992 86
51 54 654 76
51 55 975 186
51 56 614 352
51 57 700 123
51 58 214 278
51 59 879 336
51 60 683 193
51 61 248 31
52 53 279 54
52 54 543 334
52 57 192 403
52 59 475 275
52 60 888 384
52 61 906 39
53 52 279 365
53 54 95 280
53 56 736 89
53 57 337 27
53 58 823 69
53 60 420 362
53 61 403 326
53 62 661 14
53 63 713 161
53 64 931 332
53 65 784 380
53 66 794 416
53 67 506 239
53 68 16 161
53 69 495 82
53 70 318 294
53 71 596 214
54 52 543 275
54 53 95 292
54 55 179 267
54 56 784 99
54 58 112 350
54 59 806 345
54 60 150 21
54 62 848 406
54 63 531 372
54 64 105 159
54 65 750 220
54 66 635 57
54 67 334 52
54 68 892 269
54 69 640 62
54 70 983 44
54 71 497 241
55 54 179 217
55 62 30 236
55 63 146 295
55 64 328 372
55 65 93 115
55 66 244 349
55 67 573 207
55 68 982 12
55 69 898 134
55 70 904 303
55 71 633 230
56 53 736 366
56 54 784 318
56 62 185 365
56 63 178 300
56 64 756 406
56 65 120 140
56 66 902 283
56 67 386 302
56 68 65 213
56 69 900 69
56 70 154 144
56 71 769 289
57 52 192 295
57 53 337 54
57 62 625 383
57 63 860 347
57 64 143 14
57 65 819 25
57 66 97 197
57 67 667 316
57 68 262 233
57 69 729 126
57 70 646 41
57 71 549 59
58 53 823 126
58 54 112 70
58 62 568 403
58 63 752 132
58 64 141 89
58 65 509 401
58 66 732 350
58 67 38 306
58 68 182 76
58 69 272 73
58 70 724 362
58 71 401 389
59 52 475 296
59 54 806 419
59 62 654 44
59 63 647 187
59 64 577 17
59 65 414 194
59 66 92 196
59 67 72 256
59 68 589 250
59 69 806 231
59 70 222 312
59 71 936 81
60 52 888 172
60 53 420 397
60 54 150 97
60 62 567 367
60 63 795 72
60 64 569 97
60 65 617 65
60 66 324 117
60 67 558 96
60 68 985 35
60 69 969 180
60 70 931 141
60 71 123 77
61 52 906 377
61 53 403 400
61 62 898 151
61 63 637 331
61 64 168 108
61 65 379 407
61 66 257 88
61 67 196 321
61 68 157 200
61 69 616 287
61 70 664 366
61 71 610 341
62 63 480 133
62 64 490 373
62 65 569 55
62 67 640 184
62 68 57 409
62 70 861 151
62 71 145 86
63 62 480 5
63 64 820 48
63 67 607 295
63 68 845 304
63 69 287 165
63 71 849 200
63 72 622 185
63 73 228 21
63 74 569 7
63 75 478 9
63 76 928 209
63 77 667 1
63 78 791 284
63 79 244 366
63 80 386 389
63 81 88 419
64 62 490 227
64 63 820 362
64 68 236 232
64 69 393 407
64 70 416 232
64 71 208 325
64 72 350 401
64 73 818 360
64 74 602 171
64 75 501 378
64 76 584 165
64 77 399 110
64 78 827 91
64 79 524 340
64 80 233 54
64 81 660 126
65 62 569 259
65 72 861 313
65 73 209 343
65 74 28 28
65 75 210 75
65 76 823 231
65 77 523 390
65 78 63 113
65 79 45 30
65 80 119 157
65 81 141 266
66 72 357 356
66 73 527 314
66 74 136 104
66 75 790 237
66 76 660 274
66 77 149 17
66 78 789 140
66 79 410 338
66 80 216 314
66 81 413 106
67 62 640 201
67 63 607 374
67 72 600 287
67 73 176 62
67 74 154 394
67 75 16 145
67 76 698 231
67 77 786 81
67 78 562 180
67 79 698 79
67 80 834 310
67 81 674 246
68 62 57 107
68 63 845 14
68 64 236 226
68 72 365 414
68 73 407 325
68 74 542 39
68 75 310 176
68 76 707 368
68 77 619 193
68 78 358 45
68 79 98 132
68 80 661 132
68 81 148 77
69 63 287 131
69 64 393 50
69 72 693 54
69 73 537 47
69 74 417 47
69 75 658 143
69 76 144 225
69 77 220 183
69 78 665 70
69 79 250 77
69 80 448 222
69 81 687 254
70 62 861 299
70 64 416 240
70 72 263 272
70 73 786 197
70 74 650 124
70 75 884 170
70 76 73 222
70 77 539 400
70 78 60 247
70 79 812 35
70 80 167 328
70 81 292 93
71 62 145 224
71 63 849 116
71 64 208 246
71 72 621 257
71 73 433 134
71 74 566 27
71 75 918 286
71 76 109 31
71 77 120 337
71 78 860 88
71 79 306 361
71 80 894 280
71 81 922 217
72 73 607 132
72 74 478 191
72 75 602 406
72 76 187 3
72 79 704 63
72 80 492 82
73 72 607 197
73 74 145 263
73 75 551 14
73 76 637 383
73 77 496 275
73 78 42 393
73 80 842 243
73 81 367 308
73 82 798 234
73 83 87 103
73 84 320 168
73 85 708 135
73 86 515 408
73 87 162 184
73 88 716 20
73 89 787 186
73 90 858 200
73 91 692 6
74 72 478 6
74 73 145 58
74 82 635 150
74 83 205 225
74 84 530 369
74 85 484 344
74 86 81 401
74 87 358 276
74 88 992 9
74 89 979 360
74 90 325 421
74 91 400 105
75 72 602 24
75 73 551 140
75 82 294 102
75 83 218 90
75 84 927 391
75 85 296 166
75 86 664 3
75 87 506 61
75 88 262 316
75 89 339 348
75 90 644 97
75 91 484 20
76 72 187 328
76 73 637 9
76 82 294 146
76 83 480 212
76 84 906 95
76 85 814 62
76 86 328 19
76 87 355 421
76 88 924 281
76 89 883 181
76 90 64 317
76 91 891 183
77 73 496 40
77 82 288 407
77 83 455 15
77 84 435 261
77 85 328 364
77 86 900 79
77 87 257 188
77 88 200 94
77 89 654 420
77 90 355 404
77 91 25 234
78 73 42 266
78 82 578 30
78 83 548 302
78 84 433 29
78 85 633 38
78 86 577 409
78 87 923 339
78 88 751 50
78 89 104 7
78 90 690 18
78 91 169 254
79 72 704 166
79 82 813 252
79 83 83 324
79 84 13 105
79 85 346 239
79 86 998 142
79 87 574 17
79 88 87 44
79 89 557 234
79 90 916 228
79 91 312 27
80 72 492 161
80 73 842 311
80 82 58 313
80 83 951 50
80 84 368 152
80 85 53 368
80 86 427 174
80 87 446 59
80 88 454 289
80 89 423 182
80 90 900 41
80 91 428 380
81 73 367 163
81 82 336 27
81 83 739 207
81 84 840 106
81 85 154 412
81 86 554 235
81 87 824 342
81 88 57 135
81 89 966 220
81 90 225 344
81 91 63 364
82 83 830 342
82 84 787 95
82 85 285 169
82 86 621 348
82 87 516 237
82 91 433 93
83 82 830 366
83 84 888 62
83 86 291 392
83 87 545 92
83 89 409 259
83 90 914 225
83 91 543 288
83 92 573 304
83 93 665 43
83 94 168 387
83 95 63 375
83 96 976 104
83 97 480 241
83 98 263 189
83 99 463 350
83 100 798 237
83 101 762 84
84 82 787 161
84 83 888 96
84 86 951 209
84 87 341 67
84 88 6 349
84 90 438 1
84 91 216 394
84 92 662 184
84 93 230 363
84 94 467 28
84 95 83 192
84 96 166 306
84 97 710 120
84 98 492 97
84 99 999 57
84 100 579 169
84 101 953 412
85 82 285 157
85 92 290 183
85 93 273 329
85 94 193 202
85 95 128 114
85 96 844 398
85 97 482 309
85 98 534 125
85 99 624 204
85 100 892 98
85 101 131 113
86 82 621 222
86 83 291 1
86 84 951 182
86 92 688 132
86 93 724 28
86 94 667 405
86 95 213 163
86 96 90 98
86 97 975 138
86 98 156 162
86 99 680 391
86 100 88 294
86 101 588 29
87 82 516 243
87 83 545 401
87 84 341 267
87 92 757 38
87 93 423 72
87 94 763 376
87 95 688 262
87 96 763 178
87 97 584 49
87 98 586 412
87 99 488 125
87 100 505 282
87 101 38 52
88 84 6 78
88 92 225 175
88 93 414 44
88 94 694 34
88 95 225 397
88 96 803 327
88 97 216 63
88 98 261 362
88 99 446 66
88 100 44 15
88 101 28 60
89 83 409 374
89 92 982 187
89 93 238 358
89 94 749 60
89 95 452 335
89 96 660 76
89 97 577 259
89 98 16 78
89 99 433 341
89 100 552 346
89 101 27 56
90 83 914 96
90 84 438 76
90 92 811 26
90 93 163 38
90 94 660 358
90 95 99 272
90 96 606 78
90 97 334 83
90 98 80 63
90 99 854 178
90 100 153 186
90 101 694 119
91 82 433 171
91 83 543 353
91 84 216 313
91 92 360 379
91 93 8 1
91 94 150 86
91 95 826 392
91 96 836 16
91 97 984 294
91 98 333 412
91 99 337 272
91 100 425 38
91 101 781 418
92 93 837 141
92 94 709 154
92 96 460 232
92 99 160 321
93 92 837 348
93 94 447 14
93 95 989 169
93 97 680 227
93 98 122 161
93 100 810 363
93 101 975 338
93 102 18 209
93 103 745 325
93 104 648 71
93 105 797 249
93 106 816 370
93 107 842 366
93 108 599 124
93 109 304 130
93 110 871 228
93 111 705 96
94 92 709 201
94 93 447 311
94 95 493 363
94 98 798 358
94 99 729 94
94 100 700 402
94 102 626 299
94 103 804 264
94 104 122 251
94 105 122 53
94 106 914 386
94 107 757 211
94 108 124 128
94 109 98 45
94 110 653 314
94 111 473 263
95 93 989 173
95 94 493 305
95 102 599 355
95 103 901 73
95 104 61 3
95 105 709 137
95 106 961 88
95 107 707 247
95 108 876 125
95 109 55 235
95 110 487 45
95 111 732 63
96 92 460 411
96 102 529 340
96 103 567 74
96 104 623 16
96 105 319 281
96 106 516 243
96 107 477 26
96 108 608 67
96 109 814 249
96 110 336 268
96 111 979 113
97 93 680 249
97 102 463 421
97 103 967 231
97 104 671 241
97 105 757 187
97 106 853 303
97 107 851 65
97 108 194 416
97 109 399 353
97 110 484 48
97 111 514 107
98 93 122 57
98 94 798 275
98 102 680 40
98 103 231 221
98 104 998 184
98 105 390 59
98 106 961 113
98 107 251 393
98 108 431 62
98 109 716 136
98 110 965 256
98 111 44 254
99 92 160 253
99 94 729 375
99 102 499 374
99 103 616 400
99 104 982 389
99 105 794 346
99 106 865 80
99 107 788 220
99 108 65 112
99 109 953 244
99 110 170 334
99 111 581 193
100 93 810 348
100 94 700 345
100 102 640 181
100 103 246 388
100 104 329 375
100 105 462 42
100 106 89 188
100 107 349 326
100 108 559 279
100 109 696 180
100 110 593 303
100 111 158 151
101 93 975 43
101 102 352 166
101 103 411 11
101 104 428 304
101 105 762 390
101 106 284 228
101 107 393 166
101 108 749 399
101 109 623 156
101 110 649 28
101 111 26 83
102 103 560 76
102 104 144 83
102 106 645 185
102 108 273 417
102 109 302 344
102 110 716 285
102 111 371 157
103 102 560 262
103 104 271 137
103 106 476 261
103 107 941 276
103 109 682 409
103 110 309 271
103 112 252 294
103 113 636 309
103 114 64 194
103 115 760 374
103 116 671 125
103 117 566 339
103 118 664 26
103 119 576 340
103 120 653 64
103 121 235 295
104 102 144 336
104 103 271 262
104 108 37 217
104 111 926 401
104 112 195 235
104 113 310 330
104 114 851 189
104 115 463 182
104 116 959 220
104 117 535 76
104 118 833 392
104 119 587 134
104 120 483 69
104 121 723 132
105 112 53 241
105 113 115 81
105 114 6 12
105 115 756 379
105 116 54 238
105 117 15 289
105 118 336 389
105 119 244 142
105 120 681 227
105 121 922 170
106 102 645 190
106 103 476 253
106 112 357 217
106 113 122 375
106 114 14 86
106 115 527 69
106 116 815 209
106 117 493 359
106 118 516 47
106 119 398 352
106 120 959 183
106 121 77 387
107 103 941 87
107 112 204 261
107 113 703 249
107 114 125 268
107 115 734 67
107 116 874 20
107 117 896 363
107 118 373 256
107 119 290 417
107 120 220 343
107 121 367 152
108 102 273 140
108 104 37 329
108 112 644 99
108 113 173 172
108 114 745 380
108 115 702 272
108 116 207 112
108 117 304 73
108 118 202 213
108 119 833 388
108 120 435 174
108 121 486 302
109 102 302 120
109 103 682 301
109 112 778 45
109 113 32 187
109 114 230 366
109 115 199 93
109 116 488 173
109 117 730 153
109 118 596 414
109 119 753 386
109 120 863 304
109 121 261 96
110 102 716 7
110 103 309 345
110 112 776 283
110 113 438 17
110 114 23 368
110 115 562 37
110 116 146 306
110 117 704 164
110 118 558 355
110 119 701 7
110 120 591 40
110 121 228 402
111 102 371 127
111 104 926 249
111 112 517 318
111 113 801 68
111 114 40 372
111 115 618 252
111 116 163 192
111 117 40 55
111 118 908 349
111 119 691 276
111 120 147 324
111 121 711 344
112 113 196 149
112 114 319 40
112 118 999 247
112 119 191 407
112 121 80 369
113 112 196 194
113 114 114 294
113 115 742 279
113 117 828 282
113 118 84 145
113 119 256 371
113 121 809 65
113 122 607 33
113 123 279 418
113 124 269 17
113 125 39 278
113 126 676 13
113 127 34 98
113 128 591 405
113 129 675 62
113 130 465 52
113 131 949 84
114 112 319 370
114 113 114 241
114 117 936 376
114 118 300 88
114 121 58 31
114 122 797 262
114 123 665 322
114 124 867 348
114 125 260 121
114 126 291 28
114 127 950 23
114 128 109 185
114 129 697 376
114 130 956 219
114 131 963 312
115 113 742 191
115 122 158 292
115 123 262 388
115 124 682 157
115 125 934 165
115 126 817 245
115 127 793 255
115 128 659 351
115 129 973 14
115 130 597 128
115 131 437 258
116 122 592 272
116 123 425 41
116 124 676 9
116 125 742 242
116 126 463 352
116 127 866 194
116 128 986 48
116 129 184 302
116 130 817 198
116 131 727 104
117 113 828 231
117 114 936 399
117 122 756 43
117 123 268 329
117 124 86 6
117 125 795 323
117 126 917 374
117 127 380 154
117 128 634 303
117 129 976 259
117 130 603 51
117 131 217 392
118 112 999 381
118 113 84 96
118 114 300 352
118 122 456 106
118 123 170 31
118 124 396 368
118 125 565 390
118 126 591 399
118 127 294 274
118 128 240 205
118 129 481 381
118 130 402 311
118 131 496 182
119 112 191 192
119 113 256 155
119 122 449 133
119 123 304 335
119 124 824 321
119 125 552 75
119 126 972 119
119 127 737 308
119 128 648 277
119 129 694 413
119 130 872 93
119 131 807 339
120 122 782 173
120 123 128 295
120 124 53 198
120 125 992 1
120 126 995 72
120 127 947 295
120 128 409 199
120 129 62 144
120 130 716 348
120 131 533 88
121 112 80 77
121 113 809 19
121 114 58 217
121 122 920 183
121 123 691 383
121 124 951 404
121 125 270 313
121 126 406 335
121 127 525 362
121 128 301 45
121 129 849 187
121 130 893 199
121 131 563 85
122 123 995 244
122 124 148 378
122 125 261 157
122 126 247 145
122 130 845 219
122 131 132 220
123 122 995 388
123 124 491 402
123 125 749 220
123 126 888 340
123 130 264 200
123 132 572 56
123 133 749 320
123 134 555 352
123 135 118 83
123 136 960 162
123 137 808 228
123 138 392 66
123 139 177 130
123 140 495 414
123 141 751 278
124 122 148 304
124 123 491 361
124 125 823 73
124 129 149 159
124 131 269 319
124 132 193 86
124 133 211 374
124 134 664 337
124 135 972 336
124 136 507 283
124 137 852 369
124 138 867 47
124 139 474 85
124 140 439 339
124 141 590 247
125 122 261 93
125 123 749 301
125 124 823 192
125 132 952 44
125 133 739 341
125 134 135 123
125 135 773 164
125 136 753 351
125 137 279 11
125 138 92 175
125 139 44 221
125 140 210 309
125 141 663 204
126 122 247 62
126 123 888 253
126 132 921 26
126 133 356 167
126 134 919 120
126 135 64 178
126 136 438 87
126 137 372 379
126 138 911 11
126 139 875 12
126 140 172 38
126 141 528 49
127 132 446 43
127 133 93 387
127 134 248 140
127 135 11 133
127 136 594 214
127 137 36 388
127 138 250 343
127 139 54 62
127 140 691 355
127 141 474 293
128 132 571 270
128 133 685 126
128 134 90 87
128 135 942 391
128 136 372 321
128 137 674 369
128 138 292 320
128 139 179 116
128 140 247 39
128 141 748 15
129 124 149 331
129 132 543 135
129 133 365 24
129 134 998 266
129 135 822 68
129 136 98 374
129 137 911 168
129 138 134 275
129 139 55 352
129 140 165 1
129 141 284 315
130 122 845 341
130 123 264 41
130 132 137 6
130 133 964 289
130 134 585 418
130 135 571 397
130 136 80 109
130 137 863 49
130 138 690 210
130 139 101 248
130 140 119 102
130 141 622 71
131 122 132 32
131 124 269 313
131 132 705 394
131 133 303 401
131 134 832 269
131 135 455 114
131 136 627 128
131 137 986 172
131 138 666 1
131 139 338 112
131 140 368 22
131 141 958 167
132 133 875 221
132 134 375 189
132 135 961 100
132 138 586 81
132 140 101 388
133 132 875 319
133 134 169 157
133 135 174 203
133 136 593 183
133 137 753 164
133 139 455 86
133 142 589 365
133 143 941 362
133 144 432 329
133 145 481 137
133 146 791 375
133 147 849 5
133 148 897 54
133 149 731 240
133 150 134 221
133 151 676 197
134 132 375 254
134 133 169 13
134 136 222 235
134 139 505 314
134 140 901 390
134 142 162 211
134 143 364 233
134 144 546 411
134 145 485 315
134 146 603 325
134 147 578 410
134 148 379 32
134 149 354 223
134 150 83 77
134 151 711 33
135 132 961 138
135 133 174 400
135 142 451 330
135 143 94 27
135 144 182 22
135 145 181 217
135 146 951 80
135 147 996 344
135 148 923 163
135 149 638 35
135 150 86 182
135 151 951 172
136 133 593 173
136 134 222 58
136 142 941 194
136 143 25 44
136 144 588 148
136 145 931 133
136 146 423 14
136 147 196 346
136 148 616 362
136 149 493 239
136 150 977 42
136 151 528 397
137 133 753 52
137 142 460 80
137 143 822 353
137 144 244 345
137 145 314 332
137 146 659 216
137 147 146 70
137 148 217 363
137 149 633 165
137 150 403 304
137 151 138 51
138 132 586 38
138 142 408 118
138 143 623 286
138 144 898 318
138 145 781 231
138 146 527 92
138 147 548 242
138 148 837 11
138 149 572 296
138 150 968 13
138 151 258 217
139 133 455 73
139 134 505 155
139 142 345 204
139 143 341 190
139 144 62 350
139 145 905 198
139 146 223 59
139 147 104 300
139 148 64 397
139 149 913 340
139 150 214 46
139 151 565 300
140 132 101 129
140 134 901 22
140 142 839 141
140 143 663 64
140 144 882 229
140 145 497 280
140 146 838 120
140 147 765 168
140 148 748 310
140 149 29 295
140 150 231 259
140 151 507 385
141 142 357 109
141 143 685 150
141 144 412 74
141 145 575 74
141 146 434 202
141 147 135 225
141 148 164 413
141 149 446 166
141 150 126 130
141 151 579 346
142 143 691 327
142 144 443 298
142 145 710 257
142 146 372 131
142 147 247 288
142 149 34 376
142 151 995 286
142 152 137 352
143 142 691 187
143 144 243 311
143 147 836 374
143 148 45 299
143 150 387 27
143 152 279 61
144 142 443 372
144 143 243 421
144 146 507 422
144 152 723 407
145 142 710 102
145 152 811 247
146 142 372 107
146 144 507 288
146 152 841 5
147 142 247 126
147 143 836 242
147 152 462 413
148 143 45 263
148 152 779 312
149 142 34 237
149 152 885 276
150 143 387 90
150 152 638 210
151 142 995 57
151 152 608 374
