152 1680 1 152 8 420
1 2 54 154
1 3 954 326
1 4 827 8
1 5 587 189
1 6 153 388
1 7 950 167
1 8 713 102
1 9 392 213
1 10 78 117
1 11 318 303
2 3 578 381
2 4 312 389
2 7 77 224
2 8 686 123
2 9 874 388
2 10 5 62
3 2 578 274
3 4 943 380
3 7 231 336
3 8 892 237
3 12 799 403
3 13 278 385
3 14 234 75
3 15 737 235
3 16 201 307
3 17 265 265
3 18 47 194
3 19 880 34
3 20 627 99
3 21 435 346
4 2 312 359
4 3 943 83
4 7 81 347
4 8 554 277
4 9 85 308
4 10 903 412
4 12 334 302
4 13 614 272
4 14 208 41
4 15 374 372
4 16 588 310
4 17 249 148
4 18 543 411
4 19 998 76
4 20 687 219
4 21 928 353
5 12 848 163
5 13 915 57
5 14 244 10
5 15 270 358
5 16 851 149
5 17 39 366
5 18 610 210
5 19 707 400
5 20 300 418
5 21 829 320
6 12 81 13
6 13 101 346
6 14 691 206
6 15 555 217
6 16 979 410
6 17 381 340
6 18 742 249
6 19 418 266
6 20 693 17
6 21 289 278
7 2 77 13
7 3 231 36
7 4 81 146
7 12 619 276
7 13 620 241
7 14 269 217
7 15 373 254
7 16 573 169
7 17 950 398
7 18 608 135
7 19 454 58
7 20 461 210
7 21 297 186
8 2 686 320
8 3 892 239
8 4 554 356
8 12 342 226
8 13 3 132
8 14 342 282
8 15 329 74
8 16 357 413
8 17 137 59
8 18 173 50
8 19 309 158
8 20 580 167
8 21 348 272
9 2 874 89
9 4 85 286
9 12 311 123
9 13 952 275
9 14 934 65
9 15 933 72
9 16 828 164
9 17 429 339
9 18 94 253
9 19 800 289
9 20 518 193
9 21 696 59
10 2 5 371
10 4 903 410
10 12 948 289
10 13 818 182
10 14 793 315
10 15 315 235
10 16 887 206
10 17 107 152
10 18 544 261
10 19 601 60
10 20 242 80
10 21 430 253
11 12 711 265
11 13 696 408
11 14 796 103
11 15 141 8
11 16 359 156
11 17 536 22
11 18 799 235
11 19 671 388
11 20 512 126
11 21 333 106
12 13 398 106
12 14 893 201
12 15 935 289
12 16 584 73
12 17 714 381
12 20 902 36
12 21 543 284
13 12 398 82
13 14 432 309
13 17 552 203
13 18 391 289
13 20 19 39
13 22 70 189
13 23 814 22
13 24 165 410
13 25 655 115
13 26 87 298
13 27 324 38
13 28 474 33
13 29 316 61
13 30 1 255
13 31 313 158
14 12 893 194
14 13 432 378
14 17 90 149
14 22 609 251
14 23 437 324
14 24 568 32
14 25 781 73
14 26 914 276
14 27 562 272
14 28 833 230
14 29 496 106
14 30 304 317
14 31 651 166
15 12 935 151
15 22 321 191
15 23 476 59
15 24 397 237
15 25 210 315
15 26 708 56
15 27 698 144
15 28 732 128
15 29 629 74
15 30 347 10
15 31 730 86
16 12 584 164
16 22 528 199
16 23 919 284
16 24 370 370
16 25 274 48
16 26 961 348
16 27 895 149
16 28 920 89
16 29 501 50
16 30 15 323
16 31 828 257
17 12 714 137
17 13 552 254
17 14 90 91
17 22 882 329
17 23 647 91
17 24 592 253
17 25 694 43
17 26 115 60
17 27 224 286
17 28 790 143
17 29 241 272
17 30 857 138
17 31 707 86
18 13 391 371
18 22 492 75
18 23 47 332
18 24 672 49
18 25 396 409
18 26 736 359
18 27 525 107
18 28 319 336
18 29 795 90
18 30 500 341
18 31 47 404
19 22 421 162
19 23 521 61
19 24 597 204
19 25 791 171
19 26 124 104
19 27 599 330
19 28 980 186
19 29 329 186
19 30 528 265
19 31 30 324
20 12 902 5
20 13 19 41
20 22 240 126
20 23 264 95
20 24 237 156
20 25 840 195
20 26 765 172
20 27 602 397
20 28 844 357
20 29 511 370
20 30 832 110
20 31 689 12
21 12 543 340
21 22 572 206
21 23 969 230
21 24 503 6
21 25 641 398
21 26 985 317
21 27 170 283
21 28 972 47
21 29 567 245
21 30 480 303
21 31 746 365
22 23 61 42
22 24 569 359
22 29 907 318
22 31 298 408
23 22 61 14
23 24 25 313
23 27 598 182
23 29 567 96
23 30 652 48
23 31 918 236
23 32 179 318
23 33 354 174
23 34 927 199
23 35 193 13
23 36 264 389
23 37 696 58
23 38 792 260
23 39 777 340
23 40 221 403
23 41 37 339
24 22 569 11
24 23 25 311
24 26 811 404
24 28 20 23
24 29 639 230
24 31 649 223
24 32 525 5
24 33 666 274
24 34 848 336
24 35 302 213
24 36 593 206
24 37 456 74
24 38 810 156
24 39 418 17
24 40 589 166
24 41 330 63
25 32 813 133
25 33 65 154
25 34 535 307
25 35 98 288
25 36 833 291
25 37 520 34
25 38 569 285
25 39 513 247
25 40 565 13
25 41 761 240
26 24 811 365
26 32 962 110
26 33 665 165
26 34 821 123
26 35 953 399
26 36 299 59
26 37 601 157
26 38 201 378
26 39 656 245
26 40 997 321
26 41 449 205
27 23 598 196
27 32 83 231
27 33 595 71
27 34 435 305
27 35 623 406
27 36 34 172
27 37 630 8
27 38 717 284
27 39 503 147
27 40 849 265
27 41 137 133
28 24 20 27
28 32 524 330
28 33 515 31
28 34 949 350
28 35 472 183
28 36 941 137
28 37 217 192
28 38 209 117
28 39 35 189
28 40 324 52
28 41 189 123
29 22 907 181
29 23 567 38
29 24 639 302
29 32 535 106
29 33 948 314
29 34 983 277
29 35 137 35
29 36 271 63
29 37 17 318
29 38 635 180
29 39 905 239
29 40 294 108
29 41 725 312
30 23 652 339
30 32 96 233
30 33 947 321
30 34 963 418
30 35 378 250
30 36 485 30
30 37 505 181
30 38 575 357
30 39 561 126
30 40 375 287
30 41 863 65
31 22 298 357
31 23 918 109
31 24 649 88
31 32 916 48
31 33 250 406
31 34 625 47
31 35 54 338
31 36 238 19
31 37 946 233
31 38 702 70
31 39 775 212
31 40 892 369
31 41 410 36
32 33 933 65
32 34 789 328
32 35 766 106
32 39 259 222
32 40 442 93
33 32 933 167
33 34 54 125
33 36 352 129
33 37 826 358
33 39 199 388
33 41 575 39
33 42 601 207
33 43 185 94
33 44 1000 350
33 45 69 248
33 46 80 187
33 47 712 378
33 48 927 99
33 49 41 210
33 50 78 23
33 51 639 268
34 32 789 183
34 33 54 345
34 36 93 167
34 42 617 273
34 43 698 84
34 44 430 321
34 45 958 182
34 46 807 170
34 47 370 237
34 48 849 168
34 49 272 366
34 50 639 149
34 51 299 138
35 32 766 357
35 42 336 167
35 43 619 31
35 44 315 388
35 45 853 204
35 46 265 149
35 47 8 328
35 48 215 179
35 49 824 3
35 50 73 93
35 51 909 31
36 33 352 80
36 34 93 256
36 42 543 396
36 43 473 98
36 44 770 386
36 45 225 362
36 46 83 161
36 47 65 61
36 48 623 45
36 49 139 257
36 50 682 84
36 51 666 409
37 33 826 219
37 42 498 307
37 43 554 349
37 44 670 290
37 45 408 225
37 46 601 41
37 47 315 95
37 48 345 120
37 49 171 408
37 50 533 326
37 51 708 13
38 42 376 32
38 43 965 151
38 44 82 384
38 45 124 254
38 46 757 103
38 47 949 294
38 48 607 19
38 49 306 57
38 50 770 394
38 51 338 227
39 32 259 227
39 33 199 239
39 42 418 319
39 43 312 392
39 44 121 372
39 45 904 327
39 46 568 62
39 47 532 229
39 48 476 33
39 49 354 375
39 50 831 191
39 51 176 400
40 32 442 413
40 42 788 34
40 43 107 148
40 44 120 180
40 45 812 63
40 46 238 391
40 47 391 213
40 48 462 312
40 49 551 196
40 50 657 398
40 51 117 367
41 33 575 11
41 42 282 255
41 43 496 36
41 44 440 317
41 45 473 243
41 46 604 351
41 47 995 257
41 48 619 1
41 49 278 286
41 50 9 133
41 51 977 60
42 43 548 385
42 44 447 185
42 45 831 36
42 46 296 402
42 49 528 39
42 50 641 140
42 51 685 166
43 42 548 153
43 44 813 188
43 47 669 203
43 50 692 384
43 51 898 50
43 52 484 350
43 53 318 398
43 54 122 284
43 55 663 201
43 56 84 343
43 57 491 47
43 58 310 96
43 59 192 10
43 60 318 110
43 61 145 172
44 42 447 247
44 43 813 62
44 49 550 167
44 50 563 303
44 51 430 141
44 52 814 265
44 53 809 178
44 54 907 236
44 55 991 235
44 56 6 214
44 57 942 226
44 58 667 106
44 59 362 13
44 60 41 246
44 61 771 51
45 42 831 136
45 52 445 367
45 53 158 270
45 54 771 97
45 55 883 46
45 56 355 4
45 57 241 51
45 58 618 230
45 59 848 87
45 60 490 250
45 61 83 389
46 42 296 420
46 52 232 189
46 53 651 380
46 54 307 252
46 55 434 354
46 56 241 32
46 57 31 105
46 58 841 365
46 59 674 162
46 60 886 159
46 61 22 182
47 43 669 168
47 52 426 299
47 53 186 219
47 54 815 385
47 55 42 66
47 56 131 49
47 57 967 362
47 58 131 342
47 59 269 215
47 60 405 47
47 61 363 312
48 52 177 90
48 53 274 73
48 54 330 22
48 55 759 96
48 56 742 255
48 57 459 291
48 58 119 359
48 59 816 194
48 60 749 366
48 61 362 41
49 42 528 339
49 44 550 34
49 52 879 226
49 53 749 140
49 54 27 318
49 55 69 241
49 56 198 285
49 57 466 40
49 58 923 168
49 59 713 412
49 60 427 239
49 61 4 180
50 42 641 318
50 43 692 321
50 44 563 66
50 52 893 356
50 53 629 57
50 54 269 332
50 55 883 52
50 56 497 135
50 57 353 128
50 58 806 346
50 59 968 360
50 60 508 348
50 61 625 151
51 42 685 370
51 43 898 300
51 44 430 99
51 52 509 19
51 53 857 177
51 54 672 249
51 55 616 164
51 56 217 366
51 57 176 154
51 58 9 142
51 59 546 12
51 60 176 73
51 61 835 126
52 53 481 156
52 54 79 150
52 56 879 386
52 58 363 174
52 61 353 340
53 52 481 293
53 54 933 407
53 57 264 378
53 58 547 404
53 59 172 225
53 60 210 45
53 61 947 82
53 62 568 14
53 63 458 330
53 64 59 52
53 65 749 331
53 66 790 102
53 67 240 368
53 68 234 295
53 69 875 25
53 70 910 220
53 71 351 308
54 52 79 189
54 53 933 323
54 57 635 103
54 58 88 312
54 59 675 283
54 60 799 420
54 62 486 360
54 63 35 379
54 64 212 27
54 65 712 256
54 66 221 174
54 67 923 364
54 68 938 145
54 69 391 42
54 70 734 376
54 71 67 75
55 62 879 337
55 63 989 116
55 64 961 70
55 65 46 134
55 66 820 264
55 67 909 52
55 68 563 408
55 69 794 21
55 70 901 148
55 71 471 255
56 52 879 419
56 62 145 255
56 63 255 132
56 64 920 14
56 65 505 397
56 66 432 363
56 67 331 8
56 68 353 187
56 69 126 291
56 70 573 84
56 71 850 38
57 53 264 223
57 54 635 190
57 62 178 300
57 63 13 20
57 64 484 235
57 65 268 23
57 66 584 39
57 67 890 361
57 68 273 30
57 69 233 119
57 70 129 301
57 71 404 304
58 52 363 126
58 53 547 387
58 54 88 274
58 62 625 165
58 63 872 42
58 64 669 268
58 65 71 146
58 66 790 54
58 67 585 242
58 68 769 113
58 69 776 311
58 70 97 401
58 71 285 369
59 53 172 298
59 54 675 418
59 62 304 67
59 63 84 419
59 64 151 119
59 65 563 401
59 66 269 170
59 67 658 303
59 68 880 116
59 69 569 383
59 70 426 285
59 71 49 37
60 53 210 128
60 54 799 353
60 62 807 26
60 63 231 230
60 64 656 188
60 65 483 105
60 66 218 244
60 67 56 14
60 68 736 16
60 69 659 387
60 70 535 298
60 71 402 351
61 52 353 194
61 53 947 148
61 62 416 252
61 63 948 91
61 64 169 284
61 65 559 383
61 66 504 374
61 67 770 313
61 68 704 259
61 69 883 416
61 70 19 199
61 71 576 394
62 63 864 188
62 64 964 178
62 65 495 312
62 67 230 263
62 68 451 366
62 69 395 175
63 62 864 101
63 64 386 288
63 65 542 408
63 66 321 89
63 70 783 203
63 71 544 84
63 72 726 11
63 73 516 303
63 74 228 20
63 75 933 384
63 76 158 350
63 77 674 237
63 78 6 94
63 79 611 138
63 80 543 123
63 81 223 171
64 62 964 3
64 63 386 383
64 66 41 107
64 71 769 364
64 72 229 169
64 73 343 275
64 74 389 178
64 75 894 70
64 76 265 194
64 77 248 410
64 78 595 180
64 79 783 369
64 80 303 53
64 81 605 76
65 62 495 132
65 63 542 30
65 72 200 136
65 73 460 207
65 74 756 61
65 75 690 186
65 76 197 404
65 77 455 330
65 78 658 383
65 79 898 391
65 80 318 341
65 81 752 95
66 63 321 180
66 64 41 76
66 72 675 180
66 73 811 43
66 74 332 45
66 75 596 96
66 76 581 390
66 77 55 355
66 78 948 172
66 79 666 280
66 80 450 336
66 81 483 376
67 62 230 153
67 72 141 339
67 73 632 185
67 74 92 235
67 75 825 137
67 76 360 229
67 77 111 393
67 78 10 169
67 79 433 306
67 80 974 44
67 81 375 312
68 62 451 185
68 72 187 17
68 73 309 77
68 74 225 360
68 75 873 133
68 76 995 143
68 77 771 318
68 78 711 213
68 79 572 348
68 80 626 108
68 81 542 414
69 62 395 229
69 72 878 151
69 73 55 68
69 74 49 106
69 75 478 364
69 76 935 297
69 77 819 1
69 78 969 8
69 79 59 131
69 80 369 2
69 81 980 106
70 63 783 250
70 72 396 123
70 73 495 282
70 74 996 20
70 75 628 85
70 76 194 374
70 77 404 142
70 78 162 248
70 79 430 241
70 80 172 64
70 81 70 354
71 63 544 173
71 64 769 51
71 72 76 95
71 73 356 216
71 74 100 85
71 75 323 211
71 76 390 320
71 77 424 157
71 78 626 60
71 79 867 185
71 80 151 286
71 81 663 129
72 73 887 264
72 74 535 197
72 76 390 43
72 79 735 410
73 72 887 250
73 74 875 282
73 77 581 351
73 78 507 237
73 79 225 388
73 80 816 242
73 82 318 158
73 83 144 243
73 84 235 404
73 85 161 402
73 86 144 240
73 87 932 198
73 88 622 389
73 89 975 400
73 90 799 244
73 91 916 408
74 72 535 313
74 73 875 136
74 78 784 161
74 80 42 156
74 82 796 334
74 83 602 299
74 84 64 113
74 85 423 67
74 86 259 284
74 87 127 300
74 88 998 161
74 89 920 13
74 90 269 152
74 91 131 185
75 82 831 373
75 83 505 230
75 84 618 281
75 85 175 104
75 86 63 387
75 87 281 292
75 88 145 48
75 89 776 55
75 90 537 163
75 91 241 250
76 72 390 177
76 82 171 124
76 83 925 31
76 84 201 73
76 85 5 358
76 86 368 33
76 87 951 278
76 88 787 355
76 89 6 165
76 90 415 397
76 91 589 22
77 73 581 410
77 82 964 291
77 83 333 244
77 84 428 268
77 85 905 223
77 86 164 187
77 87 511 311
77 88 982 252
77 89 286 216
77 90 42 153
77 91 311 304
78 73 507 249
78 74 784 33
78 82 125 299
78 83 152 257
78 84 804 396
78 85 685 241
78 86 925 1
78 87 484 120
78 88 429 8
78 89 822 386
78 90 410 133
78 91 696 247
79 72 735 32
79 73 225 276
79 82 824 194
79 83 352 193
79 84 68 15
79 85 975 384
79 86 584 100
79 87 703 312
79 88 918 288
79 89 33 402
79 90 873 257
79 91 793 119
80 73 816 161
80 74 42 333
80 82 736 94
80 83 364 101
80 84 306 198
80 85 569 130
80 86 934 362
80 87 892 276
80 88 379 341
80 89 94 177
80 90 412 212
80 91 186 146
81 82 403 282
81 83 352 2
81 84 654 414
81 85 361 399
81 86 679 33
81 87 914 86
81 88 606 340
81 89 533 44
81 90 688 404
81 91 880 13
82 83 795 290
82 84 601 111
82 85 693 235
82 90 954 13
83 82 795 70
83 84 109 345
83 86 663 76
83 87 74 71
83 88 105 352
83 90 354 331
83 92 668 96
83 93 949 233
83 94 370 63
83 95 209 196
83 96 918 280
83 97 700 180
83 98 853 166
83 99 840 13
83 100 819 284
83 101 882 180
84 82 601 258
84 83 109 1
84 85 988 261
84 86 878 364
84 87 566 236
84 89 709 216
84 90 233 138
84 92 270 312
84 93 316 215
84 94 647 287
84 95 785 318
84 96 7 222
84 97 7 304
84 98 645 210
84 99 260 374
84 100 418 32
84 101 1 30
85 82 693 280
85 84 988 287
85 92 666 140
85 93 873 330
85 94 570 292
85 95 608 318
85 96 476 30
85 97 117 7
85 98 551 87
85 99 152 36
85 100 990 354
85 101 935 357
86 83 663 24
86 84 878 88
86 92 621 185
86 93 500 284
86 94 926 138
86 95 989 398
86 96 937 391
86 97 181 136
86 98 896 336
86 99 430 268
86 100 858 258
86 101 85 192
87 83 74 352
87 84 566 253
87 92 655 377
87 93 174 180
87 94 557 6
87 95 962 352
87 96 316 243
87 97 258 38
87 98 864 364
87 99 748 98
87 100 418 326
87 101 89 126
88 83 105 234
88 92 363 262
88 93 925 142
88 94 57 94
88 95 766 112
88 96 562 323
88 97 26 137
88 98 875 154
88 99 63 32
88 100 899 7
88 101 620 34
89 84 709 72
89 92 43 208
89 93 44 79
89 94 374 379
89 95 277 257
89 96 948 401
89 97 23 349
89 98 33 1
89 99 841 355
89 100 155 91
89 101 396 130
90 82 954 394
90 83 354 139
90 84 233 150
90 92 240 309
90 93 883 364
90 94 503 178
90 95 177 160
90 96 763 75
90 97 316 146
90 98 279 64
90 99 1 396
90 100 189 197
90 101 911 292
91 92 271 154
91 93 212 17
91 94 16 226
91 95 944 66
91 96 318 326
91 97 508 338
91 98 154 176
91 99 137 210
91 100 79 409
91 101 747 195
92 93 877 135
92 94 795 257
92 98 437 295
92 99 500 310
92 100 391 46
93 92 877 160
93 94 519 183
93 97 708 246
93 98 646 134
93 102 861 157
93 103 799 212
93 104 686 204
93 105 690 58
93 106 540 327
93 107 854 21
93 108 754 233
93 109 590 123
93 110 993 178
93 111 323 347
94 92 795 42
94 93 519 363
94 95 525 140
94 96 856 276
94 100 592 327
94 102 871 322
94 103 605 341
94 104 536 380
94 105 858 292
94 106 248 362
94 107 82 260
94 108 536 418
94 109 200 75
94 110 962 154
94 111 68 122
95 94 525 331
95 102 17 85
95 103 659 19
95 104 2 65
95 105 912 95
95 106 459 92
95 107 665 260
95 108 717 267
95 109 975 186
95 110 977 97
95 111 988 88
96 94 856 245
96 102 912 286
96 103 754 251
96 104 397 294
96 105 163 210
96 106 133 52
96 107 259 314
96 108 236 372
96 109 303 135
96 110 2 402
96 111 990 245
97 93 708 258
97 102 856 338
97 103 300 74
97 104 133 328
97 105 763 30
97 106 280 330
97 107 714 244
97 108 974 382
97 109 266 28
97 110 604 270
97 111 628 373
98 92 437 40
98 93 646 142
98 102 180 203
98 103 784 5
98 104 293 229
98 105 178 109
98 106 163 400
98 107 436 205
98 108 177 254
98 109 710 68
98 110 727 35
98 111 980 337
99 92 500 185
99 102 229 244
99 103 74 355
99 104 99 320
99 105 253 401
99 106 926 310
99 107 499 72
99 108 9 250
99 109 933 112
99 110 601 64
99 111 878 380
100 92 391 130
100 94 592 291
100 102 905 235
100 103 493 245
100 104 293 143
100 105 39 249
100 106 366 176
100 107 227 25
100 108 476 37
100 109 195 35
100 110 581 99
100 111 800 146
101 102 825 404
101 103 829 261
101 104 176 117
101 105 180 51
101 106 828 396
101 107 613 161
101 108 828 20
101 109 13 351
101 110 741 69
101 111 283 345
102 103 319 284
102 104 475 402
102 110 166 254
103 102 319 36
103 104 97 372
103 105 607 104
103 106 575 41
103 109 27 361
103 110 211 410
103 112 22 301
103 113 900 392
103 114 73 230
103 115 593 168
103 116 719 259
103 117 180 321
103 118 966 239
103 119 968 179
103 120 449 181
103 121 730 69
104 102 475 293
104 103 97 222
104 107 839 60
104 109 961 98
104 112 68 352
104 113 40 235
104 114 917 257
104 115 707 227
104 116 781 293
104 117 107 88
104 118 78 215
104 119 554 41
104 120 219 260
104 121 209 93
105 103 607 198
105 112 669 135
105 113 154 411
105 114 226 217
105 115 942 268
105 116 674 147
105 117 734 377
105 118 85 358
105 119 805 231
105 120 460 354
105 121 568 315
106 103 575 219
106 112 354 304
106 113 284 96
106 114 402 295
106 115 568 180
106 116 857 216
106 117 379 278
106 118 995 245
106 119 685 251
106 120 518 296
106 121 178 193
107 104 839 64
107 112 282 219
107 113 552 308
107 114 256 211
107 115 779 130
107 116 698 213
107 117 523 83
107 118 949 133
107 119 72 177
107 120 702 141
107 121 117 66
108 112 941 347
108 113 991 247
108 114 480 264
108 115 150 5
108 116 432 360
108 117 194 317
108 118 751 233
108 119 497 121
108 120 274 333
108 121 578 257
109 103 27 252
109 104 961 240
109 112 909 411
109 113 164 356
109 114 422 10
109 115 41 163
109 116 979 365
109 117 970 193
109 118 149 68
109 119 107 251
109 120 885 106
109 121 657 231
110 102 166 307
110 103 211 104
110 112 843 398
110 113 947 61
110 114 811 418
110 115 868 183
110 116 436 86
110 117 915 213
110 118 890 396
110 119 218 376
110 120 714 350
110 121 756 328
111 112 15 374
111 113 91 79
111 114 571 171
111 115 801 340
111 116 361 398
111 117 94 332
111 118 289 329
111 119 589 226
111 120 4 33
111 121 359 87
112 113 216 273
112 114 920 147
112 116 730 261
112 118 500 63
112 119 63 323
113 112 216 45
113 114 838 99
113 115 945 222
113 116 697 274
113 119 186 251
113 121 21 375
113 122 19 384
113 123 563 143
113 124 692 238
113 125 473 311
113 126 99 337
113 127 838 349
113 128 211 179
113 129 684 97
113 130 71 409
113 131 399 247
114 112 920 171
114 113 838 372
114 115 588 20
114 117 646 259
114 118 308 336
114 120 769 221
114 122 787 402
114 123 205 228
114 124 313 39
114 125 253 101
114 126 225 400
114 127 2 213
114 128 672 247
114 129 943 84
114 130 937 28
114 131 921 283
115 113 945 270
115 114 588 371
115 122 867 76
115 123 399 250
115 124 160 308
115 125 856 230
115 126 948 363
115 127 310 326
115 128 129 226
115 129 918 377
115 130 967 49
115 131 705 38
116 112 730 111
116 113 697 22
116 122 336 220
116 123 95 8
116 124 574 148
116 125 517 331
116 126 770 45
116 127 111 99
116 128 743 32
116 129 222 23
116 130 512 403
116 131 974 310
117 114 646 248
117 122 584 277
117 123 714 398
117 124 2 49
117 125 12 295
117 126 363 90
117 127 627 350
117 128 827 271
117 129 418 154
117 130 215 316
117 131 180 130
118 112 500 137
118 114 308 351
118 122 186 237
118 123 250 173
118 124 615 43
118 125 738 241
118 126 642 40
118 127 872 333
118 128 432 56
118 129 421 323
118 130 857 227
118 131 298 174
119 112 63 415
119 113 186 175
119 122 938 261
119 123 610 188
119 124 446 152
119 125 461 287
119 126 229 63
119 127 639 141
119 128 966 71
119 129 786 268
119 130 126 377
119 131 669 355
120 114 769 301
120 122 617 145
120 123 987 91
120 124 689 73
120 125 316 376
120 126 298 254
120 127 263 163
120 128 936 291
120 129 354 63
120 130 923 32
120 131 747 94
121 113 21 403
121 122 494 81
121 123 890 289
121 124 614 263
121 125 896 32
121 126 918 290
121 127 983 36
121 128 345 81
121 129 829 377
121 130 551 238
121 131 742 262
122 123 176 94
122 124 778 229
122 126 147 255
122 127 921 218
122 128 944 178
122 129 733 62
122 130 448 76
122 131 497 68
123 122 176 393
123 124 766 240
123 125 512 192
123 129 655 200
123 130 952 114
123 131 632 144
123 132 823 89
123 133 994 114
123 134 215 211
123 135 263 104
123 136 418 45
123 137 442 314
123 138 706 170
123 139 414 131
123 140 582 73
123 141 759 234
124 122 778 196
124 123 766 349
124 125 768 126
124 127 212 144
124 129 959 397
124 130 902 329
124 131 656 159
124 132 491 417
124 133 941 77
124 134 911 47
124 135 630 123
124 136 254 12
124 137 497 233
124 138 104 54
124 139 322 259
124 140 297 195
124 141 252 396
125 123 512 392
125 124 768 89
125 132 479 376
125 133 955 85
125 134 420 84
125 135 276 105
125 136 582 276
125 137 460 194
125 138 175 372
125 139 635 10
125 140 808 326
125 141 721 241
126 122 147 152
126 132 739 87
126 133 703 353
126 134 479 352
126 135 257 120
126 136 512 18
126 137 510 223
126 138 907 229
126 139 716 182
126 140 118 181
126 141 401 298
127 122 921 179
127 124 212 4
127 132 1 94
127 133 628 412
127 134 312 271
127 135 430 199
127 136 999 11
127 137 417 81
127 138 168 26
127 139 537 212
127 140 616 35
127 141 807 392
128 122 944 62
128 132 708 346
128 133 520 413
128 134 409 259
128 135 646 63
128 136 518 292
128 137 449 262
128 138 747 171
128 139 549 47
128 140 834 288
128 141 749 257
129 122 733 98
129 123 655 26
129 124 959 225
129 132 195 83
129 133 896 132
129 134 7 52
129 135 118 126
129 136 513 396
129 137 97 215
129 138 608 106
129 139 45 64
129 140 182 241
129 141 226 397
130 122 448 197
130 123 952 381
130 124 902 186
130 132 528 121
130 133 139 306
130 134 633 174
130 135 443 396
130 136 19 402
130 137 867 378
130 138 67 202
130 139 151 177
130 140 300 39
130 141 443 191
131 122 497 385
131 123 632 317
131 124 656 393
131 132 75 103
131 133 549 163
131 134 758 183
131 135 385 92
131 136 740 140
131 137 807 199
131 138 958 151
131 139 565 242
131 140 208 31
131 141 676 322
132 133 341 161
132 134 743 368
132 138 203 6
132 139 107 202
133 132 341 74
133 134 726 399
133 135 659 418
133 136 41 406
133 137 485 274
133 139 166 309
133 140 223 43
133 141 136 413
133 142 36 276
133 143 261 14
133 144 580 255
133 145 876 136
133 146 584 125
133 147 142 262
133 148 524 150
133 149 179 207
133 150 388 119
133 151 184 283
134 132 743 298
134 133 726 7
134 137 783 59
134 138 262 132
134 139 308 397
134 141 597 303
134 142 122 122
134 143 414 199
134 144 51 328
134 145 136 382
134 146 727 343
134 147 597 416
134 148 75 95
134 149 282 246
134 150 894 380
134 151 70 387
135 133 659 226
135 142 454 9
135 143 267 379
135 144 180 93
135 145 714 146
135 146 974 95
135 147 222 214
135 148 233 124
135 149 245 344
135 150 421 279
135 151 462 177
136 133 41 376
136 142 530 107
136 143 48 233
136 144 651 346
136 145 574 159
136 146 56 134
136 147 656 231
136 148 675 359
136 149 284 85
136 150 123 69
136 151 642 56
137 133 485 372
137 134 783 198
137 142 521 149
137 143 696 351
137 144 177 139
137 145 351 160
137 146 612 383
137 147 347 32
137 148 903 319
137 149 857 157
137 150 36 85
137 151 439 360
138 132 203 27
138 134 262 11
138 142 705 165
138 143 466 10
138 144 171 195
138 145 881 251
138 146 260 184
138 147 770 211
138 148 959 241
138 149 883 40
138 150 311 8
138 151 395 132
139 132 107 248
139 133 166 90
139 134 308 108
139 142 275 405
139 143 156 44
139 144 646 115
139 145 83 139
139 146 569 241
139 147 144 98
139 148 624 368
139 149 511 74
139 150 411 135
139 151 15 79
140 133 223 12
140 142 507 125
140 143 263 322
140 144 605 235
140 145 629 145
140 146 227 395
140 147 877 96
140 148 334 205
140 149 794 52
140 150 278 62
140 151 652 246
141 133 136 83
141 134 597 214
141 142 820 22
141 143 201 385
141 144 633 47
141 145 978 70
141 146 949 248
141 147 393 160
141 148 559 315
141 149 885 407
141 150 615 351
141 151 622 342
142 143 993 27
142 144 684 135
142 145 834 311
142 148 29 142
142 150 54 278
142 152 151 96
143 142 993 129
143 144 153 61
143 146 890 312
143 147 950 272
143 148 425 362
143 149 567 34
143 150 943 134
143 152 601 349
144 142 684 348
144 143 153 402
144 145 138 166
144 146 703 289
144 147 93 369
144 149 896 330
144 150 720 158
144 152 948 197
145 142 834 75
145 144 138 419
145 152 670 200
146 143 890 66
146 144 703 415
146 152 524 145
147 143 950 108
147 144 93 9
147 152 415 305
148 142 29 374
148 143 425 226
148 152 842 66
149 143 567 80
149 144 896 317
149 152 564 328
150 142 54 417
150 143 943 38
150 144 720 352
150 152 854 97
151 152 580 228
