152 1680 1 152 8 420
1 2 628 260
1 3 925 70
1 4 155 322
1 5 392 148
1 6 647 237
1 7 946 245
1 8 591 149
1 9 971 109
1 10 357 122
1 11 138 115
2 3 963 154
2 4 182 41
2 7 527 14
2 10 429 339
3 2 963 114
3 4 868 203
3 5 732 414
3 6 542 49
3 9 897 343
3 11 360 283
3 12 306 368
3 13 218 404
3 14 958 143
3 15 349 278
3 16 608 173
3 17 580 112
3 18 40 191
3 19 489 184
3 20 43 230
3 21 490 90
4 2 182 28
4 3 868 128
4 6 263 43
4 7 660 303
4 12 990 404
4 13 313 323
4 14 892 315
4 15 825 297
4 16 658 100
4 17 316 147
4 18 326 265
4 19 811 296
4 20 482 71
4 21 354 402
5 3 732 173
5 12 538 68
5 13 193 39
5 14 556 243
5 15 496 249
5 16 80 30
5 17 129 290
5 18 889 284
5 19 476 6
5 20 1 51
5 21 421 321
6 3 542 385
6 4 263 178
6 12 872 342
6 13 578 308
6 14 637 402
6 15 941 159
6 16 282 62
6 17 737 357
6 18 994 335
6 19 111 51
6 20 714 186
6 21 233 47
7 2 527 110
7 4 660 98
7 12 406 263
7 13 509 266
7 14 983 36
7 15 866 169
7 16 831 117
7 17 1 285
7 18 919 129
7 19 286 187
7 20 845 221
7 21 551 55
8 12 709 295
8 13 363 268
8 14 997 331
8 15 639 119
8 16 218 86
8 17 581 196
8 18 173 347
8 19 296 236
8 20 377 242
8 21 84 27
9 3 897 345
9 12 824 27
9 13 125 418
9 14 964 122
9 15 950 54
9 16 979 329
9 17 300 240
9 18 254 260
9 19 897 2
9 20 596 381
9 21 814 95
10 2 429 192
10 12 204 128
10 13 931 379
10 14 637 392
10 15 671 2
10 16 499 207
10 17 130 334
10 18 69 290
10 19 131 396
10 20 840 361
10 21 383 171
11 3 360 128
11 12 478 318
11 13 773 352
11 14 147 137
11 15 768 363
11 16 143 355
11 17 868 1
11 18 821 243
11 19 555 160
11 20 78 204
11 21 100 143
12 13 935 419
12 14 772 222
12 15 93 268
12 17 567 318
12 19 228 347
13 12 935 33
13 14 673 264
13 15 721 194
13 16 173 40
13 17 15 188
13 19 280 337
13 22 502 393
13 23 168 28
13 24 782 128
13 25 144 318
13 26 772 200
13 27 279 265
13 28 761 180
13 29 208 396
13 30 362 352
13 31 293 357
14 12 772 408
14 13 673 114
14 15 175 148
14 16 911 73
14 17 559 124
14 20 338 386
14 22 960 180
14 23 857 296
14 24 303 188
14 25 684 104
14 26 799 74
14 27 481 307
14 28 174 174
14 29 232 207
14 30 421 265
14 31 722 286
15 12 93 332
15 13 721 205
15 14 175 292
15 22 323 58
15 23 506 266
15 24 940 225
15 25 791 230
15 26 898 401
15 27 827 59
15 28 357 306
15 29 49 368
15 30 767 229
15 31 605 416
16 13 173 69
16 14 911 37
16 22 174 103
16 23 636 188
16 24 968 3
16 25 46 194
16 26 488 4
16 27 250 177
16 28 566 43
16 29 448 80
16 30 950 289
16 31 169 158
17 12 567 76
17 13 15 81
17 14 559 288
17 22 758 119
17 23 278 163
17 24 976 190
17 25 390 379
17 26 618 319
17 27 963 32
17 28 821 401
17 29 356 214
17 30 247 327
17 31 941 391
18 22 214 75
18 23 70 82
18 24 652 142
18 25 88 333
18 26 800 175
18 27 568 332
18 28 682 278
18 29 761 167
18 30 28 176
18 31 193 347
19 12 228 225
19 13 280 103
19 22 708 2
19 23 278 343
19 24 629 68
19 25 871 5
19 26 473 5
19 27 303 303
19 28 52 76
19 29 280 320
19 30 669 310
19 31 694 315
20 14 338 73
20 22 295 382
20 23 510 324
20 24 860 156
20 25 561 252
20 26 154 360
20 27 412 332
20 28 28 312
20 29 663 341
20 30 319 51
20 31 457 321
21 22 887 179
21 23 734 232
21 24 735 1
21 25 628 237
21 26 488 81
21 27 673 116
21 28 676 278
21 29 1 373
21 30 903 276
21 31 794 233
22 23 801 369
22 24 182 268
22 26 310 38
22 30 717 30
23 22 801 340
23 24 786 385
23 25 327 359
23 30 273 160
23 31 869 2
23 32 492 330
23 33 436 224
23 34 47 268
23 35 580 361
23 36 652 10
23 37 604 27
23 38 847 25
23 39 910 312
23 40 156 398
23 41 305 315
24 22 182 367
24 23 786 391
24 26 112 263
24 31 516 237
24 32 234 295
24 33 364 71
24 34 620 93
24 35 90 92
24 36 970 344
24 37 782 37
24 38 246 169
24 39 1 280
24 40 557 295
24 41 323 291
25 23 327 65
25 32 76 141
25 33 316 90
25 34 16 327
25 35 69 265
25 36 517 257
25 37 561 154
25 38 923 11
25 39 43 317
25 40 353 24
25 41 378 273
26 22 310 359
26 24 112 328
26 32 292 363
26 33 885 215
26 34 908 389
26 35 500 319
26 36 138 215
26 37 23 312
26 38 122 223
26 39 247 68
26 40 920 375
26 41 518 355
27 32 813 392
27 33 382 401
27 34 196 382
27 35 787 159
27 36 234 136
27 37 407 66
27 38 707 127
27 39 235 119
27 40 616 145
27 41 476 342
28 32 596 289
28 33 573 301
28 34 459 8
28 35 618 270
28 36 271 288
28 37 80 346
28 38 124 224
28 39 879 382
28 40 548 49
28 41 354 157
29 32 297 208
29 33 159 331
29 34 823 377
29 35 111 220
29 36 671 208
29 37 885 141
29 38 375 386
29 39 649 350
29 40 282 132
29 41 917 115
30 22 717 362
30 23 273 308
30 32 558 357
30 33 283 134
30 34 693 373
30 35 677 289
30 36 82 194
30 37 344 410
30 38 778 416
30 39 191 139
30 40 826 292
30 41 447 294
31 23 869 136
31 24 516 133
31 32 217 48
31 33 272 302
31 34 5 117
31 35 154 98
31 36 693 371
31 37 351 184
31 38 263 288
31 39 720 244
31 40 170 194
31 41 761 374
32 33 892 136
32 34 428 223
32 35 25 240
32 37 904 90
33 32 892 18
33 34 802 25
33 35 72 203
33 36 329 240
33 37 771 374
33 39 179 242
33 40 546 306
33 42 963 52
33 43 148 92
33 44 326 286
33 45 187 55
33 46 493 351
33 47 397 154
33 48 112 120
33 49 276 242
33 50 589 38
33 51 343 365
34 32 428 189
34 33 802 252
34 35 192 97
34 38 346 90
34 39 594 220
34 40 656 126
34 42 909 223
34 43 198 169
34 44 724 241
34 45 21 243
34 46 108 114
34 47 832 228
34 48 677 345
34 49 550 353
34 50 398 273
34 51 866 363
35 32 25 119
35 33 72 118
35 34 192 55
35 42 594 254
35 43 726 275
35 44 854 350
35 45 116 196
35 46 49 208
35 47 652 310
35 48 259 366
35 49 834 365
35 50 301 250
35 51 541 26
36 33 329 203
36 42 926 338
36 43 238 364
36 44 661 210
36 45 117 314
36 46 835 102
36 47 343 158
36 48 986 89
36 49 130 53
36 50 666 275
36 51 124 268
37 32 904 312
37 33 771 245
37 42 452 67
37 43 880 113
37 44 989 190
37 45 500 341
37 46 57 197
37 47 609 27
37 48 790 2
37 49 858 330
37 50 927 46
37 51 817 217
38 34 346 156
38 42 431 345
38 43 782 5
38 44 254 160
38 45 875 365
38 46 980 77
38 47 906 298
38 48 643 180
38 49 113 232
38 50 199 60
38 51 811 378
39 33 179 247
39 34 594 62
39 42 596 178
39 43 345 15
39 44 505 398
39 45 635 267
39 46 168 194
39 47 342 268
39 48 193 157
39 49 421 315
39 50 359 402
39 51 161 332
40 33 546 211
40 34 656 106
40 42 808 62
40 43 731 246
40 44 125 169
40 45 856 360
40 46 108 35
40 47 703 263
40 48 87 306
40 49 36 367
40 50 831 106
40 51 8 349
41 42 221 24
41 43 963 279
41 44 233 412
41 45 22 308
41 46 439 378
41 47 971 40
41 48 293 135
41 49 899 14
41 50 726 118
41 51 278 302
42 43 194 287
42 44 273 236
42 45 222 346
42 46 740 84
42 50 290 336
42 51 10 359
43 42 194 16
43 44 297 406
43 45 583 244
43 48 629 45
43 51 649 173
43 52 59 334
43 53 718 275
43 54 330 191
43 55 927 361
43 56 50 108
43 57 34 136
43 58 879 361
43 59 328 310
43 60 46 118
43 61 701 338
44 42 273 289
44 43 297 88
44 45 893 166
44 46 14 75
44 47 785 88
44 48 769 153
44 49 698 56
44 50 754 420
44 52 697 43
44 53 153 176
44 54 469 294
44 55 559 369
44 56 262 194
44 57 613 67
44 58 963 11
44 59 767 161
44 60 324 174
44 61 82 149
45 42 222 190
45 43 583 337
45 44 893 3
45 52 821 229
45 53 708 204
45 54 525 158
45 55 186 252
45 56 436 241
45 57 641 176
45 58 409 86
45 59 616 27
45 60 551 200
45 61 665 235
46 42 740 318
46 44 14 318
46 52 170 339
46 53 739 38
46 54 422 365
46 55 794 342
46 56 865 351
46 57 797 174
46 58 995 210
46 59 393 49
46 60 69 371
46 61 58 58
47 44 785 207
47 52 883 367
47 53 71 274
47 54 855 340
47 55 837 3
47 56 669 354
47 57 161 190
47 58 386 95
47 59 403 390
47 60 606 85
47 61 204 165
48 43 629 414
48 44 769 129
48 52 758 338
48 53 153 285
48 54 985 191
48 55 997 29
48 56 40 44
48 57 454 391
48 58 221 276
48 59 629 388
48 60 957 158
48 61 787 41
49 44 698 90
49 52 502 81
49 53 389 24
49 54 991 179
49 55 823 58
49 56 173 204
49 57 179 181
49 58 924 269
49 59 11 141
49 60 626 418
49 61 940 296
50 42 290 67
50 44 754 1
50 52 985 159
50 53 891 311
50 54 314 225
50 55 578 313
50 56 293 148
50 57 11 111
50 58 705 332
50 59 406 362
50 60 923 284
50 61 622 166
51 42 10 265
51 43 649 353
51 52 226 107
51 53 708 57
51 54 494 272
51 55 472 36
51 56 372 92
51 57 858 370
51 58 589 73
51 59 383 246
51 60 647 331
51 61 625 70
52 53 708 207
52 54 249 70
52 55 726 338
52 58 460 368
52 59 462 318
52 61 965 143
53 52 708 158
53 54 711 26
53 55 316 49
53 56 221 120
53 58 50 52
53 59 955 278
53 60 133 50
53 61 136 56
53 62 73 241
53 63 679 395
53 64 486 277
53 65 674 99
53 66 962 357
53 67 307 346
53 68 716 154
53 69 73 92
53 70 120 345
53 71 549 203
54 52 249 324
54 53 711 40
54 55 71 149
54 56 273 250
54 57 569 328
54 61 287 267
54 62 412 76
54 63 893 393
54 64 616 92
54 65 6 314
54 66 134 260
54 67 308 58
54 68 227 368
54 69 47 47
54 70 708 333
54 71 594 184
55 52 726 89
55 53 316 349
55 54 71 338
55 62 796 392
55 63 16 145
55 64 639 338
55 65 418 345
55 66 831 184
55 67 662 274
55 68 333 411
55 69 420 125
55 70 854 181
55 71 133 170
56 53 221 265
56 54 273 192
56 62 602 335
56 63 646 139
56 64 444 135
56 65 555 1
56 66 212 406
56 67 682 306
56 68 3 43
56 69 367 97
56 70 858 158
56 71 104 225
57 54 569 213
57 62 452 339
57 63 547 96
57 64 9 386
57 65 366 366
57 66 654 319
57 67 35 182
57 68 401 404
57 69 485 355
57 70 379 309
57 71 263 373
58 52 460 95
58 53 50 58
58 62 36 203
58 63 845 283
58 64 893 12
58 65 665 89
58 66 861 42
58 67 59 7
58 68 537 349
58 69 130 343
58 70 706 274
58 71 361 415
59 52 462 234
59 53 955 11
59 62 148 31
59 63 546 384
59 64 572 411
59 65 228 35
59 66 714 92
59 67 655 108
59 68 774 399
59 69 550 72
59 70 433 1
59 71 84 338
60 53 133 107
60 62 596 74
60 63 357 158
60 64 741 240
60 65 237 233
60 66 122 377
60 67 542 91
60 68 408 312
60 69 265 193
60 70 898 295
60 71 533 226
61 52 965 102
61 53 136 2
61 54 287 245
61 62 710 313
61 63 535 71
61 64 726 173
61 65 871 219
61 66 726 155
61 67 8 385
61 68 145 366
61 69 828 215
61 70 928 239
61 71 900 151
62 63 981 133
62 64 51 179
62 66 194 31
62 69 894 158
62 71 692 47
63 62 981 299
63 64 258 306
63 65 551 52
63 67 554 31
63 68 354 51
63 69 423 391
63 70 171 161
63 72 736 106
63 73 769 295
63 74 390 173
63 75 75 193
63 76 686 68
63 77 902 147
63 78 225 61
63 79 974 242
63 80 29 138
63 81 471 19
64 62 51 30
64 63 258 56
64 65 479 404
64 66 281 346
64 67 767 262
64 69 195 157
64 70 38 353
64 71 261 312
64 72 97 295
64 73 91 353
64 74 865 106
64 75 561 401
64 76 302 131
64 77 18 324
64 78 813 22
64 79 554 119
64 80 668 99
64 81 835 214
65 63 551 151
65 64 479 208
65 72 477 390
65 73 6 147
65 74 355 20
65 75 508 143
65 76 829 133
65 77 406 3
65 78 982 232
65 79 295 349
65 80 164 307
65 81 709 234
66 62 194 386
66 64 281 28
66 72 20 278
66 73 539 126
66 74 759 272
66 75 702 208
66 76 373 248
66 77 296 90
66 78 667 258
66 79 852 343
66 80 51 172
66 81 537 331
67 63 554 247
67 64 767 103
67 72 191 343
67 73 492 227
67 74 290 319
67 75 873 20
67 76 420 145
67 77 705 83
67 78 484 11
67 79 450 217
67 80 366 192
67 81 235 152
68 63 354 5
68 72 367 19
68 73 622 238
68 74 745 379
68 75 768 140
68 76 939 324
68 77 381 37
68 78 37 241
68 79 976 28
68 80 25 38
68 81 319 116
69 62 894 219
69 63 423 383
69 64 195 36
69 72 4 6
69 73 951 29
69 74 577 361
69 75 222 299
69 76 354 126
69 77 42 283
69 78 94 235
69 79 529 135
69 80 341 229
69 81 375 272
70 63 171 410
70 64 38 146
70 72 244 312
70 73 15 15
70 74 400 174
70 75 570 23
70 76 949 306
70 77 513 49
70 78 315 419
70 79 757 206
70 80 442 330
70 81 684 286
71 62 692 133
71 64 261 258
71 72 838 120
71 73 933 161
71 74 80 219
71 75 996 11
71 76 478 282
71 77 730 135
71 78 431 326
71 79 995 390
71 80 669 414
71 81 115 390
72 73 684 240
72 74 803 153
72 77 85 287
72 78 977 49
72 80 201 283
73 72 684 3
73 74 993 320
73 77 75 131
73 82 183 144
73 83 728 357
73 84 259 73
73 85 868 197
73 86 726 115
73 87 996 65
73 88 661 225
73 89 374 313
73 90 132 326
73 91 870 299
74 72 803 70
74 73 993 73
74 75 121 348
74 76 997 25
74 77 615 406
74 78 358 46
74 79 984 3
74 81 489 125
74 82 634 223
74 83 769 96
74 84 606 249
74 85 216 274
74 86 368 384
74 87 710 260
74 88 78 148
74 89 8 270
74 90 653 143
74 91 381 271
75 74 121 329
75 82 475 203
75 83 881 208
75 84 502 194
75 85 628 401
75 86 680 412
75 87 916 178
75 88 426 154
75 89 354 163
75 90 360 79
75 91 357 341
76 74 997 363
76 82 515 44
76 83 54 85
76 84 48 219
76 85 726 61
76 86 461 118
76 87 406 168
76 88 170 168
76 89 500 21
76 90 324 115
76 91 903 190
77 72 85 379
77 73 75 365
77 74 615 376
77 82 896 70
77 83 693 121
77 84 963 397
77 85 749 234
77 86 886 42
77 87 299 82
77 88 551 226
77 89 530 82
77 90 922 406
77 91 408 414
78 72 977 306
78 74 358 267
78 82 978 54
78 83 930 389
78 84 240 268
78 85 771 372
78 86 425 88
78 87 645 337
78 88 578 174
78 89 663 376
78 90 861 16
78 91 68 337
79 74 984 51
79 82 790 6
79 83 119 40
79 84 452 57
79 85 411 29
79 86 246 95
79 87 255 97
79 88 281 141
79 89 981 369
79 90 738 88
79 91 518 293
80 72 201 291
80 82 657 47
80 83 379 288
80 84 808 36
80 85 212 20
80 86 829 92
80 87 72 283
80 88 977 366
80 89 76 216
80 90 13 116
80 91 733 121
81 74 489 213
81 82 461 227
81 83 8 140
81 84 812 27
81 85 359 266
81 86 154 47
81 87 664 303
81 88 446 110
81 89 615 249
81 90 246 291
81 91 185 53
82 83 157 163
82 84 246 266
82 91 856 386
83 82 157 343
83 84 790 372
83 86 640 372
83 87 674 72
83 88 598 234
83 89 222 286
83 92 534 89
83 93 355 154
83 94 357 139
83 95 488 275
83 96 998 356
83 97 739 413
83 98 476 83
83 99 479 35
83 100 531 255
83 101 741 4
84 82 246 88
84 83 790 405
84 85 943 177
84 86 157 160
84 87 515 6
84 89 555 229
84 92 760 256
84 93 831 28
84 94 527 404
84 95 578 82
84 96 503 267
84 97 975 127
84 98 378 412
84 99 982 83
84 100 46 399
84 101 304 162
85 84 943 376
85 92 809 301
85 93 993 170
85 94 854 267
85 95 434 143
85 96 784 106
85 97 486 231
85 98 398 372
85 99 539 386
85 100 471 164
85 101 329 201
86 83 640 379
86 84 157 281
86 92 381 297
86 93 491 371
86 94 842 38
86 95 210 343
86 96 345 200
86 97 332 219
86 98 656 294
86 99 823 43
86 100 17 115
86 101 7 112
87 83 674 151
87 84 515 338
87 92 949 62
87 93 738 405
87 94 288 104
87 95 329 385
87 96 456 227
87 97 813 97
87 98 554 183
87 99 826 177
87 100 410 128
87 101 95 20
88 83 598 328
88 92 208 153
88 93 149 156
88 94 242 383
88 95 782 55
88 96 42 144
88 97 8 75
88 98 950 39
88 99 178 205
88 100 696 396
88 101 774 242
89 83 222 356
89 84 555 194
89 92 427 315
89 93 766 94
89 94 723 25
89 95 897 280
89 96 887 270
89 97 537 268
89 98 167 269
89 99 27 408
89 100 522 342
89 101 258 3
90 92 990 139
90 93 436 308
90 94 753 255
90 95 86 104
90 96 910 240
90 97 788 258
90 98 834 224
90 99 540 313
90 100 985 42
90 101 298 231
91 82 856 391
91 92 199 301
91 93 234 280
91 94 824 90
91 95 267 184
91 96 77 41
91 97 697 289
91 98 373 272
91 99 843 295
91 100 647 378
91 101 189 148
92 93 790 130
92 94 281 304
92 99 793 235
92 100 561 185
93 92 790 349
93 94 994 320
93 96 413 121
93 102 551 283
93 103 879 161
93 104 786 22
93 105 403 69
93 106 395 54
93 107 268 75
93 108 911 53
93 109 121 372
93 110 159 140
93 111 238 408
94 92 281 289
94 93 994 338
94 95 208 216
94 97 813 220
94 100 485 186
94 101 328 364
94 102 277 8
94 103 434 241
94 104 142 153
94 105 441 345
94 106 997 131
94 107 411 346
94 108 254 343
94 109 895 146
94 110 226 1
94 111 394 193
95 94 208 402
95 102 570 275
95 103 642 413
95 104 503 6
95 105 585 244
95 106 238 132
95 107 687 116
95 108 757 281
95 109 299 169
95 110 615 234
95 111 791 213
96 93 413 298
96 102 774 88
96 103 212 216
96 104 394 14
96 105 95 233
96 106 111 256
96 107 623 354
96 108 139 391
96 109 306 161
96 110 962 241
96 111 467 195
97 94 813 135
97 102 498 199
97 103 971 375
97 104 188 13
97 105 351 211
97 106 456 29
97 107 109 282
97 108 344 351
97 109 288 326
97 110 467 251
97 111 120 31
98 102 163 214
98 103 13 317
98 104 549 369
98 105 483 273
98 106 27 338
98 107 428 376
98 108 485 408
98 109 838 16
98 110 291 15
98 111 554 352
99 92 793 151
99 102 262 156
99 103 294 296
99 104 590 328
99 105 715 209
99 106 731 96
99 107 869 203
99 108 968 362
99 109 574 392
99 110 732 190
99 111 860 325
100 92 561 302
100 94 485 13
100 102 71 235
100 103 685 10
100 104 105 12
100 105 936 188
100 106 653 181
100 107 616 23
100 108 142 390
100 109 758 332
100 110 16 298
100 111 42 280
101 94 328 350
101 102 696 81
101 103 576 420
101 104 400 149
101 105 119 359
101 106 507 285
101 107 633 355
101 108 851 193
101 109 45 249
101 110 513 130
101 111 848 155
102 103 846 390
102 104 792 245
102 106 882 114
102 107 681 262
102 108 692 315
102 110 309 101
102 111 156 38
103 102 846 14
103 104 258 287
103 105 1 225
103 108 400 366
103 110 336 119
103 112 801 45
103 113 206 316
103 114 153 191
103 115 319 91
103 116 415 88
103 117 686 114
103 118 727 176
103 119 867 118
103 120 451 283
103 121 583 346
104 102 792 197
104 103 258 72
104 106 627 294
104 107 97 388
104 109 260 40
104 112 685 122
104 113 316 57
104 114 25 353
104 115 52 224
104 116 83 164
104 117 201 172
104 118 564 169
104 119 810 409
104 120 418 42
104 121 382 323
105 103 1 369
105 112 683 185
105 113 388 391
105 114 345 9
105 115 146 204
105 116 8 215
105 117 929 265
105 118 262 16
105 119 24 113
105 120 168 5
105 121 156 362
106 102 882 61
106 104 627 385
106 112 688 133
106 113 802 154
106 114 916 216
106 115 855 6
106 116 57 53
106 117 765 208
106 118 531 377
106 119 759 141
106 120 540 376
106 121 59 19
107 102 681 152
107 104 97 39
107 112 696 22
107 113 122 53
107 114 278 121
107 115 383 237
107 116 686 311
107 117 590 388
107 118 32 258
107 119 359 155
107 120 878 331
107 121 836 138
108 102 692 22
108 103 400 352
108 112 213 9
108 113 954 349
108 114 474 272
108 115 668 171
108 116 562 285
108 117 725 67
108 118 396 9
108 119 852 193
108 120 14 77
108 121 473 36
109 104 260 392
109 112 366 4
109 113 207 316
109 114 363 109
109 115 10 346
109 116 409 392
109 117 751 43
109 118 108 206
109 119 47 392
109 120 518 73
109 121 388 53
110 102 309 198
110 103 336 185
110 112 250 354
110 113 64 143
110 114 92 327
110 115 649 53
110 116 356 90
110 117 206 246
110 118 200 134
110 119 197 269
110 120 403 36
110 121 814 35
111 102 156 144
111 112 242 209
111 113 218 109
111 114 315 418
111 115 19 353
111 116 157 139
111 117 810 344
111 118 730 13
111 119 751 415
111 120 43 2
111 121 353 242
112 113 537 399
112 114 22 326
112 115 341 411
112 117 628 369
112 118 862 292
112 119 715 62
112 120 696 94
112 121 173 148
113 112 537 227
113 114 139 316
113 122 859 87
113 123 736 384
113 124 804 168
113 125 71 44
113 126 595 356
113 127 272 262
113 128 814 201
113 129 558 408
113 130 171 223
113 131 424 321
114 112 22 303
114 113 139 236
114 116 774 420
114 119 816 132
114 122 527 214
114 123 77 347
114 124 993 97
114 125 177 21
114 126 77 82
114 127 298 328
114 128 858 224
114 129 411 100
114 130 266 174
114 131 674 185
115 112 341 394
115 122 875 80
115 123 277 376
115 124 124 309
115 125 744 213
115 126 588 73
115 127 185 15
115 128 13 18
115 129 540 206
115 130 199 60
115 131 390 317
116 114 774 30
116 122 257 140
116 123 875 71
116 124 949 184
116 125 839 124
116 126 860 22
116 127 869 119
116 128 451 213
116 129 769 321
116 130 490 280
116 131 249 35
117 112 628 342
117 122 649 247
117 123 924 8
117 124 436 7
117 125 903 407
117 126 690 255
117 127 462 305
117 128 198 327
117 129 528 299
117 130 906 210
117 131 541 348
118 112 862 168
118 122 133 176
118 123 261 150
118 124 640 171
118 125 739 5
118 126 787 70
118 127 18 342
118 128 109 233
118 129 825 93
118 130 565 173
118 131 564 81
119 112 715 166
119 114 816 109
119 122 617 157
119 123 437 176
119 124 331 131
119 125 802 287
119 126 210 18
119 127 426 6
119 128 58 78
119 129 481 64
119 130 361 165
119 131 491 60
120 112 696 6
120 122 468 257
120 123 625 90
120 124 866 93
120 125 831 28
120 126 678 228
120 127 540 66
120 128 159 362
120 129 378 342
120 130 28 112
120 131 578 266
121 112 173 13
121 122 761 338
121 123 516 214
121 124 49 220
121 125 753 142
121 126 118 87
121 127 43 9
121 128 919 208
121 129 569 265
121 130 357 178
121 131 805 347
122 123 348 6
122 124 474 39
122 125 351 230
122 127 808 217
122 129 149 219
122 130 447 69
123 122 348 231
123 124 30 274
123 125 639 285
123 126 807 324
123 132 61 20
123 133 273 342
123 134 419 173
123 135 390 218
123 136 645 115
123 137 109 16
123 138 488 299
123 139 21 278
123 140 327 14
123 141 400 208
124 122 474 145
124 123 30 11
124 125 852 69
124 126 963 332
124 128 19 354
124 129 187 55
124 132 285 191
124 133 709 162
124 134 291 275
124 135 518 316
124 136 752 220
124 137 720 120
124 138 566 200
124 139 709 301
124 140 445 243
124 141 671 230
125 122 351 340
125 123 639 158
125 124 852 413
125 132 566 391
125 133 63 396
125 134 27 225
125 135 654 126
125 136 432 366
125 137 235 357
125 138 548 376
125 139 71 127
125 140 278 36
125 141 541 106
126 123 807 264
126 124 963 344
126 132 837 255
126 133 623 233
126 134 182 111
126 135 27 415
126 136 636 137
126 137 526 40
126 138 491 53
126 139 615 239
126 140 505 184
126 141 539 228
127 122 808 321
127 132 708 270
127 133 839 372
127 134 686 9
127 135 652 314
127 136 242 211
127 137 100 111
127 138 276 258
127 139 86 178
127 140 605 332
127 141 884 96
128 124 19 340
128 132 973 337
128 133 225 125
128 134 656 395
128 135 812 175
128 136 415 212
128 137 652 41
128 138 922 36
128 139 36 111
128 140 568 220
128 141 376 107
129 122 149 90
129 124 187 245
129 132 93 155
129 133 409 113
129 134 336 129
129 135 488 404
129 136 989 371
129 137 246 103
129 138 680 268
129 139 665 393
129 140 773 126
129 141 401 342
130 122 447 208
130 132 954 116
130 133 436 31
130 134 593 221
130 135 555 284
130 136 964 367
130 137 779 172
130 138 156 14
130 139 622 80
130 140 857 45
130 141 788 417
131 132 599 288
131 133 64 100
131 134 642 261
131 135 325 102
131 136 844 32
131 137 925 396
131 138 687 58
131 139 895 321
131 140 476 124
131 141 323 294
132 133 573 225
132 134 378 371
132 136 125 248
132 137 931 41
132 138 987 389
132 139 839 282
132 140 188 322
132 141 386 116
133 132 573 63
133 134 194 310
133 140 414 345
133 141 697 405
133 142 706 121
133 143 458 161
133 144 793 100
133 145 756 319
133 146 401 53
133 147 273 346
133 148 894 85
133 149 101 227
133 150 996 304
133 151 603 418
134 132 378 77
134 133 194 138
134 135 998 134
134 136 884 106
134 138 649 394
134 142 766 272
134 143 161 355
134 144 749 372
134 145 371 108
134 146 197 212
134 147 817 10
134 148 438 254
134 149 454 312
134 150 469 272
134 151 575 208
135 134 998 407
135 142 596 17
135 143 292 296
135 144 501 181
135 145 728 283
135 146 676 148
135 147 781 365
135 148 376 21
135 149 263 226
135 150 430 38
135 151 628 151
136 132 125 99
136 134 884 124
136 142 378 48
136 143 442 164
136 144 986 235
136 145 88 33
136 146 182 258
136 147 235 237
136 148 660 51
136 149 929 313
136 150 16 252
136 151 265 46
137 132 931 373
137 142 137 94
137 143 618 354
137 144 614 203
137 145 765 177
137 146 437 61
137 147 609 347
137 148 413 15
137 149 819 227
137 150 7 86
137 151 59 374
138 132 987 222
138 134 649 351
138 142 136 412
138 143 69 38
138 144 938 46
138 145 693 144
138 146 678 208
138 147 450 188
138 148 549 14
138 149 251 114
138 150 965 68
138 151 225 301
139 132 839 295
139 142 666 149
139 143 866 117
139 144 284 102
139 145 25 116
139 146 107 410
139 147 994 50
139 148 234 121
139 149 445 361
139 150 847 132
139 151 735 335
140 132 188 129
140 133 414 202
140 142 933 358
140 143 237 274
140 144 897 400
140 145 902 129
140 146 615 34
140 147 186 6
140 148 804 145
140 149 467 110
140 150 361 368
140 151 211 268
141 132 386 308
141 133 697 379
141 142 170 283
141 143 61 196
141 144 363 162
141 145 662 81
141 146 790 117
141 147 131 198
141 148 593 170
141 149 712 328
141 150 632 2
141 151 615 41
142 143 918 377
142 144 422 397
142 149 543 319
142 150 383 95
142 151 853 257
142 152 25 107
143 142 918 329
143 144 926 208
143 146 144 1
143 147 542 279
143 148 760 96
143 149 398 288
143 151 246 404
143 152 516 242
144 142 422 132
144 143 926 253
144 147 311 418
144 149 593 218
144 150 258 187
144 152 239 324
145 152 284 419
146 143 144 395
146 152 727 396
147 143 542 144
147 144 311 298
147 152 140 5
148 143 760 339
148 152 555 191
149 142 543 106
149 143 398 245
149 144 593 280
149 152 187 223
150 142 383 340
150 144 258 210
150 152 853 188
151 142 853 300
151 143 246 124
151 152 360 4
