152 1660 1 152 8 415
1 2 807 335
1 3 151 406
1 4 522 220
1 5 631 53
1 6 623 60
1 7 308 169
1 8 358 28
1 9 986 107
1 10 280 152
1 11 767 23
2 3 756 243
2 4 622 211
2 5 79 97
2 6 802 218
2 7 483 102
2 11 929 368
3 2 756 89
3 4 969 28
3 8 909 149
3 11 400 380
3 12 881 131
3 13 683 350
3 14 620 181
3 15 343 56
3 16 143 25
3 17 909 394
3 18 760 345
3 19 741 229
3 20 610 377
3 21 92 246
4 2 622 105
4 3 969 20
4 6 966 290
4 8 160 89
4 10 928 292
4 11 47 94
4 12 484 342
4 13 419 355
4 14 747 408
4 15 581 58
4 16 622 331
4 17 614 134
4 18 523 132
4 19 883 370
4 20 649 140
4 21 338 251
5 2 79 13
5 12 240 315
5 13 215 118
5 14 287 234
5 15 727 91
5 16 282 360
5 17 791 301
5 18 600 252
5 19 777 288
5 20 137 241
5 21 621 105
6 2 802 413
6 4 966 178
6 12 560 182
6 13 551 328
6 14 518 141
6 15 967 105
6 16 532 252
6 17 759 62
6 18 769 318
6 19 533 96
6 20 491 52
6 21 517 177
7 2 483 408
7 12 108 51
7 13 898 109
7 14 838 128
7 15 492 220
7 16 839 239
7 17 132 340
7 18 629 182
7 19 704 217
7 20 161 330
7 21 514 2
8 3 909 106
8 4 160 148
8 12 489 267
8 13 430 32
8 14 985 109
8 15 94 291
8 16 439 341
8 17 756 200
8 18 850 397
8 19 847 54
8 20 414 385
8 21 368 47
9 12 424 323
9 13 225 49
9 14 458 191
9 15 14 43
9 16 699 293
9 17 767 240
9 18 642 81
9 19 547 321
9 20 890 303
9 21 404 402
10 4 928 100
10 12 487 39
10 13 689 71
10 14 136 141
10 15 912 52
10 16 796 275
10 17 674 48
10 18 770 340
10 19 694 113
10 20 384 181
10 21 1 252
11 2 929 102
11 3 400 343
11 4 47 220
11 12 673 95
11 13 658 297
11 14 747 59
11 15 528 200
11 16 448 204
11 17 426 39
11 18 691 365
11 19 492 73
11 20 686 177
11 21 533 121
12 13 701 163
12 14 621 250
12 15 149 311
12 17 950 385
12 18 195 357
12 19 537 34
13 12 701 27
13 14 482 69
13 15 393 359
13 18 664 310
13 19 793 190
13 22 273 225
13 23 566 130
13 24 498 253
13 25 726 171
13 26 802 51
13 27 153 216
13 28 958 229
13 29 888 212
13 30 586 398
13 31 785 307
14 12 621 194
14 13 482 266
14 17 770 293
14 19 218 218
14 20 503 199
14 21 976 372
14 22 534 238
14 23 392 370
14 24 481 375
14 25 495 124
14 26 933 45
14 27 316 53
14 28 9 409
14 29 506 311
14 30 453 186
14 31 585 156
15 12 149 297
15 13 393 328
15 22 71 341
15 23 137 408
15 24 380 27
15 25 553 231
15 26 878 376
15 27 505 28
15 28 822 334
15 29 60 182
15 30 339 372
15 31 51 380
16 22 112 369
16 23 534 385
16 24 181 259
16 25 668 201
16 26 104 201
16 27 43 201
16 28 513 124
16 29 187 396
16 30 262 251
16 31 594 283
17 12 950 302
17 14 770 89
17 22 385 221
17 23 951 133
17 24 233 356
17 25 356 209
17 26 338 156
17 27 7 292
17 28 661 240
17 29 987 272
17 30 636 132
17 31 270 21
18 12 195 401
18 13 664 70
18 22 355 364
18 23 529 388
18 24 910 92
18 25 7 206
18 26 68 174
18 27 926 353
18 28 820 387
18 29 453 240
18 30 998 333
18 31 365 75
19 12 537 10
19 13 793 22
19 14 218 154
19 22 516 330
19 23 903 289
19 24 789 182
19 25 235 258
19 26 726 215
19 27 298 191
19 28 865 357
19 29 101 261
19 30 767 379
19 31 321 211
20 14 503 386
20 22 720 231
20 23 500 107
20 24 373 73
20 25 320 154
20 26 744 149
20 27 468 216
20 28 29 89
20 29 227 380
20 30 726 182
20 31 953 357
21 14 976 166
21 22 599 76
21 23 348 134
21 24 896 30
21 25 471 128
21 26 656 341
21 27 660 3
21 28 547 267
21 29 987 294
21 30 437 366
21 31 734 94
22 23 257 386
22 24 948 277
22 27 992 37
22 29 527 85
22 30 110 85
22 31 538 186
23 22 257 143
23 24 166 214
23 26 26 320
23 27 490 98
23 29 905 216
23 32 179 320
23 33 158 180
23 34 561 345
23 35 898 402
23 36 229 92
23 37 460 351
23 38 39 273
23 39 547 227
23 40 217 391
23 41 408 292
24 22 948 334
24 23 166 315
24 25 650 241
24 27 89 347
24 28 868 309
24 30 863 186
24 32 889 159
24 33 866 177
24 34 53 243
24 35 623 397
24 36 294 93
24 37 458 9
24 38 455 255
24 39 495 278
24 40 517 114
24 41 633 278
25 24 650 12
25 32 253 319
25 33 342 256
25 34 35 131
25 35 91 325
25 36 978 30
25 37 894 274
25 38 149 288
25 39 23 133
25 40 290 408
25 41 143 176
26 23 26 378
26 32 588 19
26 33 728 163
26 34 653 94
26 35 849 310
26 36 894 83
26 37 381 72
26 38 909 322
26 39 502 343
26 40 559 321
26 41 169 1
27 22 992 218
27 23 490 226
27 24 89 205
27 32 242 46
27 33 438 31
27 34 751 209
27 35 972 351
27 36 69 356
27 37 602 379
27 38 640 95
27 39 393 279
27 40 153 127
27 41 986 48
28 24 868 314
28 32 364 227
28 33 581 121
28 34 247 150
28 35 868 332
28 36 604 228
28 37 615 14
28 38 342 61
28 39 939 393
28 40 297 104
28 41 250 28
29 22 527 218
29 23 905 290
29 32 703 48
29 33 7 37
29 34 13 208
29 35 745 105
29 36 615 108
29 37 290 11
29 38 934 406
29 39 244 179
29 40 72 244
29 41 193 307
30 22 110 155
30 24 863 358
30 32 322 119
30 33 318 191
30 34 398 249
30 35 719 38
30 36 237 313
30 37 347 137
30 38 495 272
30 39 318 195
30 40 526 414
30 41 13 127
31 22 538 167
31 32 546 108
31 33 666 279
31 34 217 11
31 35 529 359
31 36 473 330
31 37 977 336
31 38 556 101
31 39 877 332
31 40 979 29
31 41 701 347
32 33 420 78
32 34 946 351
33 32 420 294
33 34 966 55
33 41 813 308
33 42 785 328
33 43 798 360
33 44 931 233
33 45 402 354
33 46 785 325
33 47 621 279
33 48 466 149
33 49 526 345
33 50 315 185
33 51 281 316
34 32 946 412
34 33 966 269
34 35 881 340
34 38 760 146
34 42 636 178
34 43 923 164
34 44 181 374
34 45 150 264
34 46 152 214
34 47 256 227
34 48 672 225
34 49 445 274
34 50 848 54
34 51 967 136
35 34 881 343
35 42 554 93
35 43 475 163
35 44 151 330
35 45 251 168
35 46 921 238
35 47 282 365
35 48 323 48
35 49 291 129
35 50 617 366
35 51 446 208
36 42 977 317
36 43 117 178
36 44 824 247
36 45 577 80
36 46 740 239
36 47 231 363
36 48 561 140
36 49 177 31
36 50 179 225
36 51 546 350
37 42 905 12
37 43 963 188
37 44 262 239
37 45 909 214
37 46 503 127
37 47 191 141
37 48 904 401
37 49 676 185
37 50 542 381
37 51 129 298
38 34 760 85
38 42 961 77
38 43 25 134
38 44 746 134
38 45 481 48
38 46 947 94
38 47 515 160
38 48 357 330
38 49 941 264
38 50 696 176
38 51 417 178
39 42 102 256
39 43 608 230
39 44 201 328
39 45 150 296
39 46 967 291
39 47 473 96
39 48 962 344
39 49 288 282
39 50 742 299
39 51 525 185
40 42 649 310
40 43 438 22
40 44 843 30
40 45 48 183
40 46 721 154
40 47 466 325
40 48 97 82
40 49 808 401
40 50 544 77
40 51 951 359
41 33 813 119
41 42 529 25
41 43 962 407
41 44 301 361
41 45 338 238
41 46 29 313
41 47 256 380
41 48 476 78
41 49 156 196
41 50 193 387
41 51 461 321
42 43 896 152
42 44 575 92
42 45 314 182
42 46 540 387
42 47 725 135
42 50 423 245
43 42 896 335
43 44 955 289
43 45 544 366
43 46 754 44
43 48 158 373
43 52 843 237
43 53 523 172
43 54 957 393
43 55 560 401
43 56 551 255
43 57 486 200
43 58 31 211
43 59 544 233
43 60 553 47
43 61 205 292
44 42 575 114
44 43 955 152
44 45 47 230
44 47 424 1
44 48 444 85
44 49 265 190
44 50 451 361
44 52 54 260
44 53 116 40
44 54 362 364
44 55 135 136
44 56 636 286
44 57 424 202
44 58 359 177
44 59 591 4
44 60 399 389
44 61 630 143
45 42 314 24
45 43 544 303
45 44 47 305
45 52 7 56
45 53 864 127
45 54 183 141
45 55 634 32
45 56 777 119
45 57 960 160
45 58 610 96
45 59 475 77
45 60 120 137
45 61 168 182
46 42 540 207
46 43 754 278
46 52 792 218
46 53 413 68
46 54 640 16
46 55 707 85
46 56 114 272
46 57 884 237
46 58 814 269
46 59 947 361
46 60 709 77
46 61 976 362
47 42 725 246
47 44 424 123
47 52 659 283
47 53 194 391
47 54 606 247
47 55 932 405
47 56 804 214
47 57 149 374
47 58 648 178
47 59 714 41
47 60 306 258
47 61 24 210
48 43 158 47
48 44 444 366
48 52 620 18
48 53 366 18
48 54 551 351
48 55 966 101
48 56 287 46
48 57 952 99
48 58 528 79
48 59 87 108
48 60 807 333
48 61 369 196
49 44 265 23
49 52 842 294
49 53 120 282
49 54 87 211
49 55 455 397
49 56 507 126
49 57 28 188
49 58 860 72
49 59 238 90
49 60 47 412
49 61 3 56
50 42 423 252
50 44 451 299
50 52 50 178
50 53 57 320
50 54 843 259
50 55 774 349
50 56 873 64
50 57 981 104
50 58 269 220
50 59 725 194
50 60 856 266
50 61 789 305
51 52 882 196
51 53 744 168
51 54 955 331
51 55 294 142
51 56 60 355
51 57 289 376
51 58 692 95
51 59 899 19
51 60 65 414
51 61 698 159
52 53 272 24
52 54 217 2
52 56 875 264
52 58 984 113
52 59 465 212
52 61 422 124
53 52 272 267
53 54 147 404
53 55 123 47
53 59 661 401
53 61 881 365
53 62 325 105
53 63 381 170
53 64 842 53
53 65 459 201
53 66 547 224
53 67 427 237
53 68 421 198
53 69 20 238
53 70 745 295
53 71 352 315
54 52 217 287
54 53 147 373
54 55 901 374
54 57 941 397
54 60 278 353
54 62 246 387
54 63 545 45
54 64 835 47
54 65 682 300
54 66 110 127
54 67 657 61
54 68 43 386
54 69 14 382
54 70 739 368
54 71 231 321
55 53 123 322
55 54 901 43
55 62 165 259
55 63 705 63
55 64 847 275
55 65 493 50
55 66 294 39
55 67 802 180
55 68 728 220
55 69 545 357
55 70 780 17
55 71 883 183
56 52 875 226
56 62 949 117
56 63 798 389
56 64 190 412
56 65 720 163
56 66 627 96
56 67 29 152
56 68 175 112
56 69 988 255
56 70 27 406
56 71 704 164
57 54 941 358
57 62 945 101
57 63 564 324
57 64 35 386
57 65 228 129
57 66 619 413
57 67 814 2
57 68 102 222
57 69 630 406
57 70 277 49
57 71 378 375
58 52 984 290
58 62 18 145
58 63 117 9
58 64 930 265
58 65 470 27
58 66 748 402
58 67 395 125
58 68 905 222
58 69 694 317
58 70 100 14
58 71 871 251
59 52 465 46
59 53 661 56
59 62 96 200
59 63 518 360
59 64 925 371
59 65 870 60
59 66 979 231
59 67 906 17
59 68 985 108
59 69 507 231
59 70 643 257
59 71 443 94
60 54 278 148
60 62 675 257
60 63 417 153
60 64 845 225
60 65 943 51
60 66 269 260
60 67 577 141
60 68 665 299
60 69 843 144
60 70 169 51
60 71 597 49
61 52 422 392
61 53 881 124
61 62 954 50
61 63 923 237
61 64 775 366
61 65 220 33
61 66 868 29
61 67 626 397
61 68 194 191
61 69 335 268
61 70 469 145
61 71 472 398
62 63 945 358
62 64 329 138
62 65 348 11
62 68 227 200
62 70 171 69
62 71 458 302
63 62 945 154
63 64 573 405
63 65 303 391
63 67 219 264
63 68 81 197
63 69 984 292
63 71 994 196
63 72 588 262
63 73 257 306
63 74 577 33
63 75 26 102
63 76 898 279
63 77 783 390
63 78 331 40
63 79 616 263
63 80 320 29
63 81 109 227
64 62 329 93
64 63 573 330
64 66 524 143
64 68 827 156
64 69 843 58
64 71 638 132
64 72 123 373
64 73 703 339
64 74 36 152
64 75 970 192
64 76 91 89
64 77 298 395
64 78 772 72
64 79 488 173
64 80 281 136
64 81 500 125
65 62 348 37
65 63 303 396
65 72 978 401
65 73 682 34
65 74 149 162
65 75 631 230
65 76 536 135
65 77 778 185
65 78 621 111
65 79 455 385
65 80 577 415
65 81 401 116
66 64 524 350
66 72 648 67
66 73 692 157
66 74 798 192
66 75 127 387
66 76 77 224
66 77 181 378
66 78 726 172
66 79 821 261
66 80 450 187
66 81 129 358
67 63 219 258
67 72 176 184
67 73 607 267
67 74 336 8
67 75 874 320
67 76 80 393
67 77 124 12
67 78 736 143
67 79 581 46
67 80 139 345
67 81 841 57
68 62 227 189
68 63 81 131
68 64 827 283
68 72 527 14
68 73 822 127
68 74 853 233
68 75 400 59
68 76 972 360
68 77 72 245
68 78 789 204
68 79 969 11
68 80 289 363
68 81 585 218
69 63 984 157
69 64 843 46
69 72 598 144
69 73 777 47
69 74 721 203
69 75 594 77
69 76 530 157
69 77 510 385
69 78 873 154
69 79 758 45
69 80 973 194
69 81 66 146
70 62 171 155
70 72 719 402
70 73 279 199
70 74 765 140
70 75 203 168
70 76 507 39
70 77 19 227
70 78 140 126
70 79 436 37
70 80 298 55
70 81 219 117
71 62 458 225
71 63 994 386
71 64 638 265
71 72 417 330
71 73 137 187
71 74 185 220
71 75 975 151
71 76 62 310
71 77 148 41
71 78 642 223
71 79 158 218
71 80 915 190
71 81 624 56
72 73 280 44
72 74 606 358
72 76 553 48
72 78 884 40
72 80 175 366
73 72 280 136
73 74 580 226
73 77 678 142
73 79 437 58
73 82 174 309
73 83 292 342
73 84 726 184
73 85 165 339
73 86 947 390
73 87 503 71
73 88 374 32
73 89 97 5
73 90 473 412
73 91 579 118
74 72 606 229
74 73 580 273
74 75 570 170
74 77 258 327
74 79 891 69
74 82 684 22
74 83 331 250
74 84 923 39
74 85 857 250
74 86 68 186
74 87 687 73
74 88 535 21
74 89 161 340
74 90 50 7
74 91 1 284
75 74 570 303
75 82 254 71
75 83 222 311
75 84 395 175
75 85 631 164
75 86 59 68
75 87 610 245
75 88 497 135
75 89 31 382
75 90 906 307
75 91 282 413
76 72 553 147
76 82 635 260
76 83 170 220
76 84 389 95
76 85 757 279
76 86 742 187
76 87 508 174
76 88 338 169
76 89 677 18
76 90 207 245
76 91 60 383
77 73 678 348
77 74 258 197
77 82 577 332
77 83 520 227
77 84 773 383
77 85 657 407
77 86 433 250
77 87 653 208
77 88 157 184
77 89 531 133
77 90 951 204
77 91 456 93
78 72 884 65
78 82 398 142
78 83 122 40
78 84 98 208
78 85 991 93
78 86 195 405
78 87 889 315
78 88 804 31
78 89 812 353
78 90 182 196
78 91 90 385
79 73 437 187
79 74 891 322
79 82 188 177
79 83 670 258
79 84 715 226
79 85 58 133
79 86 125 201
79 87 599 166
79 88 535 10
79 89 614 101
79 90 343 401
79 91 866 360
80 72 175 219
80 82 143 176
80 83 141 58
80 84 212 335
80 85 799 26
80 86 228 13
80 87 313 260
80 88 550 293
80 89 820 225
80 90 941 15
80 91 868 351
81 82 607 116
81 83 119 165
81 84 993 340
81 85 730 18
81 86 175 60
81 87 126 72
81 88 406 76
81 89 360 187
81 90 474 237
81 91 166 60
82 83 641 306
82 84 90 363
82 86 88 160
82 87 569 99
82 89 347 301
83 82 641 83
83 84 919 119
83 85 457 173
83 86 187 145
83 89 486 261
83 90 132 180
83 91 257 251
83 92 316 126
83 93 462 165
83 94 488 158
83 95 413 316
83 96 747 272
83 97 541 276
83 98 730 147
83 99 472 79
83 100 118 315
83 101 910 32
84 82 90 311
84 83 919 146
84 85 856 91
84 86 299 119
84 91 424 156
84 92 436 149
84 93 824 170
84 94 301 103
84 95 381 14
84 96 349 346
84 97 957 399
84 98 563 248
84 99 245 145
84 100 730 357
84 101 983 317
85 83 457 360
85 84 856 12
85 92 677 396
85 93 181 9
85 94 497 357
85 95 669 13
85 96 478 267
85 97 804 153
85 98 540 35
85 99 283 332
85 100 361 14
85 101 407 203
86 82 88 268
86 83 187 385
86 84 299 46
86 92 64 74
86 93 220 342
86 94 27 154
86 95 413 415
86 96 52 165
86 97 921 406
86 98 65 279
86 99 429 397
86 100 257 322
86 101 753 128
87 82 569 198
87 92 801 253
87 93 191 13
87 94 391 236
87 95 239 55
87 96 429 360
87 97 782 207
87 98 869 320
87 99 701 352
87 100 144 190
87 101 34 87
88 92 731 407
88 93 335 216
88 94 497 28
88 95 54 211
88 96 909 182
88 97 951 158
88 98 826 317
88 99 889 31
88 100 652 351
88 101 365 215
89 82 347 141
89 83 486 211
89 92 579 89
89 93 441 184
89 94 728 282
89 95 560 207
89 96 617 177
89 97 941 161
89 98 536 7
89 99 926 200
89 100 815 374
89 101 529 190
90 83 132 177
90 92 225 336
90 93 864 37
90 94 979 108
90 95 272 316
90 96 600 212
90 97 720 398
90 98 248 262
90 99 39 375
90 100 147 31
90 101 230 99
91 83 257 399
91 84 424 137
91 92 388 165
91 93 963 188
91 94 412 105
91 95 999 89
91 96 239 286
91 97 823 103
91 98 724 287
91 99 368 181
91 100 296 280
91 101 786 94
92 93 143 166
92 94 696 362
92 96 723 394
92 100 629 293
93 92 143 149
93 94 343 56
93 98 144 363
93 100 672 247
93 101 445 175
93 102 508 17
93 103 908 55
93 104 271 225
93 105 781 149
93 106 904 341
93 107 474 340
93 108 241 251
93 109 497 240
93 110 508 220
93 111 529 147
94 92 696 366
94 93 343 184
94 95 469 357
94 99 18 143
94 102 16 383
94 103 223 37
94 104 819 270
94 105 417 35
94 106 407 199
94 107 425 295
94 108 7 382
94 109 906 403
94 110 118 173
94 111 354 120
95 94 469 263
95 102 950 123
95 103 99 148
95 104 98 263
95 105 905 270
95 106 31 356
95 107 188 138
95 108 200 53
95 109 325 78
95 110 4 283
95 111 125 309
96 92 723 131
96 102 931 258
96 103 52 195
96 104 321 384
96 105 535 97
96 106 275 406
96 107 351 79
96 108 460 396
96 109 775 43
96 110 380 232
96 111 292 26
97 102 722 19
97 103 978 392
97 104 266 224
97 105 141 406
97 106 514 293
97 107 199 175
97 108 612 235
97 109 821 99
97 110 402 177
97 111 988 158
98 93 144 375
98 102 598 273
98 103 65 209
98 104 759 391
98 105 520 105
98 106 309 129
98 107 472 383
98 108 146 355
98 109 112 103
98 110 936 206
98 111 89 120
99 94 18 68
99 102 657 30
99 103 834 251
99 104 159 410
99 105 49 72
99 106 236 350
99 107 863 252
99 108 232 263
99 109 736 229
99 110 536 192
99 111 406 273
100 92 629 142
100 93 672 188
100 102 400 65
100 103 459 412
100 104 381 87
100 105 993 264
100 106 419 77
100 107 323 356
100 108 613 97
100 109 278 160
100 110 28 81
100 111 718 230
101 93 445 129
101 102 216 291
101 103 871 316
101 104 725 94
101 105 549 349
101 106 22 378
101 107 848 104
101 108 155 192
101 109 389 15
101 110 515 247
101 111 363 300
102 103 801 241
102 104 539 117
102 105 174 99
102 106 835 29
102 109 318 301
103 102 801 24
103 104 284 74
103 105 325 388
103 112 959 250
103 113 488 263
103 114 341 396
103 115 776 8
103 116 934 369
103 117 464 273
103 118 393 163
103 119 284 226
103 120 224 282
103 121 609 139
104 102 539 412
104 103 284 36
104 105 198 229
104 108 799 132
104 109 596 145
104 110 774 351
104 111 569 405
104 112 828 333
104 113 301 83
104 114 386 305
104 115 460 209
104 116 348 414
104 117 739 378
104 118 672 274
104 119 138 332
104 120 118 413
104 121 503 40
105 102 174 248
105 103 325 321
105 104 198 310
105 112 307 37
105 113 42 409
105 114 363 183
105 115 770 160
105 116 210 355
105 117 18 131
105 118 99 11
105 119 878 237
105 120 22 395
105 121 580 271
106 102 835 135
106 112 808 130
106 113 189 171
106 114 174 379
106 115 527 280
106 116 283 248
106 117 648 307
106 118 921 266
106 119 113 228
106 120 662 175
106 121 333 330
107 112 901 301
107 113 725 329
107 114 478 287
107 115 932 216
107 116 295 39
107 117 451 239
107 118 794 317
107 119 906 40
107 120 990 87
107 121 781 123
108 104 799 50
108 112 37 259
108 113 900 22
108 114 713 175
108 115 440 31
108 116 547 40
108 117 343 364
108 118 206 374
108 119 2 349
108 120 631 293
108 121 967 224
109 102 318 218
109 104 596 66
109 112 778 227
109 113 610 369
109 114 676 372
109 115 204 162
109 116 714 395
109 117 761 128
109 118 223 107
109 119 456 198
109 120 821 322
109 121 227 214
110 104 774 83
110 112 239 124
110 113 996 206
110 114 180 405
110 115 957 343
110 116 675 114
110 117 559 352
110 118 906 276
110 119 36 202
110 120 655 123
110 121 764 283
111 104 569 385
111 112 778 238
111 113 564 39
111 114 133 190
111 115 924 414
111 116 640 216
111 117 287 334
111 118 149 160
111 119 192 140
111 120 262 234
111 121 960 149
112 113 795 188
112 114 893 308
112 115 968 345
112 117 890 303
112 120 53 144
113 112 795 252
113 114 62 27
113 116 662 364
113 120 570 136
113 121 819 347
113 122 489 195
113 123 740 258
113 124 466 145
113 125 832 263
113 126 286 284
113 127 619 262
113 128 924 111
113 129 435 136
113 130 843 134
113 131 55 68
114 112 893 282
114 113 62 63
114 115 150 210
114 116 27 112
114 117 182 132
114 119 728 382
114 120 792 80
114 122 61 42
114 123 453 386
114 124 855 4
114 125 13 249
114 126 50 96
114 127 251 306
114 128 135 45
114 129 877 78
114 130 86 403
114 131 713 344
115 112 968 184
115 114 150 228
115 122 897 218
115 123 672 392
115 124 713 128
115 125 543 174
115 126 1000 88
115 127 230 184
115 128 369 51
115 129 32 75
115 130 488 295
115 131 849 284
116 113 662 36
116 114 27 140
116 122 586 100
116 123 810 381
116 124 228 383
116 125 454 407
116 126 322 48
116 127 987 242
116 128 871 174
116 129 340 77
116 130 304 324
116 131 507 99
117 112 890 178
117 114 182 159
117 122 984 125
117 123 804 222
117 124 848 363
117 125 384 306
117 126 428 247
117 127 892 370
117 128 281 349
117 129 286 359
117 130 986 368
117 131 991 136
118 122 592 297
118 123 199 28
118 124 275 17
118 125 361 273
118 126 494 1
118 127 766 357
118 128 801 47
118 129 679 177
118 130 170 384
118 131 832 40
119 114 728 152
119 122 993 350
119 123 543 374
119 124 145 37
119 125 340 236
119 126 968 15
119 127 527 219
119 128 134 75
119 129 107 91
119 130 704 221
119 131 521 51
120 112 53 39
120 113 570 367
120 114 792 68
120 122 9 300
120 123 838 65
120 124 433 277
120 125 432 76
120 126 244 277
120 127 87 362
120 128 919 179
120 129 778 341
120 130 927 272
120 131 285 318
121 113 819 85
121 122 656 134
121 123 40 84
121 124 940 140
121 125 816 406
121 126 384 60
121 127 101 262
121 128 717 273
121 129 353 54
121 130 263 166
121 131 656 374
122 123 285 386
122 124 253 241
122 128 120 222
122 129 920 391
122 131 953 249
123 122 285 100
123 124 254 414
123 125 48 373
123 128 885 200
123 132 247 107
123 133 55 160
123 134 433 390
123 135 176 255
123 136 495 321
123 137 751 95
123 138 670 186
123 139 258 133
123 140 570 133
123 141 986 351
124 122 253 152
124 123 254 211
124 125 8 224
124 126 856 92
124 128 994 320
124 129 662 273
124 130 668 49
124 131 545 84
124 132 505 279
124 133 422 367
124 134 911 190
124 135 431 7
124 136 995 376
124 137 70 144
124 138 971 181
124 139 218 246
124 140 314 70
124 141 323 7
125 123 48 191
125 124 8 214
125 132 531 378
125 133 866 281
125 134 320 267
125 135 653 223
125 136 681 193
125 137 211 136
125 138 857 79
125 139 273 158
125 140 443 286
125 141 260 339
126 124 856 226
126 132 635 383
126 133 274 76
126 134 286 288
126 135 587 141
126 136 964 410
126 137 854 12
126 138 289 199
126 139 442 308
126 140 466 333
126 141 103 196
127 132 544 313
127 133 407 356
127 134 471 213
127 135 519 5
127 136 182 330
127 137 103 52
127 138 670 354
127 139 588 73
127 140 596 125
127 141 299 406
128 122 120 232
128 123 885 186
128 124 994 35
128 132 143 376
128 133 609 172
128 134 805 212
128 135 982 343
128 136 157 226
128 137 885 8
128 138 551 372
128 139 674 361
128 140 948 277
128 141 48 332
129 122 920 297
129 124 662 286
129 132 140 88
129 133 564 195
129 134 565 366
129 135 628 209
129 136 288 291
129 137 606 29
129 138 791 223
129 139 515 380
129 140 545 24
129 141 950 179
130 124 668 270
130 132 912 178
130 133 945 193
130 134 403 382
130 135 92 406
130 136 512 133
130 137 323 60
130 138 403 225
130 139 289 10
130 140 965 306
130 141 392 167
131 122 953 337
131 124 545 365
131 132 237 87
131 133 14 46
131 134 967 212
131 135 237 9
131 136 225 251
131 137 267 110
131 138 402 69
131 139 291 151
131 140 913 186
131 141 769 288
132 133 882 77
132 134 521 366
132 137 372 15
133 132 882 114
133 134 627 299
133 136 710 414
133 137 933 248
133 139 260 244
133 140 190 303
133 142 809 132
133 143 1 211
133 144 722 264
133 145 464 160
133 146 716 294
133 147 98 362
133 148 789 275
133 149 352 313
133 150 532 287
133 151 478 60
134 132 521 182
134 133 627 226
134 137 986 380
134 138 983 373
134 139 389 30
134 142 927 87
134 143 201 75
134 144 252 8
134 145 286 390
134 146 435 397
134 147 116 46
134 148 329 339
134 149 444 315
134 150 676 275
134 151 735 351
135 142 346 374
135 143 975 26
135 144 260 12
135 145 842 387
135 146 663 99
135 147 417 17
135 148 28 199
135 149 93 7
135 150 426 16
135 151 4 138
136 133 710 408
136 142 968 346
136 143 988 100
136 144 319 173
136 145 773 238
136 146 915 32
136 147 146 398
136 148 840 197
136 149 734 31
136 150 453 98
136 151 245 326
137 132 372 286
137 133 933 153
137 134 986 49
137 142 251 31
137 143 145 108
137 144 850 205
137 145 154 139
137 146 654 413
137 147 344 153
137 148 220 237
137 149 305 408
137 150 788 120
137 151 980 185
138 134 983 119
138 142 237 41
138 143 391 124
138 144 5 239
138 145 355 274
138 146 935 238
138 147 199 222
138 148 807 209
138 149 488 64
138 150 647 111
138 151 676 289
139 133 260 47
139 134 389 214
139 142 401 371
139 143 378 275
139 144 191 268
139 145 396 196
139 146 700 334
139 147 647 362
139 148 928 108
139 149 740 291
139 150 119 315
139 151 299 294
140 133 190 222
140 142 481 141
140 143 448 284
140 144 158 25
140 145 757 122
140 146 325 49
140 147 844 110
140 148 925 12
140 149 645 380
140 150 873 209
140 151 230 146
141 142 759 368
141 143 154 158
141 144 812 100
141 145 536 291
141 146 900 313
141 147 712 315
141 148 680 78
141 149 399 95
141 150 471 59
141 151 905 28
142 143 72 134
142 144 299 111
142 146 320 276
142 150 392 400
142 151 498 64
142 152 2 398
143 142 72 143
143 144 20 412
143 148 7 62
143 150 884 346
143 152 566 40
144 142 299 337
144 143 20 340
144 145 309 94
144 146 63 375
144 148 871 253
144 149 922 223
144 151 979 414
144 152 551 321
145 144 309 122
145 152 498 183
146 142 320 240
146 144 63 237
146 152 433 214
147 152 391 19
148 143 7 187
148 144 871 316
148 152 351 102
149 144 922 98
149 152 194 12
150 142 392 303
150 143 884 320
150 152 706 12
151 142 498 317
151 144 979 44
151 152 968 367
