152 1704 1 152 8 426
1 2 125 416
1 3 61 59
1 4 880 232
1 5 451 79
1 6 915 112
1 7 1000 136
1 8 716 9
1 9 626 167
1 10 997 328
1 11 738 179
2 3 209 155
2 4 83 13
2 6 633 60
2 7 30 294
2 8 613 40
2 9 771 416
2 11 539 211
3 2 209 262
3 4 290 394
3 9 763 317
3 12 885 311
3 13 996 260
3 14 475 69
3 15 891 43
3 16 892 153
3 17 589 284
3 18 627 361
3 19 696 34
3 20 138 226
3 21 100 300
4 2 83 344
4 3 290 119
4 5 774 420
4 7 227 171
4 10 410 209
4 11 810 58
4 12 959 3
4 13 782 133
4 14 193 161
4 15 714 3
4 16 1 412
4 17 529 130
4 18 542 129
4 19 181 414
4 20 55 241
4 21 651 408
5 4 774 384
5 12 110 40
5 13 621 350
5 14 142 116
5 15 492 175
5 16 707 424
5 17 659 125
5 18 842 104
5 19 867 250
5 20 31 68
5 21 752 118
6 2 633 268
6 12 439 406
6 13 775 34
6 14 967 254
6 15 383 165
6 16 130 226
6 17 672 422
6 18 617 389
6 19 114 169
6 20 398 405
6 21 27 279
7 2 30 324
7 4 227 120
7 12 661 4
7 13 82 280
7 14 548 177
7 15 274 307
7 16 278 261
7 17 336 57
7 18 97 112
7 19 653 216
7 20 882 76
7 21 287 296
8 2 613 203
8 12 253 301
8 13 274 93
8 14 263 90
8 15 425 342
8 16 741 364
8 17 850 207
8 18 448 304
8 19 901 125
8 20 185 271
8 21 495 390
9 2 771 366
9 3 763 163
9 12 638 76
9 13 283 196
9 14 926 402
9 15 715 93
9 16 156 228
9 17 521 237
9 18 666 208
9 19 769 174
9 20 102 269
9 21 506 311
10 4 410 260
10 12 41 178
10 13 298 374
10 14 260 19
10 15 926 249
10 16 179 303
10 17 61 240
10 18 655 227
10 19 817 121
10 20 674 298
10 21 413 294
11 2 539 306
11 4 810 1
11 12 434 47
11 13 372 109
11 14 963 319
11 15 332 311
11 16 508 315
11 17 302 142
11 18 892 251
11 19 60 215
11 20 599 346
11 21 205 246
12 13 674 128
12 14 299 35
12 15 998 64
12 16 759 180
12 18 76 185
12 19 668 298
12 20 674 192
13 12 674 339
13 14 550 224
13 15 670 334
13 16 152 238
13 18 28 346
13 19 451 397
13 20 464 82
13 21 297 10
13 22 873 81
13 23 279 158
13 24 649 210
13 25 715 337
13 26 937 174
13 27 282 138
13 28 751 192
13 29 730 364
13 30 193 56
13 31 57 213
14 12 299 184
14 13 550 210
14 15 916 122
14 17 351 239
14 20 106 43
14 21 271 116
14 22 932 389
14 23 453 207
14 24 147 136
14 25 536 260
14 26 233 377
14 27 506 351
14 28 329 142
14 29 357 122
14 30 118 187
14 31 283 334
15 12 998 206
15 13 670 250
15 14 916 142
15 22 11 16
15 23 404 186
15 24 959 98
15 25 383 99
15 26 819 282
15 27 171 236
15 28 83 358
15 29 256 197
15 30 288 87
15 31 470 163
16 12 759 72
16 13 152 80
16 22 986 339
16 23 470 253
16 24 550 2
16 25 608 284
16 26 78 396
16 27 468 223
16 28 403 200
16 29 505 161
16 30 291 8
16 31 269 235
17 14 351 420
17 22 353 395
17 23 424 299
17 24 51 420
17 25 318 327
17 26 720 193
17 27 577 24
17 28 389 370
17 29 53 12
17 30 905 146
17 31 911 110
18 12 76 362
18 13 28 63
18 22 853 322
18 23 70 116
18 24 533 8
18 25 186 263
18 26 566 4
18 27 634 133
18 28 389 17
18 29 41 80
18 30 689 155
18 31 583 382
19 12 668 140
19 13 451 291
19 22 127 221
19 23 890 139
19 24 448 415
19 25 72 374
19 26 918 169
19 27 327 425
19 28 462 110
19 29 194 318
19 30 329 217
19 31 760 412
20 12 674 284
20 13 464 213
20 14 106 390
20 22 466 209
20 23 879 310
20 24 464 299
20 25 639 126
20 26 670 322
20 27 897 335
20 28 925 398
20 29 414 131
20 30 370 227
20 31 200 194
21 13 297 305
21 14 271 206
21 22 295 392
21 23 636 34
21 24 970 200
21 25 554 243
21 26 356 72
21 27 961 254
21 28 418 157
21 29 282 302
21 30 809 168
21 31 551 149
22 23 334 47
22 24 8 86
22 25 555 37
22 26 172 149
22 28 196 389
22 29 70 301
22 31 861 75
23 22 334 290
23 24 343 426
23 26 338 9
23 27 362 109
23 32 31 22
23 33 935 30
23 34 503 42
23 35 563 276
23 36 375 382
23 37 483 192
23 38 958 314
23 39 487 87
23 40 490 127
23 41 835 299
24 22 8 242
24 23 343 343
24 26 115 50
24 28 310 408
24 30 467 28
24 31 245 422
24 32 684 61
24 33 676 35
24 34 27 72
24 35 917 390
24 36 273 190
24 37 388 322
24 38 690 243
24 39 246 237
24 40 724 19
24 41 957 117
25 22 555 287
25 32 361 245
25 33 612 55
25 34 193 330
25 35 807 232
25 36 86 344
25 37 81 85
25 38 11 72
25 39 58 288
25 40 469 271
25 41 840 112
26 22 172 212
26 23 338 390
26 24 115 353
26 32 417 113
26 33 361 247
26 34 372 102
26 35 654 54
26 36 100 11
26 37 948 398
26 38 315 186
26 39 275 280
26 40 505 139
26 41 225 196
27 23 362 6
27 32 563 312
27 33 202 227
27 34 308 211
27 35 380 86
27 36 557 131
27 37 696 350
27 38 476 140
27 39 281 132
27 40 537 251
27 41 294 193
28 22 196 271
28 24 310 161
28 32 536 292
28 33 821 359
28 34 629 357
28 35 673 139
28 36 96 285
28 37 689 26
28 38 168 225
28 39 948 203
28 40 345 65
28 41 908 372
29 22 70 141
29 32 228 349
29 33 288 255
29 34 287 39
29 35 891 224
29 36 405 320
29 37 330 113
29 38 433 90
29 39 945 304
29 40 586 54
29 41 543 265
30 24 467 254
30 32 850 22
30 33 568 9
30 34 662 184
30 35 86 2
30 36 228 138
30 37 253 209
30 38 945 264
30 39 596 211
30 40 541 7
30 41 41 30
31 22 861 74
31 24 245 373
31 32 168 316
31 33 39 60
31 34 313 23
31 35 548 278
31 36 890 193
31 37 709 288
31 38 686 410
31 39 573 317
31 40 893 158
31 41 703 128
32 33 171 130
32 34 957 395
32 37 929 204
32 39 402 317
32 40 633 209
32 41 47 271
33 32 171 188
33 34 354 351
33 36 930 149
33 37 725 189
33 39 39 372
33 40 767 251
33 42 193 238
33 43 500 85
33 44 668 157
33 45 699 426
33 46 45 358
33 47 440 125
33 48 924 235
33 49 942 423
33 50 648 332
33 51 644 414
34 32 957 402
34 33 354 361
34 35 512 162
34 39 602 418
34 40 551 348
34 41 99 228
34 42 342 60
34 43 972 269
34 44 736 403
34 45 548 398
34 46 731 206
34 47 589 372
34 48 872 320
34 49 833 162
34 50 782 199
34 51 75 35
35 34 512 215
35 42 866 93
35 43 623 423
35 44 720 13
35 45 901 100
35 46 91 211
35 47 822 324
35 48 326 180
35 49 510 130
35 50 538 420
35 51 397 259
36 33 930 91
36 42 406 228
36 43 872 88
36 44 923 12
36 45 715 98
36 46 702 161
36 47 657 410
36 48 519 195
36 49 440 218
36 50 258 152
36 51 484 266
37 32 929 387
37 33 725 139
37 42 824 150
37 43 568 33
37 44 612 258
37 45 971 17
37 46 993 149
37 47 557 18
37 48 83 14
37 49 139 304
37 50 793 342
37 51 902 164
38 42 971 137
38 43 757 57
38 44 217 311
38 45 278 323
38 46 837 73
38 47 994 288
38 48 906 124
38 49 113 171
38 50 648 61
38 51 701 171
39 32 402 185
39 33 39 346
39 34 602 1
39 42 340 40
39 43 205 374
39 44 571 343
39 45 862 100
39 46 601 51
39 47 24 217
39 48 13 26
39 49 848 140
39 50 926 362
39 51 295 79
40 32 633 378
40 33 767 192
40 34 551 199
40 42 284 290
40 43 317 356
40 44 155 334
40 45 236 350
40 46 938 164
40 47 578 312
40 48 959 224
40 49 727 263
40 50 521 73
40 51 650 404
41 32 47 37
41 34 99 1
41 42 197 156
41 43 336 361
41 44 140 128
41 45 344 423
41 46 753 229
41 47 83 311
41 48 7 419
41 49 619 221
41 50 816 362
41 51 807 168
42 43 959 45
42 44 476 133
42 46 708 250
42 47 180 210
42 49 510 294
42 51 892 318
43 42 959 256
43 44 413 368
43 45 405 286
43 46 966 259
43 47 434 170
43 51 480 400
43 52 999 413
43 53 128 281
43 54 827 265
43 55 693 344
43 56 267 366
43 57 511 169
43 58 774 280
43 59 442 267
43 60 862 170
43 61 571 341
44 42 476 420
44 43 413 186
44 45 46 269
44 46 581 163
44 47 87 263
44 49 939 293
44 52 886 164
44 53 159 358
44 54 823 144
44 55 185 190
44 56 253 249
44 57 600 352
44 58 66 260
44 59 543 2
44 60 513 352
44 61 824 43
45 43 405 241
45 44 46 6
45 52 380 361
45 53 801 386
45 54 815 355
45 55 220 329
45 56 31 296
45 57 426 67
45 58 231 418
45 59 799 313
45 60 870 152
45 61 478 103
46 42 708 389
46 43 966 378
46 44 581 305
46 52 104 35
46 53 117 272
46 54 606 219
46 55 950 312
46 56 165 174
46 57 469 137
46 58 633 79
46 59 543 220
46 60 156 170
46 61 52 322
47 42 180 149
47 43 434 216
47 44 87 21
47 52 318 177
47 53 994 155
47 54 34 405
47 55 845 50
47 56 604 366
47 57 636 238
47 58 800 149
47 59 199 284
47 60 926 4
47 61 837 345
48 52 524 295
48 53 957 410
48 54 197 351
48 55 953 233
48 56 792 264
48 57 970 331
48 58 555 275
48 59 967 72
48 60 248 40
48 61 175 266
49 42 510 234
49 44 939 84
49 52 983 230
49 53 848 296
49 54 162 257
49 55 409 95
49 56 729 211
49 57 82 114
49 58 757 369
49 59 720 106
49 60 624 195
49 61 331 10
50 52 353 233
50 53 22 38
50 54 809 279
50 55 193 139
50 56 978 350
50 57 728 183
50 58 84 388
50 59 263 312
50 60 472 233
50 61 435 246
51 42 892 301
51 43 480 364
51 52 865 160
51 53 920 40
51 54 761 19
51 55 16 210
51 56 56 69
51 57 390 81
51 58 123 259
51 59 347 97
51 60 734 352
51 61 152 397
52 53 193 335
52 54 946 29
52 55 411 57
52 56 275 203
52 57 111 259
52 58 977 51
52 61 697 302
53 52 193 137
53 54 25 284
53 55 483 327
53 59 405 234
53 60 963 169
53 62 687 384
53 63 354 298
53 64 610 374
53 65 672 220
53 66 573 345
53 67 424 389
53 68 785 201
53 69 602 209
53 70 735 93
53 71 581 214
54 52 946 379
54 53 25 167
54 55 663 354
54 56 218 292
54 60 943 393
54 62 419 188
54 63 868 29
54 64 489 206
54 65 773 402
54 66 71 36
54 67 528 171
54 68 104 39
54 69 937 339
54 70 81 401
54 71 645 337
55 52 411 397
55 53 483 95
55 54 663 316
55 62 544 175
55 63 357 315
55 64 25 221
55 65 829 286
55 66 12 124
55 67 568 304
55 68 190 245
55 69 706 76
55 70 894 261
55 71 485 166
56 52 275 188
56 54 218 263
56 62 889 33
56 63 235 60
56 64 400 223
56 65 998 21
56 66 692 293
56 67 30 373
56 68 779 292
56 69 440 420
56 70 445 83
56 71 4 361
57 52 111 227
57 62 776 102
57 63 492 393
57 64 892 91
57 65 752 398
57 66 536 9
57 67 696 4
57 68 225 222
57 69 242 190
57 70 617 215
57 71 808 129
58 52 977 337
58 62 540 265
58 63 857 183
58 64 84 347
58 65 178 406
58 66 821 135
58 67 143 251
58 68 558 144
58 69 503 168
58 70 138 344
58 71 912 264
59 53 405 290
59 62 135 223
59 63 248 128
59 64 904 303
59 65 851 382
59 66 994 244
59 67 303 12
59 68 732 6
59 69 353 75
59 70 328 95
59 71 807 85
60 53 963 107
60 54 943 68
60 62 250 399
60 63 149 426
60 64 746 373
60 65 685 332
60 66 303 400
60 67 957 126
60 68 1 354
60 69 464 414
60 70 974 189
60 71 457 346
61 52 697 109
61 62 560 386
61 63 808 395
61 64 359 29
61 65 93 414
61 66 685 169
61 67 883 98
61 68 758 324
61 69 37 344
61 70 54 317
61 71 693 346
62 63 168 47
62 64 200 306
62 65 293 349
62 66 216 207
62 67 527 65
62 69 691 212
62 71 449 394
63 62 168 281
63 64 913 232
63 65 320 338
63 67 716 221
63 68 172 350
63 72 962 183
63 73 178 220
63 74 656 417
63 75 79 75
63 76 254 138
63 77 674 284
63 78 769 384
63 79 486 265
63 80 99 299
63 81 648 19
64 62 200 323
64 63 913 12
64 65 515 410
64 66 957 24
64 69 277 203
64 70 646 389
64 72 868 260
64 73 872 55
64 74 342 37
64 75 818 83
64 76 673 2
64 77 743 167
64 78 851 86
64 79 223 143
64 80 754 30
64 81 723 404
65 62 293 82
65 63 320 153
65 64 515 57
65 72 364 152
65 73 64 161
65 74 306 157
65 75 548 4
65 76 627 87
65 77 485 94
65 78 618 156
65 79 676 171
65 80 386 269
65 81 475 66
66 62 216 235
66 64 957 4
66 72 292 364
66 73 170 172
66 74 41 413
66 75 209 316
66 76 258 145
66 77 109 133
66 78 818 19
66 79 329 261
66 80 741 179
66 81 126 319
67 62 527 359
67 63 716 41
67 72 287 150
67 73 785 271
67 74 602 27
67 75 891 104
67 76 510 53
67 77 613 207
67 78 825 204
67 79 117 195
67 80 560 301
67 81 200 211
68 63 172 90
68 72 995 408
68 73 47 251
68 74 878 252
68 75 84 245
68 76 211 289
68 77 2 44
68 78 613 70
68 79 33 262
68 80 201 183
68 81 508 394
69 62 691 397
69 64 277 276
69 72 309 57
69 73 861 9
69 74 693 170
69 75 609 225
69 76 484 50
69 77 577 321
69 78 408 38
69 79 942 91
69 80 788 1
69 81 391 294
70 64 646 26
70 72 912 193
70 73 431 412
70 74 544 69
70 75 345 49
70 76 90 387
70 77 158 41
70 78 515 376
70 79 316 256
70 80 51 74
70 81 758 116
71 62 449 272
71 72 487 227
71 73 731 320
71 74 440 142
71 75 338 60
71 76 40 415
71 77 273 371
71 78 789 153
71 79 94 254
71 80 316 354
71 81 941 134
72 73 279 89
72 74 534 411
72 75 421 89
72 80 561 290
72 81 882 70
73 72 279 45
73 74 126 57
73 75 796 312
73 76 550 328
73 79 90 290
73 81 745 42
73 82 541 301
73 83 300 30
73 84 680 280
73 85 641 216
73 86 776 386
73 87 890 412
73 88 261 184
73 89 136 183
73 90 696 38
73 91 427 56
74 72 534 365
74 73 126 269
74 76 135 220
74 78 367 267
74 81 892 138
74 82 634 273
74 83 3 86
74 84 157 311
74 85 453 74
74 86 852 291
74 87 175 386
74 88 926 269
74 89 65 253
74 90 536 120
74 91 421 8
75 72 421 187
75 73 796 4
75 82 153 311
75 83 875 80
75 84 986 352
75 85 616 399
75 86 527 368
75 87 488 10
75 88 439 230
75 89 930 388
75 90 754 424
75 91 292 100
76 73 550 256
76 74 135 251
76 82 509 103
76 83 620 252
76 84 5 360
76 85 976 99
76 86 116 40
76 87 482 60
76 88 403 157
76 89 21 53
76 90 485 185
76 91 929 192
77 82 620 374
77 83 888 55
77 84 602 306
77 85 985 127
77 86 445 174
77 87 413 99
77 88 681 134
77 89 437 89
77 90 778 17
77 91 53 4
78 74 367 197
78 82 716 121
78 83 441 101
78 84 603 264
78 85 966 16
78 86 899 285
78 87 301 188
78 88 686 62
78 89 40 395
78 90 653 353
78 91 924 104
79 73 90 420
79 82 686 294
79 83 918 164
79 84 23 341
79 85 455 78
79 86 270 26
79 87 635 319
79 88 211 21
79 89 440 204
79 90 272 395
79 91 752 218
80 72 561 426
80 82 172 380
80 83 544 257
80 84 372 296
80 85 732 327
80 86 154 188
80 87 473 158
80 88 447 107
80 89 55 211
80 90 620 321
80 91 443 240
81 72 882 179
81 73 745 191
81 74 892 270
81 82 937 386
81 83 351 317
81 84 980 181
81 85 113 203
81 86 533 155
81 87 341 417
81 88 21 421
81 89 809 119
81 90 335 261
81 91 585 110
82 83 955 175
82 84 474 378
82 91 463 141
83 82 955 100
83 84 876 174
83 86 625 276
83 89 82 319
83 90 855 82
83 91 235 1
83 92 702 93
83 93 384 309
83 94 947 101
83 95 20 241
83 96 448 265
83 97 479 104
83 98 214 263
83 99 190 96
83 100 854 6
83 101 595 421
84 82 474 344
84 83 876 70
84 86 793 102
84 87 233 210
84 88 312 346
84 89 486 1
84 90 524 306
84 92 502 98
84 93 347 131
84 94 546 269
84 95 681 80
84 96 694 403
84 97 735 412
84 98 892 401
84 99 101 249
84 100 190 12
84 101 218 308
85 92 462 359
85 93 677 340
85 94 484 399
85 95 207 418
85 96 683 87
85 97 342 295
85 98 852 262
85 99 366 215
85 100 372 149
85 101 305 417
86 83 625 256
86 84 793 145
86 92 687 311
86 93 789 146
86 94 717 102
86 95 531 234
86 96 286 254
86 97 522 385
86 98 153 67
86 99 785 136
86 100 187 55
86 101 886 279
87 84 233 396
87 92 47 270
87 93 384 355
87 94 140 369
87 95 796 419
87 96 370 117
87 97 311 223
87 98 655 418
87 99 690 307
87 100 520 218
87 101 135 94
88 84 312 42
88 92 495 157
88 93 751 86
88 94 718 275
88 95 315 222
88 96 904 14
88 97 319 375
88 98 571 20
88 99 12 175
88 100 815 207
88 101 105 85
89 83 82 364
89 84 486 109
89 92 145 122
89 93 494 384
89 94 526 183
89 95 581 182
89 96 108 59
89 97 350 51
89 98 339 130
89 99 523 200
89 100 972 353
89 101 990 161
90 83 855 89
90 84 524 105
90 92 743 133
90 93 112 383
90 94 438 50
90 95 766 234
90 96 546 34
90 97 341 114
90 98 966 278
90 99 36 186
90 100 671 372
90 101 161 116
91 82 463 328
91 83 235 199
91 92 358 103
91 93 73 1
91 94 688 264
91 95 876 340
91 96 998 147
91 97 5 197
91 98 262 72
91 99 968 374
91 100 788 384
91 101 572 188
92 93 306 346
92 94 142 66
92 95 983 394
92 98 156 160
92 99 746 130
92 100 780 406
92 101 814 168
93 92 306 90
93 94 7 416
93 96 878 42
93 99 24 21
93 100 936 400
93 101 468 245
93 102 864 78
93 103 222 283
93 104 729 73
93 105 594 170
93 106 783 177
93 107 940 106
93 108 752 146
93 109 734 214
93 110 59 103
93 111 171 213
94 92 142 54
94 93 7 118
94 95 88 102
94 96 228 382
94 98 985 305
94 100 740 153
94 101 831 251
94 102 782 30
94 103 982 364
94 104 954 220
94 105 956 394
94 106 641 356
94 107 687 114
94 108 218 41
94 109 525 93
94 110 35 205
94 111 466 92
95 92 983 110
95 94 88 236
95 102 188 210
95 103 148 291
95 104 346 75
95 105 624 154
95 106 576 324
95 107 969 123
95 108 365 250
95 109 205 75
95 110 908 343
95 111 188 100
96 93 878 18
96 94 228 417
96 102 277 41
96 103 996 399
96 104 601 205
96 105 546 272
96 106 25 319
96 107 750 12
96 108 63 299
96 109 519 138
96 110 587 34
96 111 445 285
97 102 819 110
97 103 255 181
97 104 310 32
97 105 827 262
97 106 475 22
97 107 201 115
97 108 820 201
97 109 181 93
97 110 698 74
97 111 642 376
98 92 156 131
98 94 985 226
98 102 112 318
98 103 201 72
98 104 784 409
98 105 798 151
98 106 891 397
98 107 684 311
98 108 85 32
98 109 682 271
98 110 477 399
98 111 423 237
99 92 746 166
99 93 24 46
99 102 688 120
99 103 648 275
99 104 813 414
99 105 710 68
99 106 511 56
99 107 47 362
99 108 984 102
99 109 180 59
99 110 800 241
99 111 366 29
100 92 780 415
100 93 936 226
100 94 740 318
100 102 242 384
100 103 927 147
100 104 948 418
100 105 793 378
100 106 175 230
100 107 375 167
100 108 917 349
100 109 182 180
100 110 152 281
100 111 832 412
101 92 814 73
101 93 468 65
101 94 831 410
101 102 796 232
101 103 102 209
101 104 151 217
101 105 676 13
101 106 769 5
101 107 355 303
101 108 595 274
101 109 513 148
101 110 985 24
101 111 262 297
102 103 481 96
102 104 778 328
102 105 400 61
102 106 392 276
102 107 636 180
102 109 826 12
103 102 481 245
103 104 104 337
103 106 942 297
103 107 619 398
103 108 535 304
103 112 652 314
103 113 872 327
103 114 370 22
103 115 951 409
103 116 60 181
103 117 446 131
103 118 443 414
103 119 249 229
103 120 978 101
103 121 405 339
104 102 778 152
104 103 104 376
104 106 33 315
104 109 359 250
104 111 86 75
104 112 442 298
104 113 860 273
104 114 985 382
104 115 87 67
104 116 677 10
104 117 664 310
104 118 361 283
104 119 396 210
104 120 263 206
104 121 316 338
105 102 400 130
105 112 221 87
105 113 418 59
105 114 949 86
105 115 1 305
105 116 275 117
105 117 556 100
105 118 293 194
105 119 616 394
105 120 674 46
105 121 324 200
106 102 392 339
106 103 942 37
106 104 33 195
106 112 446 42
106 113 643 312
106 114 254 161
106 115 895 250
106 116 685 168
106 117 466 423
106 118 533 35
106 119 297 179
106 120 146 80
106 121 293 40
107 102 636 278
107 103 619 291
107 112 234 321
107 113 273 352
107 114 973 1
107 115 775 420
107 116 393 347
107 117 173 186
107 118 855 222
107 119 840 362
107 120 893 42
107 121 674 113
108 103 535 338
108 112 473 12
108 113 104 243
108 114 62 50
108 115 30 400
108 116 247 147
108 117 812 203
108 118 281 151
108 119 152 208
108 120 418 420
108 121 71 35
109 102 826 185
109 104 359 245
109 112 955 270
109 113 430 192
109 114 993 236
109 115 384 367
109 116 521 308
109 117 864 29
109 118 744 75
109 119 576 39
109 120 933 152
109 121 699 365
110 112 351 324
110 113 949 247
110 114 140 148
110 115 865 376
110 116 177 246
110 117 263 277
110 118 320 162
110 119 678 56
110 120 778 410
110 121 799 211
111 104 86 349
111 112 50 394
111 113 908 172
111 114 666 240
111 115 601 104
111 116 962 207
111 117 885 394
111 118 731 321
111 119 811 366
111 120 576 65
111 121 201 233
112 113 812 95
112 114 450 9
112 117 786 183
112 119 724 330
112 120 72 370
113 112 812 197
113 114 773 104
113 115 484 183
113 117 418 225
113 120 491 229
113 122 888 275
113 123 513 302
113 124 217 164
113 125 886 74
113 126 676 421
113 127 705 106
113 128 137 198
113 129 879 54
113 130 589 374
113 131 81 389
114 112 450 392
114 113 773 198
114 116 184 320
114 118 744 71
114 119 780 122
114 122 287 384
114 123 515 419
114 124 976 202
114 125 159 35
114 126 618 111
114 127 312 222
114 128 66 314
114 129 359 221
114 130 551 136
114 131 156 329
115 113 484 377
115 122 485 150
115 123 227 344
115 124 716 293
115 125 40 46
115 126 377 80
115 127 69 57
115 128 936 371
115 129 335 70
115 130 81 158
115 131 138 75
116 114 184 86
116 122 757 290
116 123 201 158
116 124 827 50
116 125 289 316
116 126 690 20
116 127 59 33
116 128 649 103
116 129 783 285
116 130 29 296
116 131 887 362
117 112 786 417
117 113 418 219
117 122 780 273
117 123 398 329
117 124 863 254
117 125 286 1
117 126 68 327
117 127 818 273
117 128 552 61
117 129 503 77
117 130 305 85
117 131 194 135
118 114 744 186
118 122 232 363
118 123 32 284
118 124 383 166
118 125 359 77
118 126 882 174
118 127 428 179
118 128 672 174
118 129 120 349
118 130 373 110
118 131 75 406
119 112 724 410
119 114 780 328
119 122 43 13
119 123 628 380
119 124 196 99
119 125 888 236
119 126 145 252
119 127 864 244
119 128 513 379
119 129 602 213
119 130 715 425
119 131 23 48
120 112 72 193
120 113 491 95
120 122 300 206
120 123 736 114
120 124 224 33
120 125 989 413
120 126 947 174
120 127 662 402
120 128 205 412
120 129 431 381
120 130 91 381
120 131 445 336
121 122 588 297
121 123 350 315
121 124 485 156
121 125 546 274
121 126 508 124
121 127 58 111
121 128 766 403
121 129 528 192
121 130 84 341
121 131 924 394
122 123 136 249
122 124 767 180
122 125 506 111
122 126 456 242
122 129 454 327
122 130 922 106
122 131 477 370
123 122 136 112
123 124 217 254
123 125 781 179
123 126 499 127
123 127 134 186
123 132 8 224
123 133 253 22
123 134 886 133
123 135 11 338
123 136 815 87
123 137 843 213
123 138 401 135
123 139 116 47
123 140 148 361
123 141 337 149
124 122 767 339
124 123 217 360
124 126 422 293
124 130 72 328
124 132 281 190
124 133 105 241
124 134 934 350
124 135 80 118
124 136 781 366
124 137 871 174
124 138 472 315
124 139 866 156
124 140 516 214
124 141 689 327
125 122 506 108
125 123 781 58
125 132 711 393
125 133 368 421
125 134 491 368
125 135 507 108
125 136 401 273
125 137 550 50
125 138 592 136
125 139 246 410
125 140 994 287
125 141 343 290
126 122 456 392
126 123 499 132
126 124 422 171
126 132 730 87
126 133 457 19
126 134 147 199
126 135 718 35
126 136 396 46
126 137 348 161
126 138 292 425
126 139 292 69
126 140 66 24
126 141 986 84
127 123 134 124
127 132 577 301
127 133 601 117
127 134 763 367
127 135 314 204
127 136 112 157
127 137 400 13
127 138 390 154
127 139 107 138
127 140 527 231
127 141 904 125
128 132 9 128
128 133 65 64
128 134 922 405
128 135 973 49
128 136 979 61
128 137 945 321
128 138 10 167
128 139 614 410
128 140 767 271
128 141 676 308
129 122 454 407
129 132 197 8
129 133 21 128
129 134 928 235
129 135 924 206
129 136 639 236
129 137 148 186
129 138 311 42
129 139 823 138
129 140 139 21
129 141 752 14
130 122 922 256
130 124 72 326
130 132 578 266
130 133 310 110
130 134 191 298
130 135 685 122
130 136 273 81
130 137 827 405
130 138 348 170
130 139 154 407
130 140 771 241
130 141 723 102
131 122 477 11
131 132 652 325
131 133 294 265
131 134 815 384
131 135 876 120
131 136 923 65
131 137 487 347
131 138 344 322
131 139 762 140
131 140 392 315
131 141 942 366
132 133 64 272
132 134 650 19
132 136 480 64
132 138 721 372
132 139 651 94
132 141 537 185
133 132 64 18
133 134 426 146
133 139 96 176
133 142 323 268
133 143 730 104
133 144 466 408
133 145 602 202
133 146 317 256
133 147 406 69
133 148 862 334
133 149 490 103
133 150 484 262
133 151 80 36
134 132 650 57
134 133 426 243
134 136 119 149
134 139 158 236
134 142 294 256
134 143 680 177
134 144 460 347
134 145 453 107
134 146 610 406
134 147 88 370
134 148 714 343
134 149 768 338
134 150 951 344
134 151 635 37
135 142 294 181
135 143 20 93
135 144 264 25
135 145 26 125
135 146 601 62
135 147 547 388
135 148 685 81
135 149 145 414
135 150 176 199
135 151 758 259
136 132 480 349
136 134 119 25
136 142 540 305
136 143 521 378
136 144 248 134
136 145 481 169
136 146 953 133
136 147 465 291
136 148 738 75
136 149 138 157
136 150 467 84
136 151 687 10
137 142 765 180
137 143 116 180
137 144 624 19
137 145 183 40
137 146 827 79
137 147 427 165
137 148 982 95
137 149 722 350
137 150 427 16
137 151 58 408
138 132 721 230
138 142 79 35
138 143 140 352
138 144 305 58
138 145 567 118
138 146 198 55
138 147 594 183
138 148 456 226
138 149 845 41
138 150 465 41
138 151 452 339
139 132 651 42
139 133 96 193
139 134 158 246
139 142 582 310
139 143 294 117
139 144 21 30
139 145 463 90
139 146 59 96
139 147 815 226
139 148 492 276
139 149 805 105
139 150 628 22
139 151 452 308
140 142 608 99
140 143 165 273
140 144 520 424
140 145 618 384
140 146 470 314
140 147 602 147
140 148 689 154
140 149 241 397
140 150 951 381
140 151 483 107
141 132 537 285
141 142 501 23
141 143 162 49
141 144 747 211
141 145 799 368
141 146 1000 384
141 147 704 215
141 148 161 105
141 149 303 32
141 150 609 241
141 151 922 277
142 143 131 372
142 144 982 141
142 145 461 44
142 146 327 48
142 147 743 295
142 148 535 204
142 151 864 247
142 152 364 403
143 142 131 18
143 144 101 31
143 145 679 76
143 146 175 218
143 147 204 126
143 150 906 128
143 151 855 199
143 152 954 416
144 142 982 132
144 143 101 378
144 146 606 378
144 147 811 95
144 148 936 323
144 150 407 52
144 152 683 172
145 142 461 80
145 143 679 133
145 152 44 62
146 142 327 214
146 143 175 300
146 144 606 349
146 152 734 176
147 142 743 41
147 143 204 355
147 144 811 368
147 152 60 310
148 142 535 413
148 144 936 372
148 152 487 307
149 152 740 337
150 143 906 59
150 144 407 391
150 152 555 108
151 142 864 36
151 143 855 273
151 152 103 16
