152 1662 1 152 8 416
1 2 236 212
1 3 976 150
1 4 740 265
1 5 511 146
1 6 281 2
1 7 454 27
1 8 329 98
1 9 981 53
1 10 629 84
1 11 362 275
2 3 315 160
2 4 673 299
2 9 415 359
2 11 642 1
3 2 315 62
3 4 345 209
3 11 588 72
3 12 988 297
3 13 537 218
3 14 62 55
3 15 843 281
3 16 281 207
3 17 193 276
3 18 732 5
3 19 640 380
3 20 857 416
3 21 125 263
4 2 673 263
4 3 345 231
4 5 559 49
4 8 709 28
4 10 343 68
4 11 336 379
4 12 787 414
4 13 957 127
4 14 658 165
4 15 329 133
4 16 680 311
4 17 904 75
4 18 670 240
4 19 852 270
4 20 537 176
4 21 224 108
5 4 559 211
5 12 33 96
5 13 522 306
5 14 890 231
5 15 367 361
5 16 220 369
5 17 939 264
5 18 258 279
5 19 961 173
5 20 210 350
5 21 266 26
6 12 760 125
6 13 853 51
6 14 244 160
6 15 888 326
6 16 214 358
6 17 618 309
6 18 149 94
6 19 754 256
6 20 503 394
6 21 445 368
7 12 923 255
7 13 993 49
7 14 624 173
7 15 123 387
7 16 612 125
7 17 556 64
7 18 204 249
7 19 284 259
7 20 763 340
7 21 332 5
8 4 709 361
8 12 842 274
8 13 738 347
8 14 911 161
8 15 870 412
8 16 567 240
8 17 988 62
8 18 674 122
8 19 728 105
8 20 511 209
8 21 497 171
9 2 415 302
9 12 343 47
9 13 850 143
9 14 587 249
9 15 56 38
9 16 842 170
9 17 357 295
9 18 782 232
9 19 237 181
9 20 990 93
9 21 806 103
10 4 343 277
10 12 249 299
10 13 741 101
10 14 72 270
10 15 92 205
10 16 272 326
10 17 943 256
10 18 624 216
10 19 191 83
10 20 804 189
10 21 825 98
11 2 642 125
11 3 588 294
11 4 336 246
11 12 613 15
11 13 716 47
11 14 262 325
11 15 653 202
11 16 423 312
11 17 491 70
11 18 439 55
11 19 709 172
11 20 329 399
11 21 193 115
12 13 435 306
12 14 868 130
12 15 464 353
12 17 890 408
12 18 572 194
12 19 366 310
12 20 886 44
13 12 435 187
13 14 97 85
13 15 190 68
13 17 993 143
13 19 267 301
13 20 4 103
13 21 250 6
13 22 69 101
13 23 988 136
13 24 494 142
13 25 947 197
13 26 407 226
13 27 340 251
13 28 593 113
13 29 488 346
13 30 292 7
13 31 889 161
14 12 868 337
14 13 97 138
14 15 325 276
14 16 345 214
14 17 3 370
14 18 735 287
14 20 988 83
14 21 182 282
14 22 359 135
14 23 39 40
14 24 631 332
14 25 291 233
14 26 861 10
14 27 192 51
14 28 600 307
14 29 541 171
14 30 803 399
14 31 732 6
15 12 464 224
15 13 190 200
15 14 325 67
15 22 297 94
15 23 146 141
15 24 429 398
15 25 388 327
15 26 387 110
15 27 135 311
15 28 174 349
15 29 753 245
15 30 40 234
15 31 522 339
16 14 345 50
16 22 629 250
16 23 652 226
16 24 632 45
16 25 689 393
16 26 705 126
16 27 885 21
16 28 619 381
16 29 376 352
16 30 547 393
16 31 596 87
17 12 890 254
17 13 993 330
17 14 3 227
17 22 77 130
17 23 654 271
17 24 916 20
17 25 31 158
17 26 39 401
17 27 621 324
17 28 324 259
17 29 672 52
17 30 712 35
17 31 572 4
18 12 572 321
18 14 735 235
18 22 614 243
18 23 819 278
18 24 856 47
18 25 110 292
18 26 507 224
18 27 890 369
18 28 761 91
18 29 507 133
18 30 93 201
18 31 574 221
19 12 366 261
19 13 267 25
19 22 382 242
19 23 559 396
19 24 772 103
19 25 396 308
19 26 859 311
19 27 181 407
19 28 222 39
19 29 212 71
19 30 250 43
19 31 505 149
20 12 886 345
20 13 4 121
20 14 988 94
20 22 263 339
20 23 419 136
20 24 370 75
20 25 987 26
20 26 646 157
20 27 735 190
20 28 209 222
20 29 44 94
20 30 865 297
20 31 737 309
21 13 250 141
21 14 182 369
21 22 527 336
21 23 628 393
21 24 845 405
21 25 613 370
21 26 562 18
21 27 646 397
21 28 761 353
21 29 56 125
21 30 602 314
21 31 868 66
22 23 667 289
22 24 952 311
22 27 166 142
23 22 667 126
23 24 629 128
23 26 196 336
23 27 833 411
23 28 286 172
23 30 224 178
23 31 36 166
23 32 398 413
23 33 885 257
23 34 79 87
23 35 215 60
23 36 687 87
23 37 196 221
23 38 840 154
23 39 967 258
23 40 146 197
23 41 911 377
24 22 952 21
24 23 629 406
24 25 249 200
24 28 891 367
24 29 858 72
24 32 896 131
24 33 270 400
24 34 271 228
24 35 147 236
24 36 100 220
24 37 303 289
24 38 486 220
24 39 38 62
24 40 402 249
24 41 912 213
25 24 249 334
25 32 911 168
25 33 778 323
25 34 392 359
25 35 858 281
25 36 749 302
25 37 794 7
25 38 695 306
25 39 171 176
25 40 455 167
25 41 899 90
26 23 196 356
26 32 37 335
26 33 812 126
26 34 419 74
26 35 198 327
26 36 664 413
26 37 495 179
26 38 728 71
26 39 620 298
26 40 975 70
26 41 332 221
27 22 166 405
27 23 833 27
27 32 873 157
27 33 823 126
27 34 1 344
27 35 82 131
27 36 155 288
27 37 965 129
27 38 529 383
27 39 117 260
27 40 819 189
27 41 158 93
28 23 286 142
28 24 891 83
28 32 380 268
28 33 413 261
28 34 602 294
28 35 127 415
28 36 114 329
28 37 59 337
28 38 92 410
28 39 33 317
28 40 938 244
28 41 408 298
29 24 858 28
29 32 373 312
29 33 955 110
29 34 130 383
29 35 965 377
29 36 461 145
29 37 777 347
29 38 639 91
29 39 484 49
29 40 577 117
29 41 840 197
30 23 224 331
30 32 7 300
30 33 276 328
30 34 153 366
30 35 613 162
30 36 79 33
30 37 406 18
30 38 582 150
30 39 369 376
30 40 481 273
30 41 459 349
31 23 36 133
31 32 587 224
31 33 766 56
31 34 17 368
31 35 267 350
31 36 667 173
31 37 232 306
31 38 206 404
31 39 961 299
31 40 474 19
31 41 84 353
32 33 128 345
32 34 394 120
32 37 969 5
33 32 128 42
33 34 16 405
33 38 563 117
33 40 779 313
33 41 686 289
33 42 298 86
33 43 210 276
33 44 332 293
33 45 205 231
33 46 626 190
33 47 845 305
33 48 539 313
33 49 687 45
33 50 372 136
33 51 183 1
34 32 394 227
34 33 16 386
34 35 803 396
34 37 471 202
34 41 312 45
34 42 224 303
34 43 151 326
34 44 111 68
34 45 895 230
34 46 1 28
34 47 209 203
34 48 277 394
34 49 284 369
34 50 727 47
34 51 406 182
35 34 803 104
35 42 376 149
35 43 343 27
35 44 651 117
35 45 136 97
35 46 963 47
35 47 532 365
35 48 174 96
35 49 59 268
35 50 255 185
35 51 240 350
36 42 181 215
36 43 458 277
36 44 919 396
36 45 242 122
36 46 485 57
36 47 925 235
36 48 157 288
36 49 552 82
36 50 518 357
36 51 322 135
37 32 969 256
37 34 471 66
37 42 829 273
37 43 112 243
37 44 221 177
37 45 711 324
37 46 442 253
37 47 470 262
37 48 935 93
37 49 959 8
37 50 277 136
37 51 895 317
38 33 563 156
38 42 474 333
38 43 886 186
38 44 277 412
38 45 54 172
38 46 708 18
38 47 242 111
38 48 843 224
38 49 384 34
38 50 151 298
38 51 52 251
39 42 763 192
39 43 532 165
39 44 778 193
39 45 487 8
39 46 890 141
39 47 283 275
39 48 635 412
39 49 348 117
39 50 279 313
39 51 828 104
40 33 779 61
40 42 631 43
40 43 75 91
40 44 893 337
40 45 852 370
40 46 591 210
40 47 400 275
40 48 280 172
40 49 502 372
40 50 791 316
40 51 104 373
41 33 686 43
41 34 312 303
41 42 873 236
41 43 958 261
41 44 754 375
41 45 693 144
41 46 337 220
41 47 978 302
41 48 239 93
41 49 233 156
41 50 458 13
41 51 845 387
42 43 780 253
42 44 912 390
42 45 140 169
42 48 809 108
42 50 745 146
42 51 876 249
43 42 780 338
43 44 463 210
43 45 558 160
43 49 360 399
43 50 656 6
43 52 394 188
43 53 411 385
43 54 238 132
43 55 465 22
43 56 348 125
43 57 473 181
43 58 214 44
43 59 876 166
43 60 314 402
43 61 880 295
44 42 912 217
44 43 463 36
44 45 303 180
44 49 868 198
44 51 951 49
44 52 400 292
44 53 630 13
44 54 919 134
44 55 965 273
44 56 5 10
44 57 405 387
44 58 597 203
44 59 692 87
44 60 69 284
44 61 847 316
45 42 140 215
45 43 558 296
45 44 303 106
45 52 442 67
45 53 462 125
45 54 137 283
45 55 663 58
45 56 718 378
45 57 873 235
45 58 300 129
45 59 813 156
45 60 794 304
45 61 701 380
46 52 565 88
46 53 580 261
46 54 404 337
46 55 753 22
46 56 766 210
46 57 199 305
46 58 582 275
46 59 623 153
46 60 229 282
46 61 697 347
47 52 428 204
47 53 153 224
47 54 828 168
47 55 81 15
47 56 471 249
47 57 488 295
47 58 849 240
47 59 652 230
47 60 981 209
47 61 359 208
48 42 809 313
48 52 900 299
48 53 206 7
48 54 131 376
48 55 223 413
48 56 245 145
48 57 367 298
48 58 129 134
48 59 29 364
48 60 487 58
48 61 449 288
49 43 360 168
49 44 868 61
49 52 42 33
49 53 660 38
49 54 332 231
49 55 851 241
49 56 543 10
49 57 729 336
49 58 543 353
49 59 691 393
49 60 220 166
49 61 130 346
50 42 745 348
50 43 656 416
50 52 744 313
50 53 771 413
50 54 510 353
50 55 141 288
50 56 215 334
50 57 470 344
50 58 848 273
50 59 950 379
50 60 786 17
50 61 160 395
51 42 876 273
51 44 951 235
51 52 887 101
51 53 482 331
51 54 121 103
51 55 342 415
51 56 181 62
51 57 163 77
51 58 276 124
51 59 983 128
51 60 856 386
51 61 782 135
52 53 249 209
52 54 795 96
52 56 231 86
52 57 841 94
52 61 732 87
53 52 249 362
53 54 761 132
53 55 651 52
53 59 541 175
53 62 234 217
53 63 410 220
53 64 987 268
53 65 939 290
53 66 748 103
53 67 520 278
53 68 260 147
53 69 134 186
53 70 201 392
53 71 886 286
54 52 795 379
54 53 761 353
54 60 989 142
54 61 869 123
54 62 75 20
54 63 488 279
54 64 553 92
54 65 236 306
54 66 479 393
54 67 756 308
54 68 357 339
54 69 611 103
54 70 576 385
54 71 467 137
55 53 651 149
55 62 347 264
55 63 197 125
55 64 587 123
55 65 846 159
55 66 583 193
55 67 857 95
55 68 423 275
55 69 658 406
55 70 176 296
55 71 718 39
56 52 231 317
56 62 495 367
56 63 901 369
56 64 594 60
56 65 719 135
56 66 774 269
56 67 448 309
56 68 773 111
56 69 571 304
56 70 325 334
56 71 660 142
57 52 841 328
57 62 864 156
57 63 56 325
57 64 293 177
57 65 270 53
57 66 376 95
57 67 802 410
57 68 819 386
57 69 252 235
57 70 397 57
57 71 123 256
58 62 602 47
58 63 305 388
58 64 164 90
58 65 205 144
58 66 813 373
58 67 689 312
58 68 21 202
58 69 89 191
58 70 975 116
58 71 494 102
59 53 541 9
59 62 693 191
59 63 350 351
59 64 44 135
59 65 689 412
59 66 296 24
59 67 749 118
59 68 434 136
59 69 613 236
59 70 254 234
59 71 607 392
60 54 989 380
60 62 872 332
60 63 321 279
60 64 942 286
60 65 903 242
60 66 801 365
60 67 45 130
60 68 702 87
60 69 757 377
60 70 419 385
60 71 402 77
61 52 732 295
61 54 869 8
61 62 626 349
61 63 457 282
61 64 70 403
61 65 762 409
61 66 400 173
61 67 673 181
61 68 697 144
61 69 904 402
61 70 619 249
61 71 705 193
62 63 137 225
62 64 714 265
62 66 199 381
62 71 564 173
63 62 137 167
63 64 926 199
63 67 751 177
63 69 711 280
63 71 933 186
63 72 358 209
63 73 459 101
63 74 144 322
63 75 502 218
63 76 949 5
63 77 61 181
63 78 35 366
63 79 656 358
63 80 702 354
63 81 293 383
64 62 714 343
64 63 926 290
64 65 216 283
64 67 95 67
64 68 675 319
64 69 7 320
64 70 35 71
64 72 506 403
64 73 773 220
64 74 325 230
64 75 643 192
64 76 186 108
64 77 409 150
64 78 659 235
64 79 374 151
64 80 890 11
64 81 929 307
65 64 216 63
65 72 682 22
65 73 350 47
65 74 612 183
65 75 435 371
65 76 732 199
65 77 252 131
65 78 818 319
65 79 379 91
65 80 81 26
65 81 983 377
66 62 199 162
66 72 421 253
66 73 456 61
66 74 492 406
66 75 321 265
66 76 281 99
66 77 119 278
66 78 701 238
66 79 271 214
66 80 101 234
66 81 750 169
67 63 751 33
67 64 95 139
67 72 862 29
67 73 959 124
67 74 336 351
67 75 255 254
67 76 654 33
67 77 376 408
67 78 272 359
67 79 428 374
67 80 10 311
67 81 343 194
68 64 675 374
68 72 38 23
68 73 28 74
68 74 24 247
68 75 137 209
68 76 710 292
68 77 831 134
68 78 425 72
68 79 987 135
68 80 705 143
68 81 342 242
69 63 711 240
69 64 7 247
69 72 921 2
69 73 79 291
69 74 216 240
69 75 671 366
69 76 496 378
69 77 910 307
69 78 460 226
69 79 127 312
69 80 221 161
69 81 701 51
70 64 35 220
70 72 208 178
70 73 859 47
70 74 670 395
70 75 272 204
70 76 995 34
70 77 164 374
70 78 549 50
70 79 151 136
70 80 180 56
70 81 657 375
71 62 564 6
71 63 933 8
71 72 789 201
71 73 327 370
71 74 13 396
71 75 719 188
71 76 74 96
71 77 819 29
71 78 276 164
71 79 972 24
71 80 906 162
71 81 454 322
72 73 146 293
72 74 478 302
72 80 795 140
72 81 521 250
73 72 146 140
73 74 696 372
73 77 780 86
73 79 775 344
73 81 961 105
73 82 103 31
73 83 520 137
73 84 942 175
73 85 434 109
73 86 839 97
73 87 656 263
73 88 668 151
73 89 982 127
73 90 323 192
73 91 831 333
74 72 478 172
74 73 696 193
74 77 388 29
74 79 574 354
74 80 499 284
74 82 181 272
74 83 437 131
74 84 549 212
74 85 502 45
74 86 715 49
74 87 720 405
74 88 438 344
74 89 88 291
74 90 578 191
74 91 12 186
75 82 195 110
75 83 228 47
75 84 408 129
75 85 802 155
75 86 962 75
75 87 941 146
75 88 131 65
75 89 294 397
75 90 848 241
75 91 577 223
76 82 740 47
76 83 248 263
76 84 133 78
76 85 987 329
76 86 582 178
76 87 88 73
76 88 152 50
76 89 880 35
76 90 432 378
76 91 968 32
77 73 780 14
77 74 388 181
77 82 193 85
77 83 198 180
77 84 347 339
77 85 503 276
77 86 387 149
77 87 46 165
77 88 962 153
77 89 437 30
77 90 978 383
77 91 890 326
78 82 544 408
78 83 265 62
78 84 611 297
78 85 126 254
78 86 124 108
78 87 605 348
78 88 531 82
78 89 953 328
78 90 254 43
78 91 225 278
79 73 775 212
79 74 574 90
79 82 919 294
79 83 992 324
79 84 763 271
79 85 379 204
79 86 359 192
79 87 279 73
79 88 611 330
79 89 801 87
79 90 741 398
79 91 992 8
80 72 795 73
80 74 499 306
80 82 689 235
80 83 812 374
80 84 331 244
80 85 900 183
80 86 235 306
80 87 139 2
80 88 142 188
80 89 783 111
80 90 430 402
80 91 398 327
81 72 521 34
81 73 961 210
81 82 642 118
81 83 523 291
81 84 882 274
81 85 771 319
81 86 306 168
81 87 824 351
81 88 548 289
81 89 324 262
81 90 23 254
81 91 725 78
82 83 722 159
82 84 584 73
82 87 825 324
82 88 507 257
82 89 241 398
83 82 722 321
83 84 9 36
83 86 84 407
83 91 95 393
83 92 420 308
83 93 790 136
83 94 207 11
83 95 535 274
83 96 848 99
83 97 754 53
83 98 748 174
83 99 602 103
83 100 588 217
83 101 17 133
84 82 584 158
84 83 9 339
84 86 203 184
84 87 896 329
84 89 279 114
84 90 548 241
84 92 747 32
84 93 935 281
84 94 725 333
84 95 643 303
84 96 177 170
84 97 647 391
84 98 753 256
84 99 62 36
84 100 889 360
84 101 125 16
85 92 437 75
85 93 83 382
85 94 648 13
85 95 321 366
85 96 754 133
85 97 267 39
85 98 706 258
85 99 191 172
85 100 414 320
85 101 759 217
86 83 84 47
86 84 203 147
86 92 261 360
86 93 283 116
86 94 498 70
86 95 121 272
86 96 113 137
86 97 989 107
86 98 270 126
86 99 364 220
86 100 437 27
86 101 746 138
87 82 825 118
87 84 896 182
87 92 183 244
87 93 468 18
87 94 124 11
87 95 319 292
87 96 143 31
87 97 543 264
87 98 245 202
87 99 559 48
87 100 793 239
87 101 198 223
88 82 507 176
88 92 40 302
88 93 549 239
88 94 298 3
88 95 597 153
88 96 398 330
88 97 783 280
88 98 759 43
88 99 708 180
88 100 386 239
88 101 719 18
89 82 241 26
89 84 279 200
89 92 332 392
89 93 159 67
89 94 678 158
89 95 417 210
89 96 418 292
89 97 627 56
89 98 997 88
89 99 631 159
89 100 13 380
89 101 910 273
90 84 548 302
90 92 79 371
90 93 642 180
90 94 784 38
90 95 617 239
90 96 757 145
90 97 835 161
90 98 249 348
90 99 777 328
90 100 453 3
90 101 900 392
91 83 95 11
91 92 591 261
91 93 587 210
91 94 722 180
91 95 581 200
91 96 553 281
91 97 55 290
91 98 859 224
91 99 498 323
91 100 647 371
91 101 672 133
92 93 192 248
92 94 843 392
92 95 624 45
92 96 545 78
92 97 67 366
92 98 288 109
92 99 828 386
93 92 192 202
93 94 12 200
93 96 328 307
93 98 840 366
93 102 662 357
93 103 370 90
93 104 80 42
93 105 630 317
93 106 340 2
93 107 592 143
93 108 714 114
93 109 471 64
93 110 673 179
93 111 997 298
94 92 843 132
94 93 12 208
94 95 691 63
94 96 654 131
94 98 121 143
94 102 339 261
94 103 905 307
94 104 326 148
94 105 513 292
94 106 928 315
94 107 404 152
94 108 546 38
94 109 777 313
94 110 402 413
94 111 431 35
95 92 624 345
95 94 691 219
95 102 518 358
95 103 396 61
95 104 606 135
95 105 399 274
95 106 451 130
95 107 431 380
95 108 209 376
95 109 341 201
95 110 205 122
95 111 30 197
96 92 545 214
96 93 328 71
96 94 654 201
96 102 128 296
96 103 647 151
96 104 263 292
96 105 780 131
96 106 747 286
96 107 648 143
96 108 887 406
96 109 420 153
96 110 43 302
96 111 477 400
97 92 67 172
97 102 190 97
97 103 520 299
97 104 838 273
97 105 124 30
97 106 37 164
97 107 374 315
97 108 779 291
97 109 41 277
97 110 587 48
97 111 505 125
98 92 288 407
98 93 840 1
98 94 121 216
98 102 849 401
98 103 445 45
98 104 745 82
98 105 244 373
98 106 808 216
98 107 733 247
98 108 291 330
98 109 59 153
98 110 921 413
98 111 50 357
99 92 828 305
99 102 263 102
99 103 554 18
99 104 34 46
99 105 343 197
99 106 603 26
99 107 161 135
99 108 857 154
99 109 928 110
99 110 846 353
99 111 617 130
100 102 652 288
100 103 716 2
100 104 30 184
100 105 132 210
100 106 367 252
100 107 590 62
100 108 92 258
100 109 901 276
100 110 387 383
100 111 834 161
101 102 7 170
101 103 352 7
101 104 917 147
101 105 702 367
101 106 36 179
101 107 652 128
101 108 202 66
101 109 770 258
101 110 83 33
101 111 111 50
102 103 177 290
102 104 575 249
102 106 533 293
102 107 691 44
102 109 462 305
102 110 456 17
103 102 177 312
103 104 922 82
103 106 900 108
103 107 913 126
103 108 137 271
103 110 275 316
103 112 675 331
103 113 559 194
103 114 283 404
103 115 778 113
103 116 239 83
103 117 349 229
103 118 733 127
103 119 195 386
103 120 903 99
103 121 606 386
104 102 575 169
104 103 922 299
104 107 793 354
104 110 198 344
104 112 274 37
104 113 360 104
104 114 426 394
104 115 718 335
104 116 634 147
104 117 360 395
104 118 792 92
104 119 453 33
104 120 70 371
104 121 19 77
105 112 382 211
105 113 697 51
105 114 525 323
105 115 125 306
105 116 935 234
105 117 275 150
105 118 261 282
105 119 246 343
105 120 148 61
105 121 967 265
106 102 533 366
106 103 900 322
106 112 370 214
106 113 596 248
106 114 928 398
106 115 943 271
106 116 224 252
106 117 542 226
106 118 819 113
106 119 817 300
106 120 266 336
106 121 184 124
107 102 691 6
107 103 913 336
107 104 793 46
107 112 184 99
107 113 355 73
107 114 96 76
107 115 849 177
107 116 535 307
107 117 194 271
107 118 164 210
107 119 338 136
107 120 623 18
107 121 829 346
108 103 137 36
108 112 606 29
108 113 892 177
108 114 372 82
108 115 149 101
108 116 614 378
108 117 443 181
108 118 674 413
108 119 378 314
108 120 321 312
108 121 832 269
109 102 462 278
109 112 325 264
109 113 26 174
109 114 525 338
109 115 87 37
109 116 225 392
109 117 651 337
109 118 796 307
109 119 960 412
109 120 629 159
109 121 864 300
110 102 456 338
110 103 275 88
110 104 198 186
110 112 118 334
110 113 305 336
110 114 275 153
110 115 502 411
110 116 817 340
110 117 734 181
110 118 81 405
110 119 414 287
110 120 634 91
110 121 222 187
111 112 679 392
111 113 367 286
111 114 665 382
111 115 617 278
111 116 654 327
111 117 336 410
111 118 31 222
111 119 12 334
111 120 708 81
111 121 883 329
112 113 799 197
112 114 825 407
112 115 234 344
112 116 943 113
112 117 945 397
112 118 712 355
112 121 317 40
113 112 799 98
113 114 564 298
113 118 607 93
113 119 799 311
113 121 152 369
113 122 801 176
113 123 999 374
113 124 672 4
113 125 664 235
113 126 859 4
113 127 631 388
113 128 733 269
113 129 339 207
113 130 469 390
113 131 747 379
114 112 825 197
114 113 564 271
114 116 161 173
114 118 504 11
114 119 142 342
114 121 168 285
114 122 779 55
114 123 838 369
114 124 769 355
114 125 850 38
114 126 778 263
114 127 387 239
114 128 150 107
114 129 695 411
114 130 443 189
114 131 408 271
115 112 234 43
115 122 191 365
115 123 982 141
115 124 735 34
115 125 631 65
115 126 130 107
115 127 930 95
115 128 456 74
115 129 601 384
115 130 828 384
115 131 153 131
116 112 943 193
116 114 161 407
116 122 663 342
116 123 633 353
116 124 955 3
116 125 777 372
116 126 193 374
116 127 183 360
116 128 392 11
116 129 394 43
116 130 187 154
116 131 716 409
117 112 945 37
117 122 692 277
117 123 219 276
117 124 712 416
117 125 96 98
117 126 787 261
117 127 864 167
117 128 629 103
117 129 585 43
117 130 423 196
117 131 806 391
118 112 712 68
118 113 607 326
118 114 504 228
118 122 408 109
118 123 685 89
118 124 527 51
118 125 716 395
118 126 688 393
118 127 259 341
118 128 59 258
118 129 292 118
118 130 575 396
118 131 297 385
119 113 799 341
119 114 142 61
119 122 505 356
119 123 454 133
119 124 819 109
119 125 254 337
119 126 728 314
119 127 369 323
119 128 718 34
119 129 249 130
119 130 255 184
119 131 644 279
120 122 800 251
120 123 971 403
120 124 607 261
120 125 365 125
120 126 573 199
120 127 234 356
120 128 971 286
120 129 376 193
120 130 484 177
120 131 929 186
121 112 317 272
121 113 152 108
121 114 168 294
121 122 449 130
121 123 495 233
121 124 999 94
121 125 997 1
121 126 495 76
121 127 469 215
121 128 399 281
121 129 443 156
121 130 665 145
121 131 700 215
122 123 41 416
122 124 616 87
123 122 41 85
123 124 112 135
123 125 345 176
123 129 323 53
123 132 321 218
123 133 743 36
123 134 16 177
123 135 486 79
123 136 527 338
123 137 262 197
123 138 188 387
123 139 505 68
123 140 330 208
123 141 349 153
124 122 616 41
124 123 112 95
124 125 618 81
124 126 365 80
124 128 661 38
124 129 988 114
124 132 430 274
124 133 643 312
124 134 51 213
124 135 318 277
124 136 592 395
124 137 842 259
124 138 695 94
124 139 542 87
124 140 828 11
124 141 580 388
125 123 345 372
125 124 618 291
125 132 799 268
125 133 176 66
125 134 904 86
125 135 155 105
125 136 20 200
125 137 316 130
125 138 739 366
125 139 99 343
125 140 722 187
125 141 969 131
126 124 365 333
126 132 879 63
126 133 102 95
126 134 896 337
126 135 117 249
126 136 560 227
126 137 18 96
126 138 170 140
126 139 971 320
126 140 485 244
126 141 153 373
127 132 373 230
127 133 495 11
127 134 816 65
127 135 297 83
127 136 312 339
127 137 21 318
127 138 119 229
127 139 783 371
127 140 336 152
127 141 686 361
128 124 661 329
128 132 686 118
128 133 112 85
128 134 6 389
128 135 672 165
128 136 985 248
128 137 430 134
128 138 604 314
128 139 256 29
128 140 39 178
128 141 433 290
129 123 323 332
129 124 988 172
129 132 429 104
129 133 860 2
129 134 514 45
129 135 311 153
129 136 206 183
129 137 412 291
129 138 395 179
129 139 352 121
129 140 197 335
129 141 1000 86
130 132 903 250
130 133 519 344
130 134 991 77
130 135 511 304
130 136 675 173
130 137 295 105
130 138 54 215
130 139 161 397
130 140 828 242
130 141 220 146
131 132 893 94
131 133 353 88
131 134 355 309
131 135 342 374
131 136 597 131
131 137 461 262
131 138 234 194
131 139 474 229
131 140 284 308
131 141 133 8
132 133 659 201
132 134 96 254
132 136 262 156
132 138 626 324
132 139 12 13
132 141 207 170
133 132 659 249
133 134 434 100
133 137 966 31
133 138 323 19
133 140 26 175
133 142 785 173
133 143 560 281
133 144 954 210
133 145 123 247
133 146 904 279
133 147 321 248
133 148 804 71
133 149 712 267
133 150 929 145
133 151 221 91
134 132 96 268
134 133 434 189
134 135 486 339
134 136 157 124
134 138 531 133
134 139 231 113
134 141 997 243
134 142 271 77
134 143 369 140
134 144 892 416
134 145 487 410
134 146 693 377
134 147 312 77
134 148 924 241
134 149 609 412
134 150 363 264
134 151 363 244
135 134 486 404
135 142 636 106
135 143 461 205
135 144 369 146
135 145 445 212
135 146 830 190
135 147 519 41
135 148 448 1
135 149 113 25
135 150 596 284
135 151 622 111
136 132 262 221
136 134 157 63
136 142 984 168
136 143 168 169
136 144 605 366
136 145 723 51
136 146 484 113
136 147 595 108
136 148 162 78
136 149 543 369
136 150 673 324
136 151 660 382
137 133 966 277
137 142 127 252
137 143 70 396
137 144 343 314
137 145 451 333
137 146 976 389
137 147 468 108
137 148 697 200
137 149 832 319
137 150 305 233
137 151 84 363
138 132 626 76
138 133 323 256
138 134 531 410
138 142 764 30
138 143 666 130
138 144 495 361
138 145 653 50
138 146 375 294
138 147 633 25
138 148 677 101
138 149 817 155
138 150 669 249
138 151 914 16
139 132 12 38
139 134 231 402
139 142 154 264
139 143 459 134
139 144 890 231
139 145 236 259
139 146 470 61
139 147 159 138
139 148 1 114
139 149 623 25
139 150 989 107
139 151 760 32
140 133 26 112
140 142 449 355
140 143 330 35
140 144 669 330
140 145 634 399
140 146 897 136
140 147 23 61
140 148 915 299
140 149 487 80
140 150 332 115
140 151 221 356
141 132 207 147
141 134 997 289
141 142 747 105
141 143 135 124
141 144 647 378
141 145 102 269
141 146 964 322
141 147 25 329
141 148 250 69
141 149 6 195
141 150 866 213
141 151 616 61
142 143 708 67
142 144 596 135
142 147 438 110
142 148 719 360
142 149 741 413
142 151 721 359
142 152 407 142
143 142 708 187
143 144 462 317
143 145 232 155
143 146 637 177
143 148 970 232
143 150 836 258
143 151 209 192
143 152 780 71
144 142 596 138
144 143 462 237
144 146 565 35
144 148 320 204
144 149 58 202
144 150 386 54
144 152 51 236
145 143 232 259
145 152 879 299
146 143 637 201
146 144 565 246
146 152 635 340
147 142 438 158
147 152 124 279
148 142 719 317
148 143 970 135
148 144 320 194
148 152 850 327
149 142 741 397
149 144 58 356
149 152 13 164
150 143 836 393
150 144 386 92
150 152 925 222
151 142 721 381
151 143 209 300
151 152 927 349
