152 1420 1 152 7 355
1 2 712 190
1 3 106 330
1 4 344 130
1 5 595 320
1 6 394 251
1 7 317 81
1 8 843 219
1 9 568 52
1 10 982 119
1 11 964 141
2 12 999 307
2 13 672 228
2 14 753 47
2 15 452 182
2 16 462 150
2 17 998 193
2 18 233 35
2 19 246 46
2 20 259 90
2 21 837 172
3 12 33 204
3 13 97 20
3 14 310 219
3 15 574 10
3 16 812 166
3 17 874 108
3 18 607 226
3 19 288 11
3 20 190 306
3 21 595 13
4 12 399 301
4 13 43 229
4 14 891 193
4 15 537 83
4 16 131 280
4 17 257 328
4 18 188 222
4 19 921 218
4 20 113 311
4 21 271 22
5 12 218 49
5 13 947 114
5 14 632 340
5 15 75 142
5 16 679 234
5 17 104 278
5 18 993 307
5 19 192 87
5 20 25 259
5 21 782 75
6 12 324 14
6 13 648 147
6 14 500 199
6 15 761 124
6 16 499 2
6 17 436 136
6 18 698 17
6 19 79 10
6 20 703 71
6 21 34 193
7 12 981 317
7 13 721 175
7 14 464 74
7 15 721 289
7 16 330 258
7 17 275 3
7 18 196 160
7 19 541 226
7 20 472 51
7 21 881 199
8 12 163 175
8 13 239 347
8 14 429 209
8 15 990 53
8 16 958 250
8 17 991 175
8 18 457 98
8 19 662 259
8 20 832 215
8 21 895 225
9 12 785 268
9 13 100 250
9 14 399 229
9 15 653 180
9 16 914 302
9 17 404 253
9 18 638 74
9 19 664 227
9 20 725 130
9 21 596 80
10 12 330 12
10 13 897 210
10 14 25 11
10 15 886 228
10 16 879 208
10 17 834 296
10 18 755 148
10 19 131 119
10 20 457 214
10 21 714 18
11 12 350 125
11 13 34 78
11 14 299 211
11 15 578 123
11 16 267 21
11 17 154 148
11 18 536 212
11 19 327 8
11 20 948 136
11 21 440 275
12 22 606 20
12 23 362 142
12 24 692 128
12 25 698 314
12 26 180 316
12 27 876 211
12 28 743 350
12 29 340 135
12 30 517 130
12 31 388 276
13 22 177 57
13 23 508 160
13 24 872 7
13 25 23 24
13 26 472 216
13 27 766 200
13 28 366 225
13 29 237 230
13 30 9 81
13 31 560 198
14 22 832 89
14 23 273 321
14 24 705 316
14 25 327 258
14 26 780 221
14 27 616 210
14 28 208 217
14 29 229 204
14 30 40 115
14 31 860 351
15 22 613 235
15 23 135 55
15 24 374 92
15 25 564 287
15 26 309 291
15 27 879 154
15 28 688 76
15 29 503 330
15 30 139 348
15 31 679 259
16 22 52 91
16 23 544 198
16 24 279 132
16 25 501 95
16 26 661 69
16 27 788 326
16 28 121 224
16 29 562 328
16 30 467 60
16 31 951 39
17 22 683 354
17 23 302 220
17 24 570 289
17 25 304 54
17 26 359 14
17 27 600 340
17 28 313 127
17 29 454 95
17 30 915 63
17 31 41 25
18 22 512 300
18 23 918 267
18 24 719 68
18 25 29 162
18 26 257 32
18 27 685 238
18 28 522 245
18 29 490 54
18 30 118 249
18 31 639 84
19 22 299 132
19 23 525 148
19 24 886 227
19 25 798 33
19 26 568 86
19 27 206 257
19 28 953 320
19 29 149 44
19 30 206 261
19 31 518 292
20 22 550 253
20 23 250 296
20 24 176 136
20 25 42 223
20 26 407 137
20 27 755 263
20 28 156 309
20 29 244 82
20 30 163 291
20 31 793 41
21 22 155 351
21 23 226 232
21 24 51 286
21 25 833 59
21 26 234 135
21 27 440 308
21 28 802 207
21 29 293 57
21 30 546 41
21 31 956 104
22 32 812 258
22 33 769 169
22 34 751 342
22 35 540 62
22 36 432 104
22 37 86 238
22 38 539 213
22 39 355 4
22 40 128 334
22 41 121 178
23 32 599 22
23 33 424 71
23 34 575 354
23 35 945 203
23 36 287 212
23 37 678 104
23 38 710 299
23 39 470 315
23 40 716 104
23 41 104 16
24 32 693 135
24 33 670 28
24 34 857 187
24 35 953 84
24 36 553 123
24 37 607 138
24 38 501 293
24 39 233 7
24 40 511 5
24 41 892 225
25 32 826 130
25 33 499 288
25 34 436 29
25 35 359 240
25 36 192 240
25 37 951 125
25 38 388 9
25 39 359 42
25 40 542 129
25 41 970 144
26 32 155 302
26 33 425 139
26 34 135 25
26 35 600 254
26 36 462 308
26 37 792 270
26 38 239 238
26 39 863 352
26 40 990 78
26 41 894 101
27 32 362 322
27 33 81 227
27 34 935 187
27 35 447 157
27 36 817 62
27 37 521 257
27 38 415 262
27 39 221 295
27 40 552 219
27 41 636 316
28 32 154 80
28 33 573 203
28 34 346 74
28 35 863 133
28 36 593 127
28 37 945 271
28 38 406 339
28 39 358 14
28 40 590 119
28 41 381 140
29 32 619 226
29 33 864 99
29 34 266 34
29 35 549 310
29 36 654 62
29 37 613 219
29 38 935 21
29 39 200 71
29 40 526 266
29 41 593 24
30 32 489 113
30 33 778 186
30 34 486 202
30 35 574 14
30 36 309 345
30 37 738 121
30 38 207 4
30 39 284 76
30 40 241 168
30 41 587 348
31 32 851 317
31 33 447 5
31 34 35 119
31 35 623 36
31 36 763 38
31 37 28 226
31 38 28 274
31 39 105 36
31 40 796 199
31 41 401 163
32 42 904 178
32 43 436 297
32 44 164 251
32 45 65 54
32 46 975 104
32 47 56 78
32 48 272 8
32 49 767 177
32 50 973 183
32 51 263 61
33 42 723 320
33 43 791 342
33 44 252 23
33 45 553 11
33 46 117 261
33 47 699 206
33 48 332 352
33 49 673 104
33 50 835 11
33 51 610 122
34 42 775 269
34 43 805 350
34 44 344 157
34 45 739 236
34 46 922 266
34 47 739 183
34 48 896 211
34 49 87 152
34 50 123 37
34 51 520 75
35 42 53 32
35 43 699 170
35 44 778 268
35 45 911 274
35 46 894 316
35 47 822 9
35 48 338 328
35 49 524 352
35 50 581 27
35 51 508 243
36 42 617 261
36 43 802 28
36 44 207 136
36 45 891 301
36 46 479 86
36 47 627 180
36 48 983 282
36 49 134 120
36 50 995 46
36 51 525 88
37 42 888 129
37 43 929 67
37 44 15 11
37 45 454 317
37 46 873 333
37 47 933 166
37 48 339 332
37 49 950 269
37 50 582 183
37 51 219 221
38 42 487 142
38 43 907 274
38 44 212 87
38 45 174 89
38 46 678 352
38 47 271 329
38 48 253 96
38 49 870 335
38 50 849 16
38 51 26 14
39 42 360 160
39 43 179 58
39 44 609 320
39 45 407 139
39 46 796 204
39 47 884 149
39 48 25 288
39 49 213 252
39 50 44 306
39 51 680 62
40 42 54 311
40 43 1 124
40 44 313 168
40 45 42 52
40 46 95 172
40 47 949 328
40 48 758 8
40 49 719 298
40 50 942 327
40 51 102 97
41 42 317 262
41 43 107 354
41 44 615 87
41 45 562 292
41 46 564 224
41 47 323 197
41 48 307 213
41 49 951 217
41 50 966 62
41 51 358 153
42 52 74 152
42 53 791 223
42 54 537 318
42 55 840 226
42 56 508 292
42 57 153 198
42 58 748 168
42 59 39 140
42 60 19 58
42 61 179 280
43 52 956 339
43 53 759 56
43 54 872 194
43 55 417 94
43 56 190 237
43 57 559 198
43 58 552 234
43 59 24 318
43 60 686 276
43 61 6 7
44 52 659 268
44 53 89 99
44 54 321 213
44 55 338 10
44 56 431 103
44 57 535 11
44 58 666 213
44 59 258 65
44 60 732 142
44 61 559 93
45 52 863 257
45 53 166 261
45 54 549 68
45 55 149 15
45 56 416 47
45 57 202 114
45 58 39 314
45 59 95 182
45 60 880 286
45 61 296 276
46 52 895 235
46 53 666 276
46 54 959 339
46 55 217 42
46 56 123 4
46 57 800 242
46 58 190 229
46 59 749 87
46 60 36 319
46 61 885 311
47 52 797 282
47 53 911 81
47 54 740 47
47 55 601 327
47 56 840 5
47 57 854 162
47 58 429 43
47 59 764 328
47 60 776 189
47 61 18 46
48 52 84 160
48 53 869 24
48 54 881 11
48 55 158 350
48 56 173 263
48 57 879 182
48 58 566 154
48 59 316 45
48 60 824 100
48 61 212 238
49 52 456 1
49 53 741 212
49 54 715 198
49 55 799 25
49 56 715 326
49 57 194 241
49 58 433 58
49 59 850 61
49 60 344 141
49 61 333 97
50 52 505 76
50 53 720 250
50 54 672 298
50 55 490 14
50 56 393 161
50 57 608 86
50 58 106 135
50 59 504 166
50 60 541 242
50 61 553 217
51 52 430 175
51 53 174 236
51 54 131 168
51 55 124 169
51 56 250 29
51 57 176 152
51 58 987 34
51 59 285 231
51 60 753 14
51 61 894 185
52 62 75 38
52 63 826 144
52 64 201 250
52 65 652 174
52 66 21 28
52 67 113 161
52 68 32 237
52 69 42 224
52 70 173 19
52 71 939 243
53 62 204 50
53 63 804 265
53 64 46 287
53 65 54 174
53 66 419 166
53 67 966 257
53 68 519 161
53 69 932 285
53 70 749 309
53 71 77 22
54 62 370 5
54 63 926 52
54 64 12 295
54 65 556 13
54 66 100 282
54 67 784 59
54 68 385 277
54 69 709 189
54 70 253 111
54 71 185 188
55 62 846 260
55 63 167 235
55 64 765 241
55 65 114 245
55 66 423 17
55 67 505 244
55 68 857 5
55 69 475 214
55 70 522 42
55 71 760 109
56 62 596 223
56 63 18 132
56 64 872 191
56 65 423 279
56 66 25 217
56 67 504 118
56 68 71 80
56 69 164 336
56 70 37 102
56 71 826 218
57 62 765 245
57 63 774 13
57 64 376 257
57 65 225 105
57 66 261 162
57 67 524 351
57 68 837 231
57 69 116 80
57 70 474 75
57 71 360 160
58 62 349 211
58 63 172 125
58 64 343 208
58 65 403 286
58 66 170 275
58 67 87 57
58 68 57 58
58 69 638 81
58 70 325 28
58 71 723 280
59 62 372 63
59 63 354 25
59 64 27 14
59 65 527 89
59 66 676 40
59 67 179 203
59 68 645 275
59 69 846 130
59 70 267 268
59 71 414 305
60 62 248 296
60 63 480 74
60 64 277 113
60 65 143 326
60 66 574 118
60 67 458 324
60 68 590 136
60 69 182 331
60 70 125 339
60 71 276 225
61 62 19 162
61 63 566 134
61 64 200 22
61 65 330 216
61 66 75 317
61 67 252 156
61 68 441 210
61 69 652 243
61 70 123 103
61 71 426 188
62 72 493 163
62 73 794 143
62 74 743 260
62 75 355 335
62 76 210 315
62 77 790 109
62 78 174 26
62 79 55 212
62 80 858 189
62 81 841 147
63 72 322 187
63 73 389 353
63 74 911 108
63 75 105 118
63 76 880 281
63 77 642 343
63 78 253 268
63 79 954 258
63 80 107 315
63 81 280 32
64 72 318 322
64 73 618 53
64 74 795 214
64 75 224 189
64 76 840 78
64 77 560 242
64 78 731 287
64 79 441 228
64 80 997 276
64 81 42 38
65 72 857 154
65 73 40 344
65 74 488 52
65 75 796 24
65 76 102 136
65 77 406 267
65 78 259 304
65 79 22 238
65 80 632 77
65 81 557 222
66 72 670 289
66 73 199 109
66 74 473 234
66 75 370 201
66 76 694 231
66 77 331 164
66 78 763 333
66 79 423 241
66 80 70 297
66 81 486 232
67 72 119 337
67 73 653 46
67 74 265 186
67 75 260 124
67 76 909 125
67 77 572 208
67 78 402 301
67 79 421 347
67 80 368 286
67 81 543 292
68 72 563 64
68 73 248 298
68 74 276 217
68 75 137 126
68 76 771 253
68 77 737 67
68 78 42 171
68 79 236 27
68 80 492 315
68 81 364 47
69 72 598 227
69 73 660 216
69 74 700 139
69 75 7 144
69 76 881 136
69 77 294 327
69 78 943 294
69 79 472 124
69 80 434 141
69 81 252 67
70 72 932 290
70 73 907 121
70 74 23 262
70 75 62 146
70 76 562 160
70 77 415 168
70 78 581 65
70 79 531 162
70 80 843 274
70 81 563 319
71 72 781 203
71 73 985 352
71 74 664 283
71 75 385 20
71 76 131 104
71 77 61 350
71 78 162 351
71 79 25 147
71 80 197 184
71 81 112 153
72 82 918 348
72 83 38 131
72 84 335 95
72 85 450 268
72 86 44 342
72 87 126 274
72 88 657 107
72 89 731 62
72 90 574 328
72 91 422 78
73 82 309 300
73 83 345 273
73 84 553 11
73 85 49 339
73 86 681 6
73 87 564 277
73 88 696 175
73 89 915 354
73 90 972 336
73 91 221 334
74 82 713 275
74 83 136 54
74 84 779 103
74 85 119 305
74 86 335 337
74 87 462 95
74 88 466 191
74 89 459 186
74 90 763 62
74 91 641 205
75 82 379 206
75 83 678 132
75 84 751 79
75 85 752 342
75 86 239 315
75 87 815 132
75 88 212 238
75 89 742 233
75 90 804 134
75 91 41 47
76 82 235 8
76 83 352 152
76 84 390 236
76 85 219 246
76 86 276 59
76 87 945 39
76 88 213 90
76 89 499 5
76 90 725 70
76 91 577 15
77 82 68 225
77 83 214 5
77 84 481 22
77 85 745 348
77 86 84 138
77 87 662 11
77 88 53 34
77 89 712 309
77 90 656 337
77 91 534 17
78 82 584 77
78 83 278 157
78 84 861 59
78 85 884 50
78 86 850 29
78 87 351 132
78 88 943 197
78 89 444 84
78 90 395 297
78 91 696 70
79 82 714 114
79 83 143 186
79 84 650 324
79 85 82 13
79 86 428 128
79 87 227 87
79 88 97 276
79 89 107 160
79 90 163 175
79 91 736 122
80 82 501 73
80 83 838 91
80 84 733 247
80 85 743 261
80 86 680 90
80 87 82 47
80 88 883 234
80 89 185 266
80 90 192 279
80 91 189 126
81 82 96 180
81 83 989 135
81 84 775 239
81 85 790 119
81 86 132 257
81 87 98 197
81 88 578 299
81 89 591 316
81 90 425 260
81 91 633 211
82 92 320 184
82 93 12 311
82 94 188 321
82 95 861 79
82 96 839 82
82 97 318 149
82 98 790 213
82 99 698 316
82 100 253 149
82 101 291 10
83 92 867 12
83 93 622 227
83 94 658 48
83 95 128 102
83 96 87 153
83 97 274 203
83 98 608 7
83 99 152 50
83 100 660 152
83 101 627 344
84 92 231 171
84 93 312 288
84 94 543 194
84 95 144 221
84 96 958 127
84 97 903 169
84 98 26 199
84 99 350 272
84 100 64 21
84 101 923 262
85 92 749 330
85 93 448 69
85 94 57 341
85 95 20 214
85 96 730 234
85 97 128 177
85 98 816 101
85 99 624 84
85 100 397 169
85 101 82 208
86 92 364 311
86 93 508 104
86 94 685 336
86 95 512 332
86 96 235 165
86 97 586 36
86 98 482 227
86 99 673 286
86 100 713 113
86 101 721 72
87 92 786 259
87 93 525 34
87 94 390 118
87 95 346 155
87 96 65 153
87 97 419 289
87 98 513 354
87 99 241 145
87 100 741 302
87 101 706 269
88 92 792 63
88 93 895 141
88 94 30 134
88 95 219 247
88 96 78 118
88 97 566 81
88 98 343 102
88 99 153 34
88 100 770 96
88 101 912 193
89 92 345 264
89 93 99 344
89 94 602 152
89 95 567 141
89 96 68 283
89 97 688 65
89 98 502 340
89 99 20 109
89 100 957 345
89 101 433 119
90 92 859 245
90 93 129 292
90 94 470 69
90 95 743 255
90 96 586 136
90 97 102 196
90 98 929 27
90 99 481 65
90 100 432 37
90 101 403 171
91 92 913 266
91 93 540 152
91 94 2 22
91 95 670 179
91 96 983 329
91 97 232 140
91 98 631 47
91 99 319 228
91 100 314 9
91 101 29 157
92 102 275 283
92 103 954 210
92 104 920 39
92 105 580 229
92 106 511 221
92 107 507 124
92 108 621 179
92 109 447 31
92 110 645 259
92 111 163 85
93 102 411 353
93 103 37 246
93 104 512 45
93 105 480 5
93 106 785 21
93 107 695 85
93 108 998 263
93 109 147 117
93 110 290 284
93 111 324 237
94 102 733 327
94 103 491 156
94 104 789 42
94 105 18 247
94 106 811 15
94 107 63 238
94 108 520 91
94 109 699 263
94 110 942 338
94 111 727 137
95 102 808 70
95 103 727 252
95 104 836 67
95 105 749 102
95 106 779 284
95 107 904 111
95 108 739 49
95 109 235 19
95 110 432 182
95 111 369 221
96 102 895 311
96 103 193 299
96 104 187 27
96 105 310 237
96 106 351 282
96 107 331 144
96 108 315 278
96 109 518 235
96 110 30 153
96 111 265 181
97 102 380 286
97 103 522 89
97 104 146 7
97 105 724 266
97 106 378 119
97 107 993 229
97 108 281 270
97 109 689 324
97 110 101 217
97 111 251 51
98 102 684 177
98 103 783 77
98 104 944 355
98 105 410 277
98 106 542 269
98 107 978 44
98 108 597 268
98 109 902 309
98 110 930 206
98 111 544 97
99 102 250 172
99 103 861 120
99 104 522 251
99 105 725 171
99 106 855 208
99 107 757 348
99 108 9 38
99 109 484 99
99 110 214 93
99 111 592 20
100 102 869 217
100 103 386 292
100 104 120 81
100 105 54 89
100 106 813 330
100 107 894 77
100 108 764 278
100 109 900 337
100 110 998 140
100 111 974 45
101 102 820 189
101 103 698 349
101 104 647 157
101 105 75 292
101 106 356 50
101 107 152 140
101 108 812 190
101 109 165 38
101 110 361 319
101 111 559 63
102 112 240 98
102 113 596 198
102 114 325 225
102 115 87 101
102 116 18 291
102 117 304 295
102 118 348 298
102 119 446 61
102 120 784 156
102 121 92 2
103 112 449 334
103 113 55 322
103 114 779 12
103 115 425 338
103 116 676 43
103 117 70 22
103 118 551 180
103 119 144 332
103 120 63 143
103 121 162 223
104 112 706 182
104 113 687 87
104 114 699 157
104 115 89 299
104 116 21 160
104 117 139 311
104 118 398 289
104 119 667 87
104 120 45 134
104 121 28 254
105 112 410 331
105 113 534 226
105 114 757 351
105 115 256 134
105 116 545 127
105 117 383 229
105 118 221 93
105 119 259 130
105 120 933 287
105 121 162 270
106 112 840 75
106 113 626 151
106 114 679 348
106 115 835 78
106 116 771 9
106 117 93 237
106 118 901 288
106 119 831 84
106 120 22 179
106 121 296 303
107 112 165 194
107 113 697 208
107 114 123 301
107 115 54 17
107 116 553 314
107 117 127 150
107 118 438 255
107 119 871 276
107 120 510 185
107 121 582 284
108 112 119 52
108 113 311 165
108 114 365 174
108 115 104 342
108 116 246 130
108 117 73 211
108 118 552 69
108 119 729 124
108 120 25 281
108 121 242 141
109 112 794 64
109 113 867 123
109 114 480 24
109 115 898 111
109 116 318 311
109 117 749 189
109 118 617 77
109 119 224 49
109 120 666 308
109 121 685 187
110 112 286 243
110 113 744 212
110 114 942 229
110 115 589 58
110 116 349 241
110 117 51 95
110 118 574 114
110 119 573 273
110 120 243 56
110 121 259 305
111 112 266 343
111 113 152 257
111 114 574 166
111 115 136 241
111 116 102 45
111 117 874 136
111 118 50 224
111 119 984 187
111 120 815 259
111 121 57 256
112 122 838 183
112 123 547 193
112 124 659 350
112 125 17 10
112 126 495 210
112 127 587 98
112 128 554 242
112 129 29 272
112 130 209 191
112 131 4 315
113 122 747 324
113 123 186 186
113 124 917 268
113 125 783 167
113 126 20 344
113 127 584 1
113 128 529 291
113 129 870 317
113 130 861 110
113 131 363 231
114 122 536 5
114 123 6 218
114 124 217 46
114 125 338 22
114 126 743 232
114 127 943 161
114 128 118 227
114 129 57 140
114 130 52 348
114 131 865 310
115 122 819 290
115 123 51 354
115 124 242 218
115 125 766 92
115 126 618 306
115 127 999 89
115 128 964 99
115 129 418 38
115 130 574 63
115 131 507 79
116 122 707 158
116 123 900 29
116 124 619 135
116 125 861 152
116 126 795 110
116 127 469 294
116 128 400 29
116 129 967 154
116 130 354 113
116 131 661 276
117 122 710 180
117 123 317 207
117 124 260 255
117 125 566 154
117 126 338 154
117 127 1000 324
117 128 599 19
117 129 816 317
117 130 389 120
117 131 832 39
118 122 224 19
118 123 599 18
118 124 986 63
118 125 87 336
118 126 251 156
118 127 657 22
118 128 774 36
118 129 733 93
118 130 911 191
118 131 427 269
119 122 102 329
119 123 529 109
119 124 969 97
119 125 271 343
119 126 533 8
119 127 849 233
119 128 542 67
119 129 362 242
119 130 27 72
119 131 937 79
120 122 158 31
120 123 402 6
120 124 730 239
120 125 806 38
120 126 926 187
120 127 695 196
120 128 574 157
120 129 386 52
120 130 209 217
120 131 715 93
121 122 377 113
121 123 651 288
121 124 212 71
121 125 952 22
121 126 251 129
121 127 614 47
121 128 795 104
121 129 762 269
121 130 137 260
121 131 194 268
122 132 786 140
122 133 585 353
122 134 985 287
122 135 836 147
122 136 350 178
122 137 751 188
122 138 133 106
122 139 198 166
122 140 914 289
122 141 589 309
123 132 94 65
123 133 793 6
123 134 464 76
123 135 759 123
123 136 781 129
123 137 706 84
123 138 148 107
123 139 686 265
123 140 245 253
123 141 138 195
124 132 325 179
124 133 688 343
124 134 739 147
124 135 200 36
124 136 92 337
124 137 671 103
124 138 889 316
124 139 337 268
124 140 428 143
124 141 229 54
125 132 603 58
125 133 183 272
125 134 212 308
125 135 993 186
125 136 992 202
125 137 662 143
125 138 714 12
125 139 51 344
125 140 415 21
125 141 397 328
126 132 633 162
126 133 17 286
126 134 233 204
126 135 746 117
126 136 441 59
126 137 520 22
126 138 283 342
126 139 715 7
126 140 193 125
126 141 485 188
127 132 540 191
127 133 911 16
127 134 994 51
127 135 968 62
127 136 699 150
127 137 911 72
127 138 219 132
127 139 612 150
127 140 286 86
127 141 394 201
128 132 680 164
128 133 438 291
128 134 458 231
128 135 740 233
128 136 10 143
128 137 586 304
128 138 70 43
128 139 965 204
128 140 124 261
128 141 695 98
129 132 612 89
129 133 18 247
129 134 611 37
129 135 26 295
129 136 775 104
129 137 389 354
129 138 797 41
129 139 594 254
129 140 65 263
129 141 149 31
130 132 442 146
130 133 747 195
130 134 814 129
130 135 852 261
130 136 676 191
130 137 591 72
130 138 178 159
130 139 816 149
130 140 368 313
130 141 470 315
131 132 673 44
131 133 116 294
131 134 209 335
131 135 159 320
131 136 639 221
131 137 916 154
131 138 490 116
131 139 269 254
131 140 818 183
131 141 837 152
132 142 338 72
132 143 388 302
132 144 237 88
132 145 456 79
132 146 548 239
132 147 326 300
132 148 547 271
132 149 724 52
132 150 75 255
132 151 344 57
133 142 838 171
133 143 20 200
133 144 362 306
133 145 269 105
133 146 514 214
133 147 819 76
133 148 661 239
133 149 227 117
133 150 438 21
133 151 487 175
134 142 932 28
134 143 526 9
134 144 807 268
134 145 424 146
134 146 108 314
134 147 53 23
134 148 758 49
134 149 286 38
134 150 481 201
134 151 918 355
135 142 23 219
135 143 122 46
135 144 692 211
135 145 51 178
135 146 547 162
135 147 922 41
135 148 193 350
135 149 157 314
135 150 468 250
135 151 558 78
136 142 248 19
136 143 462 13
136 144 942 110
136 145 833 30
136 146 916 156
136 147 655 137
136 148 547 112
136 149 331 76
136 150 929 43
136 151 983 286
137 142 260 136
137 143 50 100
137 144 363 321
137 145 140 354
137 146 848 295
137 147 508 341
137 148 951 67
137 149 857 42
137 150 764 165
137 151 850 308
138 142 911 210
138 143 475 240
138 144 331 72
138 145 127 91
138 146 704 194
138 147 740 137
138 148 188 74
138 149 771 68
138 150 612 71
138 151 16 295
139 142 788 73
139 143 684 353
139 144 29 102
139 145 980 265
139 146 305 225
139 147 843 208
139 148 937 140
139 149 104 59
139 150 141 262
139 151 168 259
140 142 307 129
140 143 867 130
140 144 334 322
140 145 391 294
140 146 777 342
140 147 887 215
140 148 769 33
140 149 913 297
140 150 659 145
140 151 30 96
141 142 421 152
141 143 185 230
141 144 89 5
141 145 158 151
141 146 720 16
141 147 706 267
141 148 69 154
141 149 947 113
141 150 553 341
141 151 997 151
142 152 788 345
143 152 734 155
144 152 62 283
145 152 574 346
146 152 578 192
147 152 683 298
148 152 486 236
149 152 305 175
150 152 365 190
151 152 661 178
