152 1716 1 152 8 429
1 2 215 159
1 3 81 265
1 4 328 405
1 5 911 390
1 6 438 313
1 7 978 271
1 8 509 427
1 9 184 143
1 10 925 376
1 11 248 60
2 3 193 9
2 4 834 25
2 5 707 193
2 7 598 321
2 9 421 192
2 10 778 246
3 2 193 250
3 4 152 374
3 5 459 421
3 8 972 309
3 10 999 303
3 11 212 238
3 12 169 4
3 13 924 202
3 14 565 229
3 15 656 376
3 16 455 154
3 17 482 69
3 18 548 409
3 19 270 256
3 20 598 84
3 21 972 426
4 2 834 390
4 3 152 171
4 6 268 296
4 7 382 26
4 8 759 219
4 10 954 65
4 11 602 307
4 12 507 295
4 13 791 58
4 14 946 240
4 15 444 95
4 16 889 293
4 17 480 415
4 18 658 289
4 19 75 243
4 20 636 61
4 21 91 226
5 2 707 314
5 3 459 371
5 12 620 162
5 13 142 309
5 14 55 24
5 15 584 284
5 16 457 343
5 17 451 28
5 18 295 8
5 19 295 312
5 20 499 292
5 21 62 227
6 4 268 365
6 12 328 19
6 13 916 373
6 14 79 29
6 15 853 385
6 16 722 344
6 17 411 133
6 18 744 259
6 19 194 31
6 20 165 124
6 21 319 80
7 2 598 363
7 4 382 257
7 12 497 243
7 13 323 240
7 14 262 204
7 15 30 235
7 16 265 207
7 17 828 193
7 18 115 188
7 19 282 267
7 20 936 319
7 21 5 34
8 3 972 52
8 4 759 8
8 12 481 39
8 13 845 148
8 14 558 418
8 15 359 248
8 16 175 161
8 17 667 389
8 18 617 253
8 19 17 339
8 20 518 110
8 21 485 74
9 2 421 332
9 12 14 68
9 13 802 381
9 14 495 101
9 15 915 78
9 16 604 69
9 17 387 95
9 18 631 328
9 19 452 207
9 20 83 65
9 21 875 215
10 2 778 200
10 3 999 292
10 4 954 381
10 12 798 337
10 13 786 53
10 14 753 421
10 15 935 389
10 16 659 230
10 17 757 210
10 18 334 91
10 19 44 96
10 20 68 255
10 21 903 238
11 3 212 144
11 4 602 98
11 12 338 173
11 13 974 143
11 14 963 413
11 15 587 429
11 16 43 158
11 17 928 407
11 18 864 99
11 19 202 178
11 20 78 135
11 21 714 116
12 13 782 46
12 14 400 383
12 16 372 343
12 17 376 175
12 19 254 255
12 21 68 420
13 12 782 290
13 14 922 68
13 16 420 353
13 19 190 268
13 20 627 342
13 22 876 243
13 23 242 327
13 24 256 226
13 25 673 124
13 26 458 169
13 27 986 110
13 28 97 183
13 29 824 208
13 30 500 74
13 31 491 341
14 12 400 358
14 13 922 14
14 16 231 129
14 18 235 30
14 19 896 249
14 22 717 322
14 23 664 403
14 24 812 97
14 25 729 32
14 26 854 170
14 27 552 165
14 28 883 164
14 29 429 401
14 30 520 56
14 31 873 69
15 22 549 263
15 23 531 337
15 24 311 71
15 25 555 418
15 26 34 87
15 27 710 131
15 28 284 119
15 29 872 81
15 30 681 314
15 31 454 320
16 12 372 338
16 13 420 85
16 14 231 234
16 22 372 145
16 23 776 58
16 24 897 349
16 25 140 409
16 26 497 125
16 27 638 350
16 28 481 228
16 29 931 129
16 30 550 395
16 31 27 273
17 12 376 312
17 22 264 66
17 23 249 260
17 24 696 36
17 25 112 335
17 26 706 125
17 27 578 291
17 28 65 178
17 29 162 74
17 30 192 220
17 31 422 160
18 14 235 295
18 22 680 383
18 23 187 193
18 24 381 4
18 25 626 421
18 26 658 28
18 27 657 362
18 28 876 280
18 29 287 139
18 30 952 142
18 31 658 293
19 12 254 6
19 13 190 407
19 14 896 396
19 22 205 11
19 23 531 3
19 24 704 41
19 25 413 379
19 26 608 192
19 27 311 111
19 28 544 156
19 29 828 66
19 30 904 116
19 31 619 375
20 13 627 40
20 22 751 195
20 23 248 24
20 24 733 222
20 25 611 367
20 26 858 107
20 27 147 28
20 28 416 356
20 29 639 171
20 30 478 75
20 31 527 155
21 12 68 69
21 22 257 130
21 23 715 48
21 24 27 386
21 25 912 12
21 26 63 337
21 27 353 71
21 28 190 31
21 29 266 285
21 30 216 170
21 31 375 182
22 23 50 391
22 24 743 405
22 25 736 158
22 27 576 362
22 29 743 66
22 30 80 142
22 31 171 263
23 22 50 353
23 24 979 92
23 26 189 298
23 27 491 61
23 28 341 300
23 30 991 57
23 32 931 332
23 33 193 69
23 34 137 82
23 35 104 280
23 36 350 272
23 37 431 299
23 38 896 149
23 39 451 269
23 40 225 404
23 41 423 392
24 22 743 115
24 23 979 24
24 25 144 303
24 28 830 244
24 30 204 407
24 32 572 161
24 33 726 329
24 34 251 286
24 35 484 224
24 36 32 326
24 37 68 309
24 38 958 246
24 39 475 422
24 40 835 192
24 41 767 70
25 22 736 359
25 24 144 143
25 32 780 414
25 33 911 75
25 34 743 211
25 35 661 378
25 36 569 51
25 37 886 93
25 38 646 263
25 39 598 149
25 40 942 19
25 41 182 334
26 23 189 300
26 32 918 129
26 33 918 236
26 34 567 278
26 35 756 145
26 36 355 274
26 37 149 200
26 38 401 144
26 39 83 44
26 40 996 120
26 41 160 373
27 22 576 25
27 23 491 174
27 32 460 353
27 33 666 197
27 34 887 118
27 35 725 81
27 36 537 325
27 37 248 321
27 38 323 54
27 39 753 45
27 40 224 351
27 41 184 141
28 23 341 247
28 24 830 360
28 32 316 50
28 33 356 8
28 34 865 90
28 35 13 121
28 36 796 87
28 37 847 211
28 38 787 355
28 39 133 100
28 40 664 212
28 41 358 150
29 22 743 352
29 32 545 187
29 33 715 333
29 34 842 90
29 35 241 213
29 36 774 176
29 37 690 305
29 38 305 225
29 39 401 20
29 40 647 156
29 41 435 260
30 22 80 24
30 23 991 125
30 24 204 166
30 32 34 398
30 33 914 40
30 34 729 242
30 35 16 1
30 36 70 173
30 37 910 66
30 38 583 313
30 39 919 60
30 40 212 101
30 41 596 161
31 22 171 5
31 32 960 187
31 33 828 151
31 34 551 49
31 35 639 276
31 36 892 61
31 37 50 76
31 38 19 81
31 39 397 321
31 40 19 134
31 41 152 44
32 33 979 429
32 34 80 59
32 35 102 326
32 38 241 361
33 32 979 139
33 34 113 82
33 35 422 3
33 36 980 117
33 37 365 35
33 38 575 245
33 39 920 363
33 40 868 186
33 42 10 82
33 43 60 123
33 44 483 288
33 45 398 9
33 46 791 74
33 47 537 245
33 48 903 99
33 49 811 256
33 50 184 359
33 51 667 71
34 32 80 354
34 33 113 301
34 36 326 335
34 38 887 321
34 39 592 248
34 40 971 221
34 42 808 7
34 43 904 304
34 44 774 166
34 45 614 389
34 46 767 86
34 47 146 148
34 48 510 162
34 49 854 62
34 50 60 305
34 51 894 265
35 32 102 291
35 33 422 19
35 42 164 251
35 43 72 239
35 44 479 320
35 45 667 320
35 46 963 394
35 47 38 170
35 48 331 385
35 49 494 50
35 50 656 28
35 51 756 420
36 33 980 352
36 34 326 167
36 42 461 212
36 43 351 63
36 44 351 30
36 45 475 166
36 46 347 317
36 47 39 71
36 48 765 55
36 49 901 111
36 50 452 259
36 51 110 43
37 33 365 223
37 42 615 137
37 43 493 389
37 44 904 340
37 45 527 237
37 46 52 52
37 47 764 260
37 48 626 212
37 49 852 221
37 50 940 257
37 51 700 226
38 32 241 203
38 33 575 90
38 34 887 118
38 42 4 75
38 43 122 121
38 44 101 159
38 45 326 88
38 46 886 122
38 47 905 148
38 48 725 310
38 49 707 297
38 50 455 124
38 51 389 160
39 33 920 150
39 34 592 353
39 42 469 10
39 43 962 102
39 44 367 196
39 45 260 345
39 46 584 199
39 47 968 142
39 48 545 48
39 49 597 208
39 50 468 374
39 51 504 90
40 33 868 352
40 34 971 82
40 42 917 416
40 43 809 376
40 44 911 159
40 45 92 241
40 46 417 417
40 47 713 242
40 48 117 133
40 49 676 113
40 50 901 20
40 51 842 61
41 42 816 132
41 43 240 103
41 44 131 343
41 45 972 364
41 46 349 84
41 47 115 310
41 48 145 341
41 49 506 137
41 50 96 17
41 51 796 371
42 43 1 332
42 44 399 163
42 45 320 46
42 47 396 202
42 48 380 130
42 50 95 333
42 51 437 168
43 42 1 55
43 44 116 195
43 45 536 119
43 46 788 342
43 47 641 428
43 50 216 206
43 52 76 207
43 53 578 69
43 54 896 378
43 55 561 104
43 56 560 178
43 57 100 404
43 58 122 220
43 59 517 171
43 60 541 334
43 61 633 243
44 42 399 233
44 43 116 386
44 45 409 178
44 46 672 55
44 47 877 203
44 50 562 371
44 51 25 50
44 52 876 95
44 53 585 240
44 54 623 104
44 55 887 347
44 56 895 181
44 57 406 418
44 58 818 255
44 59 691 424
44 60 630 8
44 61 45 199
45 42 320 26
45 43 536 267
45 44 409 352
45 52 716 152
45 53 461 351
45 54 499 405
45 55 970 5
45 56 700 47
45 57 873 386
45 58 116 313
45 59 257 413
45 60 914 215
45 61 456 207
46 43 788 345
46 44 672 211
46 52 805 242
46 53 218 385
46 54 460 77
46 55 304 137
46 56 161 53
46 57 5 273
46 58 499 352
46 59 788 291
46 60 612 394
46 61 192 28
47 42 396 120
47 43 641 308
47 44 877 96
47 52 367 119
47 53 90 27
47 54 705 393
47 55 622 256
47 56 888 319
47 57 554 343
47 58 126 253
47 59 701 231
47 60 501 10
47 61 649 399
48 42 380 407
48 52 722 129
48 53 354 338
48 54 870 328
48 55 749 59
48 56 991 73
48 57 736 332
48 58 929 232
48 59 295 128
48 60 143 40
48 61 786 228
49 52 836 17
49 53 160 404
49 54 930 326
49 55 19 246
49 56 317 224
49 57 829 427
49 58 489 122
49 59 858 411
49 60 719 403
49 61 246 84
50 42 95 19
50 43 216 113
50 44 562 278
50 52 223 168
50 53 517 414
50 54 870 176
50 55 923 242
50 56 647 81
50 57 890 84
50 58 366 220
50 59 767 206
50 60 380 415
50 61 432 376
51 42 437 123
51 44 25 166
51 52 33 243
51 53 921 171
51 54 792 360
51 55 468 174
51 56 201 186
51 57 148 188
51 58 236 415
51 59 206 258
51 60 443 18
51 61 482 364
52 53 741 339
52 54 739 16
52 57 719 148
52 59 364 357
52 60 305 359
53 52 741 406
53 54 698 302
53 55 625 288
53 56 392 320
53 57 947 213
53 58 330 98
53 59 120 383
53 60 551 34
53 61 629 4
53 62 488 418
53 63 828 148
53 64 423 61
53 65 324 341
53 66 780 407
53 67 13 393
53 68 123 345
53 69 219 79
53 70 169 331
53 71 193 196
54 52 739 189
54 53 698 202
54 55 124 268
54 59 510 93
54 62 506 22
54 63 234 51
54 64 448 428
54 65 605 80
54 66 537 324
54 67 459 230
54 68 666 386
54 69 890 263
54 70 270 363
54 71 7 196
55 53 625 325
55 54 124 126
55 62 304 281
55 63 937 94
55 64 465 96
55 65 203 301
55 66 803 39
55 67 155 114
55 68 601 294
55 69 836 416
55 70 724 208
55 71 394 96
56 53 392 188
56 62 101 81
56 63 375 409
56 64 754 124
56 65 616 30
56 66 291 29
56 67 196 233
56 68 207 133
56 69 781 285
56 70 485 203
56 71 411 117
57 52 719 192
57 53 947 121
57 62 416 83
57 63 593 322
57 64 339 347
57 65 627 307
57 66 446 168
57 67 331 324
57 68 329 53
57 69 591 167
57 70 497 82
57 71 127 367
58 53 330 275
58 62 210 119
58 63 64 66
58 64 353 375
58 65 512 241
58 66 566 329
58 67 893 66
58 68 966 148
58 69 991 184
58 70 196 304
58 71 40 255
59 52 364 283
59 53 120 34
59 54 510 49
59 62 71 94
59 63 426 58
59 64 437 209
59 65 275 258
59 66 505 7
59 67 701 271
59 68 78 264
59 69 365 151
59 70 428 255
59 71 672 44
60 52 305 389
60 53 551 424
60 62 526 227
60 63 242 223
60 64 52 348
60 65 131 271
60 66 285 397
60 67 434 138
60 68 243 14
60 69 255 265
60 70 610 200
60 71 964 19
61 53 629 270
61 62 518 26
61 63 86 208
61 64 957 427
61 65 117 340
61 66 801 311
61 67 173 218
61 68 779 229
61 69 662 238
61 70 457 221
61 71 755 17
62 63 759 316
62 64 433 313
62 67 484 207
62 69 759 314
62 70 786 231
62 71 317 283
63 62 759 68
63 64 811 89
63 65 570 399
63 69 619 37
63 71 544 423
63 72 923 165
63 73 586 352
63 74 65 358
63 75 373 4
63 76 981 203
63 77 276 356
63 78 980 393
63 79 804 260
63 80 78 86
63 81 475 303
64 62 433 188
64 63 811 419
64 66 638 110
64 67 850 185
64 68 668 128
64 71 842 116
64 72 125 202
64 73 321 279
64 74 936 111
64 75 208 336
64 76 256 14
64 77 201 364
64 78 157 189
64 79 624 18
64 80 473 410
64 81 615 306
65 63 570 72
65 72 820 222
65 73 597 365
65 74 108 101
65 75 81 328
65 76 421 358
65 77 55 326
65 78 114 362
65 79 29 395
65 80 582 169
65 81 65 191
66 64 638 211
66 72 989 168
66 73 232 365
66 74 90 214
66 75 674 312
66 76 201 70
66 77 977 311
66 78 310 328
66 79 102 243
66 80 975 256
66 81 218 229
67 62 484 28
67 64 850 60
67 72 576 355
67 73 342 225
67 74 250 348
67 75 97 52
67 76 671 416
67 77 802 333
67 78 993 25
67 79 289 413
67 80 175 254
67 81 940 255
68 64 668 121
68 72 751 211
68 73 572 56
68 74 535 233
68 75 544 293
68 76 426 331
68 77 917 352
68 78 471 6
68 79 274 121
68 80 542 63
68 81 455 405
69 62 759 92
69 63 619 178
69 72 572 59
69 73 482 333
69 74 14 207
69 75 631 15
69 76 579 252
69 77 994 385
69 78 657 147
69 79 142 291
69 80 176 345
69 81 517 174
70 62 786 176
70 72 11 416
70 73 723 94
70 74 949 218
70 75 164 145
70 76 163 148
70 77 448 189
70 78 871 24
70 79 979 279
70 80 733 199
70 81 343 331
71 62 317 407
71 63 544 66
71 64 842 163
71 72 350 102
71 73 783 78
71 74 554 243
71 75 205 213
71 76 851 410
71 77 393 256
71 78 747 247
71 79 661 221
71 80 142 407
71 81 616 110
72 73 586 225
72 74 816 321
72 76 439 395
72 77 183 290
72 78 629 101
72 79 40 349
72 81 251 165
73 72 586 20
73 74 977 390
73 75 866 125
73 76 644 58
73 77 334 289
73 81 133 127
73 82 968 281
73 83 356 171
73 84 677 335
73 85 559 397
73 86 430 108
73 87 322 72
73 88 57 199
73 89 876 272
73 90 704 335
73 91 292 24
74 72 816 208
74 73 977 67
74 75 773 407
74 81 947 272
74 82 193 23
74 83 602 185
74 84 642 55
74 85 197 43
74 86 789 174
74 87 920 378
74 88 752 107
74 89 951 81
74 90 67 61
74 91 836 263
75 73 866 404
75 74 773 420
75 82 237 296
75 83 951 203
75 84 148 152
75 85 950 424
75 86 114 402
75 87 458 176
75 88 508 226
75 89 463 422
75 90 985 217
75 91 738 365
76 72 439 106
76 73 644 419
76 82 467 29
76 83 416 418
76 84 816 115
76 85 584 335
76 86 931 288
76 87 669 20
76 88 735 112
76 89 573 147
76 90 614 269
76 91 376 122
77 72 183 184
77 73 334 62
77 82 886 214
77 83 163 106
77 84 554 244
77 85 151 98
77 86 943 87
77 87 164 149
77 88 200 137
77 89 954 3
77 90 107 388
77 91 973 343
78 72 629 397
78 82 309 93
78 83 778 318
78 84 94 197
78 85 71 311
78 86 569 394
78 87 241 228
78 88 97 320
78 89 521 140
78 90 228 334
78 91 876 73
79 72 40 282
79 82 772 346
79 83 992 273
79 84 697 209
79 85 321 122
79 86 453 374
79 87 20 269
79 88 97 2
79 89 611 266
79 90 731 203
79 91 426 308
80 82 820 348
80 83 210 228
80 84 689 429
80 85 409 2
80 86 512 47
80 87 935 286
80 88 244 53
80 89 764 81
80 90 942 105
80 91 175 429
81 72 251 76
81 73 133 212
81 74 947 273
81 82 169 148
81 83 689 237
81 84 792 28
81 85 680 139
81 86 600 377
81 87 316 33
81 88 834 250
81 89 284 63
81 90 354 287
81 91 157 55
82 83 930 170
82 84 955 144
82 86 332 185
82 87 559 115
82 90 81 97
82 91 927 136
83 82 930 45
83 84 294 252
83 86 749 135
83 87 817 66
83 88 668 296
83 89 68 194
83 92 303 328
83 93 419 233
83 94 680 257
83 95 489 365
83 96 422 316
83 97 734 295
83 98 802 75
83 99 304 72
83 100 189 243
83 101 427 386
84 82 955 339
84 83 294 423
84 85 446 17
84 86 656 87
84 87 561 321
84 89 653 428
84 90 230 428
84 92 353 273
84 93 37 312
84 94 232 225
84 95 916 45
84 96 111 424
84 97 101 23
84 98 959 245
84 99 960 182
84 100 676 383
84 101 967 243
85 84 446 196
85 92 175 379
85 93 304 88
85 94 796 271
85 95 486 359
85 96 255 422
85 97 87 278
85 98 877 394
85 99 937 368
85 100 271 112
85 101 763 347
86 82 332 372
86 83 749 10
86 84 656 409
86 92 260 375
86 93 819 49
86 94 445 8
86 95 253 234
86 96 25 179
86 97 739 129
86 98 948 198
86 99 797 49
86 100 859 331
86 101 718 352
87 82 559 251
87 83 817 304
87 84 561 350
87 92 557 402
87 93 735 84
87 94 697 128
87 95 97 253
87 96 479 15
87 97 117 278
87 98 496 390
87 99 577 368
87 100 474 364
87 101 573 283
88 83 668 134
88 92 625 136
88 93 443 23
88 94 128 271
88 95 831 87
88 96 907 424
88 97 405 279
88 98 779 299
88 99 316 135
88 100 732 256
88 101 411 103
89 83 68 374
89 84 653 335
89 92 842 29
89 93 515 54
89 94 745 43
89 95 753 297
89 96 463 161
89 97 935 196
89 98 581 248
89 99 861 119
89 100 632 292
89 101 384 224
90 82 81 12
90 84 230 219
90 92 851 350
90 93 304 162
90 94 519 296
90 95 628 302
90 96 76 18
90 97 193 167
90 98 407 250
90 99 108 260
90 100 114 178
90 101 241 287
91 82 927 350
91 92 48 177
91 93 890 328
91 94 881 353
91 95 233 363
91 96 877 388
91 97 361 294
91 98 593 88
91 99 744 414
91 100 81 233
91 101 285 288
92 93 769 390
92 94 629 317
92 95 24 221
92 96 906 67
93 92 769 271
93 94 20 18
93 95 7 361
93 97 281 37
93 102 384 315
93 103 684 44
93 104 166 99
93 105 851 242
93 106 70 384
93 107 475 394
93 108 278 235
93 109 149 174
93 110 876 259
93 111 976 118
94 92 629 38
94 93 20 268
94 95 504 259
94 98 45 132
94 99 194 107
94 101 594 96
94 102 553 211
94 103 467 83
94 104 852 13
94 105 616 348
94 106 222 21
94 107 219 200
94 108 588 168
94 109 112 234
94 110 13 181
94 111 524 285
95 92 24 272
95 93 7 182
95 94 504 271
95 102 523 14
95 103 209 272
95 104 225 226
95 105 909 169
95 106 103 226
95 107 61 303
95 108 886 259
95 109 973 286
95 110 376 209
95 111 190 21
96 92 906 423
96 102 721 133
96 103 220 57
96 104 604 308
96 105 795 265
96 106 697 32
96 107 513 187
96 108 984 131
96 109 78 115
96 110 121 1
96 111 72 171
97 93 281 248
97 102 957 319
97 103 919 403
97 104 641 118
97 105 889 88
97 106 897 86
97 107 532 309
97 108 769 185
97 109 808 206
97 110 266 282
97 111 802 368
98 94 45 98
98 102 426 76
98 103 578 92
98 104 821 372
98 105 944 13
98 106 99 410
98 107 83 295
98 108 612 389
98 109 32 8
98 110 29 224
98 111 38 38
99 94 194 426
99 102 932 36
99 103 410 297
99 104 589 140
99 105 564 323
99 106 434 132
99 107 828 199
99 108 628 136
99 109 553 220
99 110 515 309
99 111 868 100
100 102 700 58
100 103 389 310
100 104 950 163
100 105 728 418
100 106 481 103
100 107 929 24
100 108 377 307
100 109 866 64
100 110 442 418
100 111 732 342
101 94 594 45
101 102 501 309
101 103 871 351
101 104 165 139
101 105 477 320
101 106 695 323
101 107 598 125
101 108 388 13
101 109 188 182
101 110 821 173
101 111 820 3
102 103 166 68
102 104 733 228
102 108 637 319
102 109 17 172
102 111 682 6
103 102 166 67
103 104 534 181
103 107 60 6
103 110 503 35
103 111 247 69
103 112 511 83
103 113 918 223
103 114 27 346
103 115 86 88
103 116 990 5
103 117 521 117
103 118 752 300
103 119 944 370
103 120 764 144
103 121 200 410
104 102 733 384
104 103 534 48
104 108 733 281
104 111 82 216
104 112 356 181
104 113 773 34
104 114 529 120
104 115 383 260
104 116 230 158
104 117 536 282
104 118 773 54
104 119 37 250
104 120 922 132
104 121 99 367
105 112 70 215
105 113 795 199
105 114 539 293
105 115 435 427
105 116 958 383
105 117 241 301
105 118 730 392
105 119 358 189
105 120 226 80
105 121 485 146
106 112 608 222
106 113 203 170
106 114 15 357
106 115 538 390
106 116 892 330
106 117 759 312
106 118 611 169
106 119 759 182
106 120 393 276
106 121 300 2
107 103 60 150
107 112 55 313
107 113 294 141
107 114 217 174
107 115 271 384
107 116 145 18
107 117 149 380
107 118 456 316
107 119 515 141
107 120 295 72
107 121 102 200
108 102 637 125
108 104 733 236
108 112 441 279
108 113 64 266
108 114 911 253
108 115 629 346
108 116 249 149
108 117 408 149
108 118 449 219
108 119 602 375
108 120 569 357
108 121 108 164
109 102 17 267
109 112 598 158
109 113 360 34
109 114 914 190
109 115 561 140
109 116 468 272
109 117 944 172
109 118 344 163
109 119 950 177
109 120 66 217
109 121 787 12
110 103 503 340
110 112 117 84
110 113 72 243
110 114 696 128
110 115 542 262
110 116 160 427
110 117 952 188
110 118 204 247
110 119 865 175
110 120 66 101
110 121 340 183
111 102 682 397
111 103 247 378
111 104 82 97
111 112 161 96
111 113 88 208
111 114 728 202
111 115 321 143
111 116 232 129
111 117 730 338
111 118 390 240
111 119 390 406
111 120 61 52
111 121 988 72
112 113 454 50
112 114 805 324
112 115 504 11
112 117 219 202
112 121 415 27
113 112 454 251
113 114 993 146
113 115 483 162
113 116 272 37
113 118 314 73
113 119 877 342
113 120 909 21
113 121 457 377
113 122 631 427
113 123 283 261
113 124 593 362
113 125 452 72
113 126 841 424
113 127 483 408
113 128 631 48
113 129 861 80
113 130 619 354
113 131 327 41
114 112 805 164
114 113 993 14
114 116 913 229
114 118 219 409
114 119 30 101
114 122 311 393
114 123 121 286
114 124 907 429
114 125 174 254
114 126 131 172
114 127 541 190
114 128 407 352
114 129 298 153
114 130 50 51
114 131 425 365
115 112 504 377
115 113 483 228
115 122 509 178
115 123 877 327
115 124 387 237
115 125 776 139
115 126 6 407
115 127 792 190
115 128 707 146
115 129 234 282
115 130 193 201
115 131 925 372
116 113 272 48
116 114 913 399
116 122 125 425
116 123 736 211
116 124 738 314
116 125 593 220
116 126 778 34
116 127 554 223
116 128 354 337
116 129 112 305
116 130 3 134
116 131 942 143
117 112 219 428
117 122 551 106
117 123 24 300
117 124 649 401
117 125 276 394
117 126 707 272
117 127 186 345
117 128 328 361
117 129 885 176
117 130 207 274
117 131 934 176
118 113 314 419
118 114 219 158
118 122 914 405
118 123 945 383
118 124 467 221
118 125 143 288
118 126 800 104
118 127 276 65
118 128 6 391
118 129 328 111
118 130 634 80
118 131 870 205
119 113 877 278
119 114 30 91
119 122 50 237
119 123 557 313
119 124 484 161
119 125 919 369
119 126 537 188
119 127 25 250
119 128 282 208
119 129 165 231
119 130 618 218
119 131 174 131
120 113 909 329
120 122 436 350
120 123 260 268
120 124 740 209
120 125 838 149
120 126 482 118
120 127 912 336
120 128 799 270
120 129 496 49
120 130 334 329
120 131 691 125
121 112 415 267
121 113 457 231
121 122 725 380
121 123 106 192
121 124 364 365
121 125 845 426
121 126 543 258
121 127 173 42
121 128 559 396
121 129 670 351
121 130 429 235
121 131 785 172
122 123 156 351
122 124 762 393
122 125 698 329
122 128 363 87
122 129 825 419
122 131 788 316
123 122 156 383
123 124 109 341
123 125 694 339
123 127 607 161
123 128 96 327
123 131 798 76
123 132 639 114
123 133 342 160
123 134 53 52
123 135 204 412
123 136 591 339
123 137 976 286
123 138 221 354
123 139 143 355
123 140 58 195
123 141 100 181
124 122 762 227
124 123 109 79
124 126 927 224
124 128 388 53
124 129 74 233
124 130 166 153
124 132 831 62
124 133 786 315
124 134 187 292
124 135 504 281
124 136 764 71
124 137 996 126
124 138 567 236
124 139 10 206
124 140 914 249
124 141 835 311
125 122 698 291
125 123 694 156
125 132 577 428
125 133 932 268
125 134 316 415
125 135 614 55
125 136 858 301
125 137 498 43
125 138 879 264
125 139 355 165
125 140 422 356
125 141 209 85
126 124 927 426
126 132 937 132
126 133 812 103
126 134 709 323
126 135 169 174
126 136 914 96
126 137 791 220
126 138 989 219
126 139 408 303
126 140 427 144
126 141 853 173
127 123 607 217
127 132 44 177
127 133 695 261
127 134 356 93
127 135 24 210
127 136 78 418
127 137 288 247
127 138 831 384
127 139 800 80
127 140 19 98
127 141 384 3
128 122 363 352
128 123 96 239
128 124 388 353
128 132 161 318
128 133 719 189
128 134 637 12
128 135 61 189
128 136 853 366
128 137 895 252
128 138 995 24
128 139 40 208
128 140 754 338
128 141 612 118
129 122 825 41
129 124 74 408
129 132 262 305
129 133 172 10
129 134 510 319
129 135 385 376
129 136 631 338
129 137 881 264
129 138 746 242
129 139 760 160
129 140 986 23
129 141 871 360
130 124 166 201
130 132 988 237
130 133 832 173
130 134 617 17
130 135 764 5
130 136 229 260
130 137 617 224
130 138 831 324
130 139 887 19
130 140 530 112
130 141 153 241
131 122 788 141
131 123 798 413
131 132 391 141
131 133 297 290
131 134 50 427
131 135 804 2
131 136 668 16
131 137 672 273
131 138 923 213
131 139 44 280
131 140 553 180
131 141 280 16
132 133 407 242
132 134 306 136
132 135 114 177
132 136 575 32
132 138 57 385
132 140 859 153
133 132 407 388
133 134 558 273
133 136 625 345
133 137 164 136
133 139 79 191
133 141 541 349
133 142 624 159
133 143 883 249
133 144 866 358
133 145 773 180
133 146 49 325
133 147 338 219
133 148 858 161
133 149 370 156
133 150 148 353
133 151 384 124
134 132 306 331
134 133 558 394
134 135 425 248
134 137 717 154
134 138 233 367
134 140 611 269
134 141 430 16
134 142 442 153
134 143 491 321
134 144 696 348
134 145 264 244
134 146 916 418
134 147 138 373
134 148 74 188
134 149 825 157
134 150 986 56
134 151 920 169
135 132 114 397
135 134 425 45
135 142 565 327
135 143 230 288
135 144 355 35
135 145 707 191
135 146 161 313
135 147 913 16
135 148 402 357
135 149 529 104
135 150 686 121
135 151 817 27
136 132 575 86
136 133 625 164
136 142 215 133
136 143 780 72
136 144 30 119
136 145 951 78
136 146 499 342
136 147 883 245
136 148 773 127
136 149 796 23
136 150 764 295
136 151 680 182
137 133 164 411
137 134 717 24
137 142 953 153
137 143 40 53
137 144 774 14
137 145 197 342
137 146 787 34
137 147 157 31
137 148 612 84
137 149 529 151
137 150 636 385
137 151 673 407
138 132 57 225
138 134 233 208
138 142 178 73
138 143 925 387
138 144 566 175
138 145 678 39
138 146 203 134
138 147 795 89
138 148 479 68
138 149 926 226
138 150 118 216
138 151 686 166
139 133 79 352
139 142 603 389
139 143 569 61
139 144 500 35
139 145 875 181
139 146 112 25
139 147 225 290
139 148 742 273
139 149 299 380
139 150 217 11
139 151 737 300
140 132 859 356
140 134 611 367
140 142 59 292
140 143 126 418
140 144 195 213
140 145 609 61
140 146 879 16
140 147 811 98
140 148 972 27
140 149 468 65
140 150 312 204
140 151 822 372
141 133 541 98
141 134 430 417
141 142 393 312
141 143 368 24
141 144 685 415
141 145 689 284
141 146 730 267
141 147 187 367
141 148 900 100
141 149 632 312
141 150 666 83
141 151 612 110
142 143 702 370
142 144 540 194
142 145 989 153
142 146 165 49
142 150 42 102
142 151 495 14
142 152 936 390
143 142 702 53
143 144 338 225
143 146 526 399
143 150 501 270
143 152 762 415
144 142 540 360
144 143 338 279
144 145 870 332
144 146 768 406
144 148 186 294
144 149 655 373
144 150 289 228
144 151 839 310
144 152 336 275
145 142 989 139
145 144 870 63
145 152 488 4
146 142 165 92
146 143 526 416
146 144 768 24
146 152 263 338
147 152 77 247
148 144 186 143
148 152 533 35
149 144 655 179
149 152 614 346
150 142 42 412
150 143 501 108
150 144 289 353
150 152 930 400
151 142 495 377
151 144 839 196
151 152 438 398
