152 1420 1 152 7 355
1 2 390 14
1 3 969 175
1 4 772 162
1 5 807 26
1 6 573 325
1 7 938 335
1 8 349 88
1 9 394 237
1 10 368 163
1 11 376 289
2 12 347 150
2 13 712 172
2 14 776 154
2 15 195 323
2 16 609 129
2 17 633 226
2 18 740 282
2 19 947 227
2 20 340 338
2 21 969 43
3 12 140 114
3 13 793 50
3 14 210 305
3 15 388 175
3 16 622 177
3 17 889 120
3 18 303 160
3 19 478 105
3 20 694 41
3 21 413 248
4 12 491 77
4 13 177 171
4 14 486 86
4 15 899 78
4 16 706 275
4 17 112 253
4 18 746 156
4 19 725 131
4 20 720 11
4 21 475 91
5 12 307 69
5 13 615 201
5 14 804 294
5 15 979 229
5 16 757 249
5 17 458 224
5 18 399 312
5 19 375 168
5 20 365 116
5 21 134 336
6 12 941 124
6 13 902 73
6 14 731 100
6 15 449 220
6 16 133 245
6 17 699 29
6 18 327 175
6 19 943 295
6 20 370 189
6 21 350 101
7 12 901 36
7 13 853 307
7 14 392 85
7 15 800 164
7 16 442 228
7 17 225 107
7 18 463 290
7 19 469 33
7 20 53 114
7 21 778 278
8 12 803 219
8 13 360 130
8 14 664 86
8 15 540 104
8 16 682 260
8 17 265 336
8 18 447 46
8 19 551 63
8 20 705 294
8 21 260 185
9 12 790 62
9 13 372 252
9 14 233 235
9 15 378 310
9 16 984 247
9 17 68 47
9 18 251 9
9 19 65 281
9 20 812 346
9 21 542 324
10 12 325 2
10 13 945 27
10 14 509 102
10 15 989 198
10 16 496 124
10 17 825 299
10 18 595 346
10 19 505 38
10 20 526 92
10 21 707 288
11 12 610 253
11 13 2 207
11 14 336 184
11 15 567 302
11 16 852 348
11 17 988 60
11 18 353 104
11 19 533 97
11 20 67 230
11 21 726 310
12 22 610 336
12 23 110 205
12 24 407 336
12 25 480 116
12 26 891 67
12 27 518 172
12 28 269 216
12 29 96 72
12 30 666 227
12 31 675 91
13 22 399 167
13 23 587 305
13 24 119 291
13 25 578 56
13 26 420 268
13 27 962 284
13 28 525 225
13 29 253 49
13 30 947 125
13 31 531 256
14 22 442 140
14 23 201 214
14 24 966 314
14 25 893 261
14 26 808 196
14 27 725 28
14 28 758 329
14 29 324 270
14 30 718 341
14 31 445 11
15 22 48 213
15 23 110 353
15 24 932 63
15 25 750 337
15 26 48 94
15 27 564 82
15 28 553 324
15 29 508 159
15 30 76 253
15 31 517 109
16 22 449 32
16 23 414 260
16 24 917 141
16 25 715 59
16 26 130 11
16 27 420 304
16 28 686 194
16 29 111 349
16 30 504 139
16 31 170 113
17 22 351 315
17 23 98 298
17 24 266 142
17 25 887 230
17 26 998 79
17 27 243 96
17 28 939 161
17 29 409 333
17 30 481 355
17 31 965 318
18 22 285 258
18 23 684 34
18 24 30 148
18 25 674 354
18 26 659 251
18 27 598 346
18 28 789 48
18 29 408 157
18 30 317 181
18 31 183 241
19 22 179 59
19 23 114 202
19 24 27 120
19 25 280 179
19 26 372 235
19 27 832 66
19 28 987 152
19 29 918 145
19 30 745 346
19 31 708 101
20 22 972 38
20 23 65 188
20 24 956 58
20 25 154 129
20 26 985 88
20 27 10 271
20 28 503 173
20 29 36 206
20 30 758 203
20 31 584 119
21 22 788 230
21 23 405 180
21 24 75 53
21 25 26 348
21 26 355 160
21 27 877 68
21 28 72 83
21 29 949 340
21 30 324 256
21 31 612 149
22 32 539 304
22 33 471 136
22 34 484 280
22 35 993 1
22 36 518 105
22 37 638 2
22 38 288 201
22 39 909 175
22 40 645 89
22 41 79 345
23 32 518 126
23 33 362 186
23 34 330 120
23 35 927 169
23 36 448 237
23 37 863 45
23 38 778 3
23 39 177 49
23 40 875 340
23 41 737 4
24 32 880 252
24 33 182 194
24 34 940 355
24 35 4 120
24 36 141 310
24 37 867 289
24 38 292 92
24 39 908 310
24 40 332 87
24 41 519 106
25 32 278 24
25 33 974 339
25 34 59 232
25 35 118 257
25 36 101 250
25 37 48 349
25 38 776 244
25 39 439 155
25 40 5 189
25 41 497 189
26 32 755 252
26 33 766 118
26 34 46 90
26 35 113 305
26 36 528 146
26 37 306 118
26 38 947 258
26 39 727 293
26 40 813 274
26 41 715 150
27 32 578 154
27 33 795 10
27 34 408 234
27 35 276 253
27 36 200 62
27 37 760 325
27 38 63 266
27 39 41 335
27 40 354 106
27 41 757 216
28 32 829 34
28 33 130 325
28 34 639 149
28 35 559 305
28 36 990 267
28 37 858 338
28 38 886 289
28 39 370 126
28 40 243 205
28 41 436 284
29 32 365 253
29 33 112 223
29 34 497 29
29 35 304 208
29 36 379 191
29 37 456 200
29 38 588 93
29 39 273 5
29 40 952 210
29 41 687 142
30 32 78 246
30 33 23 71
30 34 814 148
30 35 569 240
30 36 949 134
30 37 696 161
30 38 695 324
30 39 559 170
30 40 377 17
30 41 393 56
31 32 965 206
31 33 447 126
31 34 248 72
31 35 494 228
31 36 217 301
31 37 272 54
31 38 91 92
31 39 887 239
31 40 392 200
31 41 953 240
32 42 592 75
32 43 539 354
32 44 179 69
32 45 575 170
32 46 394 253
32 47 883 249
32 48 150 331
32 49 395 149
32 50 770 317
32 51 631 342
33 42 689 195
33 43 976 268
33 44 973 168
33 45 338 91
33 46 128 24
33 47 712 234
33 48 300 282
33 49 872 289
33 50 444 97
33 51 32 234
34 42 398 323
34 43 508 325
34 44 983 41
34 45 21 251
34 46 932 285
34 47 750 165
34 48 320 301
34 49 709 302
34 50 912 315
34 51 158 229
35 42 13 98
35 43 978 313
35 44 484 103
35 45 432 74
35 46 509 93
35 47 366 317
35 48 366 195
35 49 913 253
35 50 389 274
35 51 564 147
36 42 756 90
36 43 53 291
36 44 477 21
36 45 198 249
36 46 7 198
36 47 229 205
36 48 782 187
36 49 806 138
36 50 157 168
36 51 619 93
37 42 414 134
37 43 30 27
37 44 690 235
37 45 124 255
37 46 275 59
37 47 808 239
37 48 766 96
37 49 966 22
37 50 760 8
37 51 187 110
38 42 376 277
38 43 507 232
38 44 869 118
38 45 709 32
38 46 228 351
38 47 206 284
38 48 608 318
38 49 735 230
38 50 191 192
38 51 868 57
39 42 2 17
39 43 90 227
39 44 244 122
39 45 495 5
39 46 697 89
39 47 346 72
39 48 366 193
39 49 449 164
39 50 57 229
39 51 421 106
40 42 499 269
40 43 829 110
40 44 623 86
40 45 981 293
40 46 496 4
40 47 320 200
40 48 360 131
40 49 711 225
40 50 880 98
40 51 596 239
41 42 587 15
41 43 858 285
41 44 61 9
41 45 385 105
41 46 35 256
41 47 302 264
41 48 829 328
41 49 371 209
41 50 61 22
41 51 791 206
42 52 758 351
42 53 79 10
42 54 161 92
42 55 820 67
42 56 57 270
42 57 554 254
42 58 36 277
42 59 56 295
42 60 566 177
42 61 968 169
43 52 993 300
43 53 382 248
43 54 201 230
43 55 67 203
43 56 540 216
43 57 373 243
43 58 308 327
43 59 125 52
43 60 615 138
43 61 998 185
44 52 473 214
44 53 545 200
44 54 528 303
44 55 863 261
44 56 725 186
44 57 501 333
44 58 771 49
44 59 812 208
44 60 313 310
44 61 317 200
45 52 501 74
45 53 425 70
45 54 956 272
45 55 116 243
45 56 529 128
45 57 381 132
45 58 807 352
45 59 678 323
45 60 143 262
45 61 258 343
46 52 577 6
46 53 495 70
46 54 354 19
46 55 519 232
46 56 339 198
46 57 662 175
46 58 51 82
46 59 668 244
46 60 848 243
46 61 586 197
47 52 103 220
47 53 715 236
47 54 618 130
47 55 200 256
47 56 52 26
47 57 402 268
47 58 553 265
47 59 357 117
47 60 284 254
47 61 290 41
48 52 837 278
48 53 645 5
48 54 966 41
48 55 527 163
48 56 973 238
48 57 585 352
48 58 842 270
48 59 815 272
48 60 358 300
48 61 466 229
49 52 31 15
49 53 878 204
49 54 869 255
49 55 452 345
49 56 628 115
49 57 616 183
49 58 945 176
49 59 828 55
49 60 852 37
49 61 29 180
50 52 535 238
50 53 408 341
50 54 944 151
50 55 704 350
50 56 983 173
50 57 163 29
50 58 335 144
50 59 470 112
50 60 75 138
50 61 657 235
51 52 761 230
51 53 927 55
51 54 737 326
51 55 34 5
51 56 736 18
51 57 518 326
51 58 825 253
51 59 692 191
51 60 255 111
51 61 896 302
52 62 415 120
52 63 659 20
52 64 3 22
52 65 645 160
52 66 984 282
52 67 374 331
52 68 106 13
52 69 568 300
52 70 715 166
52 71 980 342
53 62 92 79
53 63 9 181
53 64 57 177
53 65 68 285
53 66 447 320
53 67 11 345
53 68 952 318
53 69 944 211
53 70 419 291
53 71 396 35
54 62 77 215
54 63 989 157
54 64 952 330
54 65 165 202
54 66 905 352
54 67 399 242
54 68 288 97
54 69 349 124
54 70 499 218
54 71 441 304
55 62 690 109
55 63 60 337
55 64 200 114
55 65 75 62
55 66 679 40
55 67 180 25
55 68 831 1
55 69 152 300
55 70 441 58
55 71 397 133
56 62 820 110
56 63 522 326
56 64 47 94
56 65 151 91
56 66 65 37
56 67 688 283
56 68 663 128
56 69 408 209
56 70 331 287
56 71 886 192
57 62 967 221
57 63 301 130
57 64 784 247
57 65 910 47
57 66 483 146
57 67 275 10
57 68 476 207
57 69 92 189
57 70 135 242
57 71 948 251
58 62 366 317
58 63 460 129
58 64 696 300
58 65 504 301
58 66 307 145
58 67 839 326
58 68 772 330
58 69 214 84
58 70 74 92
58 71 332 238
59 62 936 73
59 63 870 256
59 64 288 304
59 65 639 288
59 66 911 40
59 67 19 312
59 68 979 285
59 69 235 63
59 70 590 181
59 71 100 173
60 62 875 231
60 63 728 323
60 64 909 152
60 65 352 104
60 66 642 323
60 67 949 247
60 68 83 261
60 69 450 111
60 70 381 329
60 71 361 105
61 62 313 292
61 63 2 216
61 64 302 58
61 65 297 348
61 66 456 59
61 67 587 156
61 68 288 311
61 69 572 18
61 70 250 323
61 71 609 3
62 72 25 121
62 73 992 240
62 74 516 61
62 75 611 21
62 76 335 243
62 77 372 16
62 78 648 216
62 79 446 40
62 80 326 349
62 81 279 336
63 72 987 214
63 73 835 206
63 74 335 124
63 75 361 219
63 76 35 322
63 77 878 156
63 78 844 337
63 79 410 178
63 80 292 177
63 81 697 351
64 72 111 16
64 73 116 273
64 74 10 318
64 75 550 331
64 76 369 181
64 77 875 164
64 78 891 119
64 79 544 278
64 80 81 79
64 81 430 354
65 72 571 204
65 73 370 14
65 74 488 197
65 75 568 272
65 76 493 234
65 77 682 304
65 78 734 140
65 79 379 31
65 80 419 252
65 81 870 302
66 72 319 327
66 73 406 143
66 74 966 24
66 75 579 267
66 76 6 152
66 77 21 231
66 78 882 240
66 79 285 141
66 80 805 58
66 81 533 5
67 72 822 128
67 73 621 5
67 74 197 15
67 75 996 212
67 76 105 183
67 77 739 143
67 78 89 135
67 79 808 265
67 80 2 286
67 81 636 250
68 72 518 315
68 73 137 19
68 74 742 147
68 75 87 173
68 76 431 287
68 77 326 84
68 78 123 255
68 79 7 77
68 80 543 349
68 81 794 250
69 72 596 180
69 73 195 144
69 74 541 47
69 75 716 198
69 76 972 139
69 77 53 22
69 78 259 42
69 79 138 230
69 80 622 30
69 81 580 325
70 72 378 100
70 73 834 40
70 74 964 133
70 75 718 84
70 76 854 4
70 77 788 29
70 78 348 266
70 79 187 34
70 80 299 286
70 81 830 86
71 72 263 242
71 73 595 78
71 74 405 317
71 75 663 132
71 76 27 340
71 77 684 44
71 78 731 126
71 79 27 182
71 80 325 72
71 81 604 209
72 82 697 204
72 83 943 199
72 84 976 54
72 85 458 248
72 86 306 67
72 87 593 20
72 88 637 244
72 89 364 83
72 90 126 304
72 91 88 112
73 82 83 117
73 83 755 160
73 84 385 244
73 85 143 300
73 86 634 273
73 87 371 73
73 88 662 320
73 89 373 139
73 90 435 251
73 91 249 108
74 82 545 117
74 83 878 202
74 84 648 199
74 85 843 169
74 86 276 355
74 87 259 74
74 88 620 160
74 89 365 127
74 90 365 294
74 91 637 144
75 82 893 331
75 83 683 293
75 84 752 229
75 85 450 260
75 86 850 155
75 87 652 76
75 88 397 60
75 89 102 241
75 90 434 328
75 91 124 199
76 82 229 281
76 83 496 101
76 84 140 143
76 85 511 316
76 86 437 347
76 87 330 27
76 88 626 103
76 89 30 272
76 90 24 61
76 91 329 218
77 82 999 19
77 83 397 149
77 84 677 103
77 85 95 266
77 86 624 41
77 87 156 279
77 88 363 347
77 89 4 145
77 90 528 160
77 91 452 200
78 82 670 25
78 83 661 229
78 84 921 113
78 85 200 227
78 86 290 264
78 87 493 131
78 88 591 247
78 89 936 219
78 90 824 173
78 91 965 219
79 82 594 355
79 83 248 9
79 84 787 109
79 85 289 237
79 86 888 39
79 87 465 70
79 88 656 279
79 89 208 216
79 90 339 144
79 91 60 77
80 82 221 108
80 83 540 265
80 84 610 221
80 85 776 290
80 86 741 306
80 87 672 278
80 88 901 297
80 89 458 18
80 90 452 245
80 91 233 119
81 82 716 282
81 83 122 116
81 84 502 323
81 85 154 109
81 86 473 65
81 87 535 180
81 88 333 323
81 89 746 227
81 90 254 78
81 91 169 154
82 92 94 183
82 93 543 244
82 94 708 22
82 95 384 132
82 96 767 263
82 97 754 321
82 98 893 55
82 99 935 134
82 100 709 18
82 101 319 100
83 92 893 79
83 93 532 251
83 94 671 94
83 95 128 315
83 96 121 167
83 97 325 181
83 98 451 126
83 99 831 34
83 100 298 335
83 101 684 229
84 92 745 298
84 93 146 353
84 94 277 43
84 95 957 225
84 96 205 241
84 97 509 31
84 98 604 139
84 99 585 277
84 100 12 265
84 101 803 348
85 92 252 290
85 93 40 73
85 94 20 58
85 95 884 317
85 96 235 185
85 97 453 316
85 98 132 282
85 99 644 215
85 100 312 215
85 101 952 231
86 92 577 82
86 93 546 347
86 94 752 322
86 95 420 197
86 96 466 48
86 97 84 234
86 98 489 81
86 99 770 316
86 100 532 280
86 101 357 206
87 92 364 109
87 93 853 53
87 94 361 10
87 95 284 352
87 96 620 66
87 97 34 259
87 98 338 262
87 99 43 223
87 100 118 199
87 101 612 106
88 92 380 32
88 93 375 52
88 94 764 37
88 95 871 2
88 96 34 10
88 97 307 199
88 98 701 15
88 99 610 231
88 100 591 307
88 101 63 352
89 92 11 260
89 93 910 53
89 94 938 245
89 95 653 274
89 96 816 68
89 97 346 72
89 98 174 246
89 99 633 184
89 100 873 249
89 101 223 92
90 92 886 182
90 93 233 309
90 94 661 171
90 95 823 185
90 96 671 33
90 97 919 315
90 98 801 36
90 99 855 240
90 100 47 54
90 101 196 296
91 92 144 6
91 93 965 31
91 94 255 65
91 95 289 54
91 96 769 100
91 97 438 9
91 98 158 321
91 99 35 235
91 100 748 339
91 101 680 133
92 102 400 104
92 103 145 36
92 104 90 209
92 105 582 105
92 106 408 326
92 107 48 257
92 108 369 285
92 109 843 319
92 110 120 174
92 111 428 289
93 102 284 148
93 103 545 192
93 104 14 81
93 105 999 130
93 106 10 239
93 107 709 213
93 108 323 219
93 109 778 337
93 110 918 63
93 111 855 105
94 102 246 297
94 103 392 250
94 104 181 300
94 105 249 165
94 106 263 126
94 107 361 324
94 108 676 57
94 109 377 179
94 110 716 49
94 111 595 256
95 102 108 3
95 103 791 70
95 104 219 263
95 105 398 265
95 106 751 327
95 107 749 324
95 108 835 260
95 109 480 165
95 110 39 328
95 111 720 57
96 102 245 300
96 103 53 294
96 104 147 54
96 105 117 137
96 106 205 235
96 107 885 2
96 108 122 221
96 109 32 294
96 110 519 77
96 111 703 177
97 102 737 116
97 103 867 290
97 104 85 108
97 105 986 94
97 106 351 332
97 107 49 188
97 108 352 224
97 109 967 261
97 110 939 106
97 111 189 241
98 102 684 291
98 103 20 146
98 104 143 20
98 105 937 156
98 106 505 48
98 107 160 162
98 108 935 254
98 109 184 78
98 110 157 66
98 111 40 154
99 102 335 286
99 103 317 82
99 104 921 244
99 105 514 160
99 106 373 293
99 107 665 3
99 108 987 98
99 109 639 95
99 110 911 31
99 111 932 12
100 102 851 141
100 103 34 16
100 104 989 274
100 105 772 107
100 106 683 87
100 107 799 9
100 108 337 129
100 109 52 345
100 110 284 94
100 111 923 250
101 102 132 32
101 103 394 2
101 104 409 4
101 105 84 353
101 106 485 274
101 107 800 95
101 108 979 106
101 109 96 93
101 110 736 169
101 111 155 111
102 112 149 215
102 113 81 90
102 114 873 192
102 115 588 35
102 116 949 310
102 117 829 193
102 118 431 221
102 119 419 170
102 120 847 45
102 121 282 32
103 112 732 108
103 113 339 206
103 114 506 40
103 115 913 169
103 116 665 247
103 117 995 22
103 118 311 301
103 119 347 313
103 120 850 100
103 121 407 29
104 112 571 149
104 113 860 195
104 114 858 313
104 115 780 280
104 116 771 113
104 117 593 267
104 118 321 4
104 119 628 120
104 120 131 95
104 121 677 2
105 112 46 43
105 113 323 167
105 114 874 345
105 115 956 256
105 116 665 346
105 117 35 147
105 118 77 115
105 119 979 304
105 120 518 74
105 121 803 254
106 112 452 261
106 113 143 165
106 114 865 228
106 115 673 91
106 116 160 17
106 117 37 269
106 118 751 5
106 119 526 108
106 120 887 313
106 121 967 63
107 112 805 265
107 113 727 19
107 114 651 300
107 115 824 335
107 116 708 246
107 117 372 298
107 118 981 36
107 119 686 8
107 120 48 270
107 121 64 4
108 112 730 112
108 113 94 136
108 114 277 182
108 115 530 344
108 116 723 188
108 117 780 175
108 118 421 294
108 119 996 251
108 120 90 115
108 121 505 283
109 112 977 114
109 113 930 130
109 114 721 181
109 115 283 213
109 116 620 221
109 117 378 214
109 118 993 172
109 119 441 325
109 120 819 307
109 121 695 71
110 112 196 285
110 113 971 322
110 114 695 294
110 115 317 243
110 116 462 255
110 117 444 292
110 118 320 348
110 119 16 341
110 120 484 39
110 121 577 75
111 112 671 258
111 113 433 40
111 114 353 160
111 115 533 144
111 116 208 30
111 117 130 268
111 118 434 238
111 119 441 6
111 120 348 153
111 121 348 281
112 122 139 73
112 123 403 286
112 124 75 186
112 125 411 75
112 126 254 253
112 127 896 169
112 128 482 64
112 129 633 43
112 130 212 36
112 131 292 101
113 122 885 77
113 123 649 233
113 124 320 352
113 125 355 43
113 126 550 269
113 127 704 6
113 128 551 166
113 129 427 61
113 130 60 35
113 131 448 99
114 122 430 314
114 123 153 112
114 124 25 30
114 125 684 24
114 126 176 72
114 127 312 131
114 128 129 123
114 129 125 127
114 130 58 205
114 131 451 19
115 122 869 86
115 123 947 342
115 124 571 139
115 125 579 65
115 126 606 31
115 127 51 15
115 128 852 42
115 129 794 16
115 130 401 215
115 131 655 146
116 122 441 168
116 123 285 145
116 124 507 41
116 125 659 111
116 126 592 178
116 127 719 90
116 128 542 17
116 129 718 1
116 130 372 214
116 131 657 66
117 122 461 227
117 123 906 22
117 124 393 52
117 125 179 287
117 126 309 315
117 127 690 198
117 128 912 11
117 129 873 102
117 130 39 100
117 131 941 98
118 122 171 161
118 123 11 32
118 124 586 102
118 125 965 222
118 126 195 288
118 127 568 46
118 128 974 254
118 129 810 155
118 130 146 28
118 131 3 8
119 122 69 163
119 123 689 135
119 124 293 247
119 125 188 333
119 126 379 118
119 127 591 296
119 128 513 268
119 129 787 188
119 130 595 178
119 131 541 65
120 122 297 297
120 123 90 135
120 124 554 192
120 125 581 204
120 126 437 151
120 127 33 91
120 128 222 264
120 129 897 103
120 130 640 142
120 131 20 276
121 122 817 232
121 123 561 209
121 124 813 137
121 125 880 346
121 126 71 100
121 127 438 312
121 128 371 305
121 129 957 74
121 130 705 328
121 131 395 300
122 132 879 41
122 133 883 323
122 134 577 37
122 135 931 178
122 136 201 341
122 137 661 275
122 138 556 316
122 139 890 68
122 140 273 325
122 141 977 240
123 132 872 314
123 133 996 327
123 134 125 234
123 135 527 253
123 136 616 82
123 137 386 3
123 138 494 294
123 139 897 41
123 140 49 346
123 141 447 41
124 132 841 326
124 133 971 85
124 134 308 306
124 135 614 87
124 136 634 225
124 137 698 230
124 138 763 316
124 139 151 177
124 140 254 112
124 141 176 28
125 132 964 288
125 133 322 213
125 134 78 226
125 135 350 225
125 136 619 116
125 137 199 98
125 138 215 219
125 139 272 117
125 140 293 304
125 141 202 301
126 132 558 134
126 133 781 245
126 134 136 174
126 135 609 188
126 136 496 81
126 137 793 57
126 138 95 262
126 139 290 163
126 140 356 255
126 141 760 49
127 132 651 152
127 133 322 117
127 134 721 207
127 135 533 169
127 136 215 59
127 137 313 142
127 138 367 148
127 139 467 14
127 140 240 53
127 141 416 149
128 132 875 240
128 133 46 77
128 134 521 338
128 135 639 317
128 136 826 167
128 137 863 1
128 138 265 290
128 139 461 31
128 140 539 83
128 141 612 277
129 132 410 229
129 133 272 339
129 134 346 293
129 135 33 100
129 136 508 14
129 137 45 305
129 138 962 346
129 139 110 164
129 140 828 278
129 141 334 65
130 132 411 156
130 133 827 199
130 134 875 66
130 135 107 320
130 136 45 112
130 137 539 226
130 138 855 86
130 139 568 273
130 140 565 62
130 141 446 144
131 132 200 186
131 133 895 214
131 134 501 260
131 135 154 189
131 136 690 164
131 137 603 66
131 138 739 58
131 139 985 239
131 140 499 162
131 141 592 166
132 142 156 264
132 143 338 96
132 144 248 78
132 145 395 157
132 146 764 42
132 147 963 278
132 148 472 62
132 149 868 99
132 150 361 25
132 151 996 318
133 142 204 254
133 143 273 122
133 144 72 89
133 145 446 292
133 146 770 60
133 147 779 254
133 148 54 304
133 149 807 128
133 150 199 340
133 151 358 293
134 142 216 315
134 143 533 277
134 144 440 1
134 145 833 162
134 146 988 198
134 147 334 52
134 148 50 237
134 149 736 258
134 150 590 317
134 151 327 104
135 142 634 94
135 143 971 344
135 144 539 58
135 145 962 3
135 146 183 353
135 147 140 267
135 148 707 42
135 149 546 304
135 150 626 129
135 151 872 217
136 142 68 313
136 143 112 166
136 144 549 51
136 145 267 139
136 146 465 33
136 147 407 175
136 148 60 165
136 149 324 28
136 150 3 185
136 151 894 263
137 142 422 139
137 143 76 237
137 144 322 354
137 145 426 141
137 146 407 293
137 147 261 180
137 148 193 110
137 149 424 269
137 150 878 162
137 151 298 297
138 142 151 317
138 143 428 234
138 144 599 80
138 145 52 101
138 146 772 343
138 147 548 207
138 148 347 175
138 149 175 275
138 150 353 51
138 151 117 109
139 142 439 287
139 143 110 194
139 144 901 343
139 145 56 162
139 146 226 227
139 147 886 30
139 148 199 205
139 149 147 355
139 150 373 244
139 151 744 97
140 142 779 106
140 143 246 78
140 144 312 73
140 145 118 261
140 146 194 80
140 147 66 207
140 148 826 94
140 149 726 249
140 150 798 125
140 151 165 202
141 142 228 150
141 143 935 33
141 144 713 265
141 145 321 19
141 146 237 95
141 147 286 337
141 148 60 31
141 149 96 105
141 150 274 346
141 151 334 138
142 152 159 157
143 152 753 4
144 152 271 36
145 152 250 201
146 152 126 267
147 152 102 240
148 152 399 250
149 152 826 38
150 152 1000 343
151 152 406 123
