152 1420 1 152 7 355
1 2 252 251
1 3 440 242
1 4 162 265
1 5 636 316
1 6 464 22
1 7 49 1
1 8 177 218
1 9 33 172
1 10 621 185
1 11 899 218
2 12 572 36
2 13 970 216
2 14 628 260
2 15 55 180
2 16 509 290
2 17 368 233
2 18 494 234
2 19 745 343
2 20 680 335
2 21 726 195
3 12 49 230
3 13 715 155
3 14 998 66
3 15 795 251
3 16 88 100
3 17 105 108
3 18 855 2
3 19 156 238
3 20 212 3
3 21 946 179
4 12 161 205
4 13 584 3
4 14 412 311
4 15 179 94
4 16 704 254
4 17 510 149
4 18 599 343
4 19 846 149
4 20 150 298
4 21 837 342
5 12 398 201
5 13 408 83
5 14 63 351
5 15 403 332
5 16 309 296
5 17 305 344
5 18 971 109
5 19 974 302
5 20 97 50
5 21 989 67
6 12 606 89
6 13 790 242
6 14 797 150
6 15 530 292
6 16 605 84
6 17 929 62
6 18 818 49
6 19 593 339
6 20 954 153
6 21 717 163
7 12 728 191
7 13 713 77
7 14 450 276
7 15 283 331
7 16 189 131
7 17 947 325
7 18 594 335
7 19 850 244
7 20 466 35
7 21 274 283
8 12 105 308
8 13 330 42
8 14 127 330
8 15 233 91
8 16 503 149
8 17 804 246
8 18 984 75
8 19 510 235
8 20 624 180
8 21 828 44
9 12 600 115
9 13 893 279
9 14 213 146
9 15 687 115
9 16 918 246
9 17 833 183
9 18 23 128
9 19 177 60
9 20 75 104
9 21 7 244
10 12 981 12
10 13 953 39
10 14 134 214
10 15 794 208
10 16 418 84
10 17 869 183
10 18 972 224
10 19 418 130
10 20 272 324
10 21 325 188
11 12 888 291
11 13 923 300
11 14 719 2
11 15 853 286
11 16 569 178
11 17 30 224
11 18 132 339
11 19 111 318
11 20 690 171
11 21 799 161
12 22 58 160
12 23 621 34
12 24 894 340
12 25 962 45
12 26 739 118
12 27 981 65
12 28 784 83
12 29 674 223
12 30 6 95
12 31 767 253
13 22 886 258
13 23 241 12
13 24 247 245
13 25 55 21
13 26 456 292
13 27 520 322
13 28 309 249
13 29 812 154
13 30 436 111
13 31 867 14
14 22 97 205
14 23 479 328
14 24 501 65
14 25 870 149
14 26 39 186
14 27 382 106
14 28 46 152
14 29 66 58
14 30 749 77
14 31 500 293
15 22 541 44
15 23 462 220
15 24 939 276
15 25 127 29
15 26 141 329
15 27 828 200
15 28 224 41
15 29 937 122
15 30 521 34
15 31 551 32
16 22 540 102
16 23 85 39
16 24 428 15
16 25 367 46
16 26 31 259
16 27 511 172
16 28 338 264
16 29 194 256
16 30 13 124
16 31 535 97
17 22 854 20
17 23 933 181
17 24 19 231
17 25 961 129
17 26 938 229
17 27 497 61
17 28 860 240
17 29 96 9
17 30 767 129
17 31 934 34
18 22 843 328
18 23 698 255
18 24 735 224
18 25 575 169
18 26 87 105
18 27 549 203
18 28 931 252
18 29 29 212
18 30 452 211
18 31 903 138
19 22 58 292
19 23 52 285
19 24 302 101
19 25 963 56
19 26 463 196
19 27 61 229
19 28 295 294
19 29 697 346
19 30 41 263
19 31 707 339
20 22 859 293
20 23 16 252
20 24 141 42
20 25 197 220
20 26 476 147
20 27 265 198
20 28 154 167
20 29 923 297
20 30 731 26
20 31 886 225
21 22 986 15
21 23 948 271
21 24 87 231
21 25 112 37
21 26 742 109
21 27 535 28
21 28 247 219
21 29 402 223
21 30 12 164
21 31 549 84
22 32 42 140
22 33 638 166
22 34 536 315
22 35 273 161
22 36 994 266
22 37 850 238
22 38 626 115
22 39 864 114
22 40 149 292
22 41 521 332
23 32 674 136
23 33 170 44
23 34 405 118
23 35 228 264
23 36 60 226
23 37 418 213
23 38 949 312
23 39 710 28
23 40 746 81
23 41 62 67
24 32 372 279
24 33 248 288
24 34 791 121
24 35 5 234
24 36 817 100
24 37 75 33
24 38 473 31
24 39 268 329
24 40 877 88
24 41 100 260
25 32 581 255
25 33 215 37
25 34 903 159
25 35 61 91
25 36 538 225
25 37 88 221
25 38 786 145
25 39 343 255
25 40 409 44
25 41 614 307
26 32 28 11
26 33 940 176
26 34 659 158
26 35 161 345
26 36 847 219
26 37 6 292
26 38 415 199
26 39 773 317
26 40 862 203
26 41 321 119
27 32 533 132
27 33 600 264
27 34 994 262
27 35 819 29
27 36 367 179
27 37 867 23
27 38 970 257
27 39 321 5
27 40 380 283
27 41 32 30
28 32 371 156
28 33 153 303
28 34 456 220
28 35 556 68
28 36 631 135
28 37 544 50
28 38 84 23
28 39 971 91
28 40 280 103
28 41 54 18
29 32 698 93
29 33 568 265
29 34 119 69
29 35 244 242
29 36 376 294
29 37 234 34
29 38 571 305
29 39 531 122
29 40 468 309
29 41 741 191
30 32 906 124
30 33 292 4
30 34 748 181
30 35 383 170
30 36 466 350
30 37 178 228
30 38 4 54
30 39 693 168
30 40 873 81
30 41 832 261
31 32 901 261
31 33 745 26
31 34 787 321
31 35 665 17
31 36 466 341
31 37 8 309
31 38 233 307
31 39 194 253
31 40 772 309
31 41 628 181
32 42 74 118
32 43 368 105
32 44 665 301
32 45 352 20
32 46 684 132
32 47 406 191
32 48 759 249
32 49 617 14
32 50 557 95
32 51 885 226
33 42 31 354
33 43 746 148
33 44 130 349
33 45 37 141
33 46 180 20
33 47 263 258
33 48 455 70
33 49 368 319
33 50 997 29
33 51 230 177
34 42 608 227
34 43 826 17
34 44 948 275
34 45 343 234
34 46 390 188
34 47 127 159
34 48 141 344
34 49 859 227
34 50 437 159
34 51 397 207
35 42 785 127
35 43 575 240
35 44 43 348
35 45 611 162
35 46 774 147
35 47 755 59
35 48 143 239
35 49 612 295
35 50 350 301
35 51 735 324
36 42 139 54
36 43 682 320
36 44 979 129
36 45 777 223
36 46 477 324
36 47 442 255
36 48 961 132
36 49 517 155
36 50 174 228
36 51 630 340
37 42 961 256
37 43 781 26
37 44 831 261
37 45 617 68
37 46 905 59
37 47 310 58
37 48 650 179
37 49 233 264
37 50 812 312
37 51 866 109
38 42 523 329
38 43 139 213
38 44 209 19
38 45 280 324
38 46 855 72
38 47 712 139
38 48 982 329
38 49 411 224
38 50 959 176
38 51 167 43
39 42 702 47
39 43 678 81
39 44 134 172
39 45 791 347
39 46 874 61
39 47 470 82
39 48 553 294
39 49 732 329
39 50 462 68
39 51 456 242
40 42 497 265
40 43 450 35
40 44 527 265
40 45 767 133
40 46 846 228
40 47 229 194
40 48 920 99
40 49 637 6
40 50 302 105
40 51 45 133
41 42 389 80
41 43 868 39
41 44 620 60
41 45 332 184
41 46 214 231
41 47 560 282
41 48 571 199
41 49 617 28
41 50 166 64
41 51 215 177
42 52 103 193
42 53 147 176
42 54 547 120
42 55 90 147
42 56 621 48
42 57 752 44
42 58 663 193
42 59 357 22
42 60 740 89
42 61 624 226
43 52 812 319
43 53 378 276
43 54 74 258
43 55 81 81
43 56 93 254
43 57 958 324
43 58 595 332
43 59 756 182
43 60 553 336
43 61 541 125
44 52 187 297
44 53 204 254
44 54 210 239
44 55 107 351
44 56 36 69
44 57 175 21
44 58 288 11
44 59 365 343
44 60 167 352
44 61 232 28
45 52 564 332
45 53 296 76
45 54 494 217
45 55 821 106
45 56 747 88
45 57 839 265
45 58 614 48
45 59 919 324
45 60 199 250
45 61 494 4
46 52 801 112
46 53 5 244
46 54 647 150
46 55 314 206
46 56 313 25
46 57 769 173
46 58 450 55
46 59 131 311
46 60 326 221
46 61 293 53
47 52 142 33
47 53 547 121
47 54 230 156
47 55 794 46
47 56 561 227
47 57 453 243
47 58 74 280
47 59 170 104
47 60 45 31
47 61 805 55
48 52 364 342
48 53 846 126
48 54 864 268
48 55 34 6
48 56 120 192
48 57 392 70
48 58 517 140
48 59 828 300
48 60 374 227
48 61 964 94
49 52 360 173
49 53 162 161
49 54 870 76
49 55 257 123
49 56 856 87
49 57 763 290
49 58 559 268
49 59 794 229
49 60 194 33
49 61 628 184
50 52 335 178
50 53 439 218
50 54 134 32
50 55 39 54
50 56 455 254
50 57 939 215
50 58 540 299
50 59 632 212
50 60 771 301
50 61 296 55
51 52 575 202
51 53 533 308
51 54 745 119
51 55 780 336
51 56 250 98
51 57 193 67
51 58 514 246
51 59 327 262
51 60 370 93
51 61 304 184
52 62 615 56
52 63 639 99
52 64 462 16
52 65 396 284
52 66 735 154
52 67 208 293
52 68 188 269
52 69 478 84
52 70 177 147
52 71 509 348
53 62 78 112
53 63 55 10
53 64 726 63
53 65 9 74
53 66 405 85
53 67 539 13
53 68 142 219
53 69 82 13
53 70 409 29
53 71 727 254
54 62 9 18
54 63 914 320
54 64 764 300
54 65 785 131
54 66 99 27
54 67 403 7
54 68 588 105
54 69 308 84
54 70 432 344
54 71 945 65
55 62 611 348
55 63 250 199
55 64 290 346
55 65 960 227
55 66 154 281
55 67 143 196
55 68 231 43
55 69 104 190
55 70 187 42
55 71 935 274
56 62 961 211
56 63 205 11
56 64 115 296
56 65 794 214
56 66 474 270
56 67 320 169
56 68 108 240
56 69 473 241
56 70 490 29
56 71 772 312
57 62 933 65
57 63 130 78
57 64 162 87
57 65 41 235
57 66 496 201
57 67 409 234
57 68 662 196
57 69 478 68
57 70 425 310
57 71 142 19
58 62 54 48
58 63 331 275
58 64 185 2
58 65 339 300
58 66 760 159
58 67 912 153
58 68 172 210
58 69 470 131
58 70 389 234
58 71 726 338
59 62 668 39
59 63 123 199
59 64 939 4
59 65 136 181
59 66 252 85
59 67 149 201
59 68 787 182
59 69 512 47
59 70 959 215
59 71 527 162
60 62 401 340
60 63 809 76
60 64 40 330
60 65 309 231
60 66 869 133
60 67 200 130
60 68 250 258
60 69 54 208
60 70 216 250
60 71 385 233
61 62 565 65
61 63 416 227
61 64 769 251
61 65 923 344
61 66 394 348
61 67 9 304
61 68 514 134
61 69 677 268
61 70 142 214
61 71 181 8
62 72 122 240
62 73 51 154
62 74 818 340
62 75 11 46
62 76 903 70
62 77 126 345
62 78 561 226
62 79 763 270
62 80 624 227
62 81 207 195
63 72 45 230
63 73 240 208
63 74 529 182
63 75 797 311
63 76 550 251
63 77 985 263
63 78 714 63
63 79 147 267
63 80 996 49
63 81 544 322
64 72 383 43
64 73 834 217
64 74 439 153
64 75 731 305
64 76 730 174
64 77 701 337
64 78 269 231
64 79 568 354
64 80 127 101
64 81 12 105
65 72 493 194
65 73 785 18
65 74 157 283
65 75 524 54
65 76 731 224
65 77 199 126
65 78 582 13
65 79 711 346
65 80 597 24
65 81 362 185
66 72 691 69
66 73 248 98
66 74 456 109
66 75 966 252
66 76 547 353
66 77 460 193
66 78 315 58
66 79 488 32
66 80 724 96
66 81 305 12
67 72 791 305
67 73 84 291
67 74 751 109
67 75 378 264
67 76 697 259
67 77 659 261
67 78 557 205
67 79 884 195
67 80 917 334
67 81 890 255
68 72 23 152
68 73 145 40
68 74 510 55
68 75 870 120
68 76 107 256
68 77 913 204
68 78 141 196
68 79 944 174
68 80 775 261
68 81 340 41
69 72 129 174
69 73 649 294
69 74 348 26
69 75 194 75
69 76 268 275
69 77 811 265
69 78 854 14
69 79 419 51
69 80 476 120
69 81 835 195
70 72 685 324
70 73 485 227
70 74 668 117
70 75 724 194
70 76 574 281
70 77 812 227
70 78 750 146
70 79 561 321
70 80 248 266
70 81 971 27
71 72 860 56
71 73 596 91
71 74 683 24
71 75 629 266
71 76 112 232
71 77 411 82
71 78 282 114
71 79 8 319
71 80 583 25
71 81 859 110
72 82 377 155
72 83 11 334
72 84 721 145
72 85 764 2
72 86 882 188
72 87 761 347
72 88 920 125
72 89 860 211
72 90 719 36
72 91 52 32
73 82 290 187
73 83 96 83
73 84 498 333
73 85 910 296
73 86 625 339
73 87 305 312
73 88 92 258
73 89 860 201
73 90 256 195
73 91 418 306
74 82 899 185
74 83 842 184
74 84 245 341
74 85 95 224
74 86 362 139
74 87 755 200
74 88 96 100
74 89 700 139
74 90 197 284
74 91 841 231
75 82 357 352
75 83 871 80
75 84 895 50
75 85 552 284
75 86 983 304
75 87 978 185
75 88 260 254
75 89 799 2
75 90 611 120
75 91 433 277
76 82 117 13
76 83 768 18
76 84 26 87
76 85 2 183
76 86 995 323
76 87 335 254
76 88 552 143
76 89 627 12
76 90 114 26
76 91 55 278
77 82 981 350
77 83 221 164
77 84 18 90
77 85 525 13
77 86 754 295
77 87 866 308
77 88 338 102
77 89 57 335
77 90 593 74
77 91 197 204
78 82 408 77
78 83 803 219
78 84 797 331
78 85 480 36
78 86 279 237
78 87 426 192
78 88 653 151
78 89 244 288
78 90 272 310
78 91 874 349
79 82 71 274
79 83 74 335
79 84 155 273
79 85 686 331
79 86 96 162
79 87 32 1
79 88 768 332
79 89 398 224
79 90 490 211
79 91 918 48
80 82 929 341
80 83 329 89
80 84 568 261
80 85 758 202
80 86 889 201
80 87 398 74
80 88 73 129
80 89 500 262
80 90 346 101
80 91 648 300
81 82 832 5
81 83 954 332
81 84 708 91
81 85 942 202
81 86 904 139
81 87 38 184
81 88 737 347
81 89 631 118
81 90 564 159
81 91 736 230
82 92 550 64
82 93 524 21
82 94 418 108
82 95 560 272
82 96 956 299
82 97 611 104
82 98 519 238
82 99 791 28
82 100 921 36
82 101 35 55
83 92 307 21
83 93 46 250
83 94 962 50
83 95 201 60
83 96 363 143
83 97 265 284
83 98 568 151
83 99 491 39
83 100 112 81
83 101 675 311
84 92 957 123
84 93 739 201
84 94 474 177
84 95 63 17
84 96 446 156
84 97 301 155
84 98 55 97
84 99 814 222
84 100 628 137
84 101 377 9
85 92 678 117
85 93 156 17
85 94 305 168
85 95 584 221
85 96 229 10
85 97 91 196
85 98 859 114
85 99 387 304
85 100 689 100
85 101 202 254
86 92 133 39
86 93 757 176
86 94 528 35
86 95 63 166
86 96 697 108
86 97 765 239
86 98 842 214
86 99 992 113
86 100 863 78
86 101 652 239
87 92 154 250
87 93 454 151
87 94 743 339
87 95 924 202
87 96 981 131
87 97 272 121
87 98 921 129
87 99 593 324
87 100 860 9
87 101 228 115
88 92 465 306
88 93 601 17
88 94 213 30
88 95 924 215
88 96 477 165
88 97 599 212
88 98 663 144
88 99 320 110
88 100 423 19
88 101 985 254
89 92 400 255
89 93 518 149
89 94 53 12
89 95 177 115
89 96 891 272
89 97 186 226
89 98 952 163
89 99 343 34
89 100 794 88
89 101 51 113
90 92 700 27
90 93 209 231
90 94 466 74
90 95 231 159
90 96 477 88
90 97 148 264
90 98 803 112
90 99 614 230
90 100 823 102
90 101 467 171
91 92 345 247
91 93 648 28
91 94 817 55
91 95 97 22
91 96 267 235
91 97 184 333
91 98 923 6
91 99 896 289
91 100 221 348
91 101 140 133
92 102 27 184
92 103 874 2
92 104 4 333
92 105 500 317
92 106 375 242
92 107 925 95
92 108 223 305
92 109 876 227
92 110 49 133
92 111 70 63
93 102 94 244
93 103 100 317
93 104 840 96
93 105 191 227
93 106 409 128
93 107 815 309
93 108 600 123
93 109 806 126
93 110 805 109
93 111 612 42
94 102 711 274
94 103 117 58
94 104 658 177
94 105 703 90
94 106 940 213
94 107 167 169
94 108 887 79
94 109 71 153
94 110 606 154
94 111 965 188
95 102 906 26
95 103 515 333
95 104 559 188
95 105 547 305
95 106 992 198
95 107 149 341
95 108 851 51
95 109 975 5
95 110 264 351
95 111 997 132
96 102 224 326
96 103 317 14
96 104 632 26
96 105 91 25
96 106 264 51
96 107 519 232
96 108 570 107
96 109 770 259
96 110 211 248
96 111 580 129
97 102 307 328
97 103 207 292
97 104 692 144
97 105 856 201
97 106 103 135
97 107 683 352
97 108 427 298
97 109 714 221
97 110 534 327
97 111 726 325
98 102 47 93
98 103 674 238
98 104 682 35
98 105 978 172
98 106 575 251
98 107 604 32
98 108 939 48
98 109 843 57
98 110 201 322
98 111 550 168
99 102 108 177
99 103 735 326
99 104 17 255
99 105 98 14
99 106 371 316
99 107 348 349
99 108 721 10
99 109 102 73
99 110 905 63
99 111 998 21
100 102 468 46
100 103 506 104
100 104 193 323
100 105 897 279
100 106 365 302
100 107 678 199
100 108 201 290
100 109 854 267
100 110 974 322
100 111 591 208
101 102 930 45
101 103 251 325
101 104 829 136
101 105 432 122
101 106 185 91
101 107 973 121
101 108 343 178
101 109 178 147
101 110 707 148
101 111 925 281
102 112 637 239
102 113 66 42
102 114 534 84
102 115 730 325
102 116 816 297
102 117 969 64
102 118 285 13
102 119 175 137
102 120 561 230
102 121 244 184
103 112 766 347
103 113 368 242
103 114 110 79
103 115 22 107
103 116 198 176
103 117 21 241
103 118 493 289
103 119 831 296
103 120 274 115
103 121 827 100
104 112 246 160
104 113 709 50
104 114 300 40
104 115 454 261
104 116 212 300
104 117 499 193
104 118 63 150
104 119 956 283
104 120 659 230
104 121 883 66
105 112 376 349
105 113 799 31
105 114 485 239
105 115 57 196
105 116 491 128
105 117 216 65
105 118 516 144
105 119 796 51
105 120 541 53
105 121 35 63
106 112 286 164
106 113 15 132
106 114 67 152
106 115 618 5
106 116 461 159
106 117 306 217
106 118 45 237
106 119 514 169
106 120 314 307
106 121 626 32
107 112 180 67
107 113 925 144
107 114 916 300
107 115 356 291
107 116 230 191
107 117 327 270
107 118 955 165
107 119 73 151
107 120 632 230
107 121 677 108
108 112 262 11
108 113 398 180
108 114 851 334
108 115 170 134
108 116 451 144
108 117 768 11
108 118 956 211
108 119 314 231
108 120 450 215
108 121 586 8
109 112 3 119
109 113 1 330
109 114 111 118
109 115 639 295
109 116 383 193
109 117 632 237
109 118 253 234
109 119 336 238
109 120 166 32
109 121 809 286
110 112 850 291
110 113 636 74
110 114 51 42
110 115 22 47
110 116 748 77
110 117 694 287
110 118 136 86
110 119 868 30
110 120 425 182
110 121 950 154
111 112 118 236
111 113 36 202
111 114 398 138
111 115 656 94
111 116 320 34
111 117 421 347
111 118 980 113
111 119 264 36
111 120 632 206
111 121 730 282
112 122 983 22
112 123 812 237
112 124 299 330
112 125 775 149
112 126 74 120
112 127 622 93
112 128 625 238
112 129 183 45
112 130 29 294
112 131 794 226
113 122 29 293
113 123 470 299
113 124 630 292
113 125 811 321
113 126 813 49
113 127 690 243
113 128 565 291
113 129 759 123
113 130 216 131
113 131 398 282
114 122 17 155
114 123 70 15
114 124 479 354
114 125 170 169
114 126 181 187
114 127 945 52
114 128 744 137
114 129 882 186
114 130 904 291
114 131 716 205
115 122 524 66
115 123 304 165
115 124 560 64
115 125 808 341
115 126 796 335
115 127 879 161
115 128 38 209
115 129 209 153
115 130 20 296
115 131 348 193
116 122 28 232
116 123 43 82
116 124 15 67
116 125 766 304
116 126 150 30
116 127 261 234
116 128 163 279
116 129 582 251
116 130 300 248
116 131 299 175
117 122 450 26
117 123 995 123
117 124 212 277
117 125 653 176
117 126 754 69
117 127 724 109
117 128 477 155
117 129 83 56
117 130 216 132
117 131 25 209
118 122 406 18
118 123 558 332
118 124 340 157
118 125 655 85
118 126 664 63
118 127 770 97
118 128 221 111
118 129 92 237
118 130 258 114
118 131 31 224
119 122 163 52
119 123 999 326
119 124 250 105
119 125 888 26
119 126 919 43
119 127 468 169
119 128 930 244
119 129 400 307
119 130 431 327
119 131 696 354
120 122 648 215
120 123 36 126
120 124 306 285
120 125 550 151
120 126 935 3
120 127 368 193
120 128 911 325
120 129 733 350
120 130 445 67
120 131 462 19
121 122 630 70
121 123 4 74
121 124 243 304
121 125 549 220
121 126 195 333
121 127 792 201
121 128 185 189
121 129 773 169
121 130 1000 208
121 131 693 126
122 132 185 116
122 133 691 250
122 134 178 56
122 135 871 355
122 136 520 142
122 137 510 32
122 138 398 179
122 139 472 115
122 140 235 19
122 141 649 5
123 132 43 187
123 133 191 280
123 134 492 301
123 135 374 164
123 136 792 34
123 137 718 337
123 138 918 94
123 139 865 269
123 140 335 129
123 141 569 280
124 132 23 166
124 133 292 74
124 134 480 136
124 135 324 183
124 136 417 9
124 137 702 105
124 138 556 346
124 139 925 293
124 140 628 157
124 141 558 337
125 132 641 329
125 133 929 32
125 134 665 288
125 135 37 268
125 136 648 194
125 137 991 96
125 138 699 46
125 139 202 333
125 140 28 345
125 141 354 273
126 132 91 121
126 133 458 35
126 134 272 196
126 135 401 271
126 136 373 178
126 137 761 109
126 138 736 221
126 139 668 97
126 140 980 333
126 141 704 276
127 132 435 293
127 133 558 283
127 134 308 324
127 135 84 75
127 136 319 139
127 137 649 309
127 138 194 109
127 139 400 309
127 140 629 336
127 141 646 174
128 132 305 29
128 133 603 60
128 134 526 90
128 135 714 198
128 136 926 352
128 137 745 274
128 138 695 116
128 139 299 52
128 140 956 177
128 141 928 144
129 132 480 118
129 133 659 52
129 134 597 83
129 135 451 255
129 136 600 134
129 137 661 112
129 138 825 229
129 139 379 292
129 140 905 87
129 141 607 245
130 132 718 192
130 133 689 187
130 134 13 232
130 135 68 57
130 136 107 78
130 137 318 239
130 138 32 57
130 139 357 123
130 140 849 40
130 141 187 141
131 132 953 280
131 133 656 252
131 134 236 345
131 135 759 46
131 136 729 74
131 137 519 242
131 138 880 227
131 139 100 342
131 140 426 51
131 141 311 183
132 142 216 126
132 143 725 65
132 144 744 227
132 145 443 41
132 146 858 84
132 147 615 218
132 148 536 105
132 149 533 7
132 150 663 36
132 151 924 99
133 142 391 26
133 143 977 71
133 144 984 62
133 145 912 325
133 146 281 18
133 147 806 99
133 148 499 53
133 149 12 326
133 150 539 213
133 151 692 21
134 142 563 186
134 143 289 127
134 144 344 38
134 145 242 285
134 146 358 288
134 147 637 182
134 148 879 52
134 149 25 51
134 150 940 209
134 151 742 63
135 142 28 60
135 143 785 78
135 144 551 311
135 145 549 160
135 146 896 74
135 147 138 172
135 148 952 21
135 149 842 247
135 150 303 242
135 151 881 301
136 142 37 156
136 143 902 258
136 144 466 57
136 145 425 295
136 146 799 263
136 147 135 220
136 148 255 195
136 149 899 202
136 150 865 303
136 151 334 113
137 142 549 122
137 143 545 194
137 144 133 176
137 145 69 92
137 146 771 177
137 147 216 337
137 148 294 316
137 149 58 346
137 150 577 37
137 151 200 260
138 142 97 283
138 143 491 131
138 144 976 215
138 145 898 93
138 146 8 200
138 147 556 30
138 148 299 132
138 149 139 120
138 150 811 203
138 151 563 109
139 142 519 273
139 143 620 216
139 144 48 210
139 145 838 48
139 146 989 254
139 147 764 24
139 148 321 49
139 149 422 325
139 150 529 159
139 151 108 233
140 142 862 81
140 143 69 21
140 144 701 76
140 145 914 31
140 146 769 16
140 147 531 272
140 148 710 308
140 149 830 165
140 150 822 220
140 151 696 55
141 142 847 196
141 143 602 85
141 144 257 251
141 145 235 274
141 146 63 290
141 147 936 18
141 148 346 197
141 149 335 320
141 150 600 12
141 151 193 57
142 152 423 309
143 152 649 48
144 152 508 83
145 152 528 2
146 152 5 267
147 152 980 40
148 152 47 81
149 152 885 74
150 152 629 161
151 152 435 276
