152 1420 1 152 7 355
1 2 108 257
1 3 837 242
1 4 484 143
1 5 13 112
1 6 840 124
1 7 470 311
1 8 100 286
1 9 146 205
1 10 446 156
1 11 959 45
2 12 849 316
2 13 152 14
2 14 596 133
2 15 155 189
2 16 563 112
2 17 998 102
2 18 136 184
2 19 162 11
2 20 137 251
2 21 789 180
3 12 589 272
3 13 161 341
3 14 300 13
3 15 931 27
3 16 706 24
3 17 396 146
3 18 81 7
3 19 103 145
3 20 323 51
3 21 839 304
4 12 370 27
4 13 812 290
4 14 693 338
4 15 338 92
4 16 896 253
4 17 841 60
4 18 932 283
4 19 72 70
4 20 734 184
4 21 373 229
5 12 461 340
5 13 937 222
5 14 705 69
5 15 760 1
5 16 451 84
5 17 152 269
5 18 166 61
5 19 501 190
5 20 292 237
5 21 165 339
6 12 373 164
6 13 297 56
6 14 961 269
6 15 5 148
6 16 848 260
6 17 289 294
6 18 644 294
6 19 304 187
6 20 899 221
6 21 557 188
7 12 188 103
7 13 529 224
7 14 743 354
7 15 113 335
7 16 157 108
7 17 655 274
7 18 302 11
7 19 518 72
7 20 497 73
7 21 901 144
8 12 382 65
8 13 795 185
8 14 540 130
8 15 785 333
8 16 419 130
8 17 223 154
8 18 633 164
8 19 709 122
8 20 357 112
8 21 152 47
9 12 17 9
9 13 425 312
9 14 145 8
9 15 875 230
9 16 901 295
9 17 840 287
9 18 947 15
9 19 93 257
9 20 457 48
9 21 839 290
10 12 349 235
10 13 403 8
10 14 32 192
10 15 802 64
10 16 694 68
10 17 356 88
10 18 375 27
10 19 221 65
10 20 960 195
10 21 443 194
11 12 790 295
11 13 681 170
11 14 65 193
11 15 915 143
11 16 941 306
11 17 512 275
11 18 729 217
11 19 194 160
11 20 217 201
11 21 858 37
12 22 606 190
12 23 974 15
12 24 699 196
12 25 188 324
12 26 403 328
12 27 540 71
12 28 832 298
12 29 352 89
12 30 165 326
12 31 944 213
13 22 722 74
13 23 919 301
13 24 873 141
13 25 622 276
13 26 897 183
13 27 248 131
13 28 518 15
13 29 974 101
13 30 109 149
13 31 643 4
14 22 166 50
14 23 548 294
14 24 326 114
14 25 473 309
14 26 678 259
14 27 273 283
14 28 322 251
14 29 658 250
14 30 470 192
14 31 810 23
15 22 156 132
15 23 293 12
15 24 191 231
15 25 685 6
15 26 241 329
15 27 643 165
15 28 975 80
15 29 211 240
15 30 974 100
15 31 956 224
16 22 206 303
16 23 781 42
16 24 760 20
16 25 830 70
16 26 745 324
16 27 785 335
16 28 465 271
16 29 929 298
16 30 312 171
16 31 380 201
17 22 712 53
17 23 333 82
17 24 148 91
17 25 425 222
17 26 193 215
17 27 66 67
17 28 109 31
17 29 563 178
17 30 812 43
17 31 329 32
18 22 795 238
18 23 566 36
18 24 55 197
18 25 557 152
18 26 679 205
18 27 927 315
18 28 592 133
18 29 911 181
18 30 296 45
18 31 839 312
19 22 429 308
19 23 789 330
19 24 416 4
19 25 590 112
19 26 117 352
19 27 73 306
19 28 615 106
19 29 483 67
19 30 171 156
19 31 307 272
20 22 673 30
20 23 537 197
20 24 195 278
20 25 606 211
20 26 462 308
20 27 10 249
20 28 132 351
20 29 315 200
20 30 246 53
20 31 89 202
21 22 543 1
21 23 984 186
21 24 546 57
21 25 949 260
21 26 716 276
21 27 483 269
21 28 995 122
21 29 232 111
21 30 9 249
21 31 443 38
22 32 747 255
22 33 293 43
22 34 351 209
22 35 642 328
22 36 652 87
22 37 222 212
22 38 250 322
22 39 410 100
22 40 868 59
22 41 159 239
23 32 520 78
23 33 120 226
23 34 89 161
23 35 644 206
23 36 376 112
23 37 590 286
23 38 592 143
23 39 677 217
23 40 721 106
23 41 405 248
24 32 685 24
24 33 110 35
24 34 574 80
24 35 851 65
24 36 199 77
24 37 257 166
24 38 34 242
24 39 191 240
24 40 118 92
24 41 376 91
25 32 884 213
25 33 269 326
25 34 797 133
25 35 4 262
25 36 789 257
25 37 936 352
25 38 295 305
25 39 775 12
25 40 466 335
25 41 211 105
26 32 265 80
26 33 734 139
26 34 200 127
26 35 723 347
26 36 616 315
26 37 581 130
26 38 111 180
26 39 847 161
26 40 9 96
26 41 616 77
27 32 204 189
27 33 792 214
27 34 587 83
27 35 471 43
27 36 755 295
27 37 168 18
27 38 925 143
27 39 327 283
27 40 966 200
27 41 61 91
28 32 150 238
28 33 672 331
28 34 920 302
28 35 749 183
28 36 363 324
28 37 433 334
28 38 329 270
28 39 927 239
28 40 901 151
28 41 671 142
29 32 461 213
29 33 663 173
29 34 588 242
29 35 383 34
29 36 131 50
29 37 726 11
29 38 6 285
29 39 225 270
29 40 820 50
29 41 422 188
30 32 672 101
30 33 410 124
30 34 277 292
30 35 62 125
30 36 467 239
30 37 964 281
30 38 446 300
30 39 215 92
30 40 245 289
30 41 430 245
31 32 193 250
31 33 700 1
31 34 823 37
31 35 906 343
31 36 553 335
31 37 274 277
31 38 48 333
31 39 51 209
31 40 224 206
31 41 668 141
32 42 596 37
32 43 222 85
32 44 385 344
32 45 528 97
32 46 594 161
32 47 79 5
32 48 435 223
32 49 619 252
32 50 649 276
32 51 27 122
33 42 522 124
33 43 547 232
33 44 852 46
33 45 319 310
33 46 930 353
33 47 450 332
33 48 908 189
33 49 921 337
33 50 50 150
33 51 167 58
34 42 863 123
34 43 523 38
34 44 362 289
34 45 462 259
34 46 433 87
34 47 490 69
34 48 60 182
34 49 836 64
34 50 601 335
34 51 378 234
35 42 106 29
35 43 515 145
35 44 97 116
35 45 395 197
35 46 311 53
35 47 585 205
35 48 553 118
35 49 210 293
35 50 413 179
35 51 53 152
36 42 326 244
36 43 410 164
36 44 280 40
36 45 275 167
36 46 851 306
36 47 271 213
36 48 175 175
36 49 92 198
36 50 733 87
36 51 596 216
37 42 580 50
37 43 580 208
37 44 121 270
37 45 596 76
37 46 105 152
37 47 45 65
37 48 496 124
37 49 663 2
37 50 602 18
37 51 98 171
38 42 436 122
38 43 731 298
38 44 619 255
38 45 461 33
38 46 293 334
38 47 584 247
38 48 451 26
38 49 556 74
38 50 773 211
38 51 621 136
39 42 286 161
39 43 668 82
39 44 539 5
39 45 404 66
39 46 257 147
39 47 58 77
39 48 251 149
39 49 436 235
39 50 126 68
39 51 628 205
40 42 662 139
40 43 739 273
40 44 382 141
40 45 260 233
40 46 705 324
40 47 193 313
40 48 16 147
40 49 85 308
40 50 265 164
40 51 288 2
41 42 201 137
41 43 970 8
41 44 298 74
41 45 52 158
41 46 641 56
41 47 821 258
41 48 847 56
41 49 478 128
41 50 819 132
41 51 977 99
42 52 759 273
42 53 334 209
42 54 457 53
42 55 425 233
42 56 935 259
42 57 653 143
42 58 355 101
42 59 483 99
42 60 626 220
42 61 383 167
43 52 660 50
43 53 543 174
43 54 780 138
43 55 542 2
43 56 510 196
43 57 655 304
43 58 60 61
43 59 753 198
43 60 656 279
43 61 193 38
44 52 97 74
44 53 982 31
44 54 18 344
44 55 271 313
44 56 379 243
44 57 344 331
44 58 196 287
44 59 429 324
44 60 468 306
44 61 713 336
45 52 183 83
45 53 371 26
45 54 389 226
45 55 347 54
45 56 18 221
45 57 308 13
45 58 685 243
45 59 535 196
45 60 837 305
45 61 532 237
46 52 579 7
46 53 228 71
46 54 923 151
46 55 285 93
46 56 47 268
46 57 116 47
46 58 494 5
46 59 193 21
46 60 206 149
46 61 902 104
47 52 457 74
47 53 155 132
47 54 51 220
47 55 382 131
47 56 340 130
47 57 273 24
47 58 159 178
47 59 6 265
47 60 49 98
47 61 131 189
48 52 707 81
48 53 415 271
48 54 563 348
48 55 285 197
48 56 797 313
48 57 533 223
48 58 320 291
48 59 752 274
48 60 961 245
48 61 480 344
49 52 80 181
49 53 163 259
49 54 491 98
49 55 71 101
49 56 245 343
49 57 215 345
49 58 327 297
49 59 201 184
49 60 761 284
49 61 397 198
50 52 93 99
50 53 571 190
50 54 484 48
50 55 252 249
50 56 97 87
50 57 907 265
50 58 441 97
50 59 209 342
50 60 173 123
50 61 603 48
51 52 41 327
51 53 124 261
51 54 153 203
51 55 686 81
51 56 692 267
51 57 182 213
51 58 401 110
51 59 343 209
51 60 83 149
51 61 394 242
52 62 699 32
52 63 295 292
52 64 325 185
52 65 32 15
52 66 988 331
52 67 883 40
52 68 475 103
52 69 290 264
52 70 851 79
52 71 132 211
53 62 315 209
53 63 31 85
53 64 577 118
53 65 596 330
53 66 567 16
53 67 495 293
53 68 995 137
53 69 42 260
53 70 130 209
53 71 568 31
54 62 817 223
54 63 244 108
54 64 335 7
54 65 628 178
54 66 192 133
54 67 577 87
54 68 455 31
54 69 325 160
54 70 859 42
54 71 538 322
55 62 449 176
55 63 716 262
55 64 262 306
55 65 982 256
55 66 327 154
55 67 360 348
55 68 389 253
55 69 48 350
55 70 777 103
55 71 738 294
56 62 645 327
56 63 661 54
56 64 902 257
56 65 160 31
56 66 163 143
56 67 889 256
56 68 987 61
56 69 235 12
56 70 976 319
56 71 105 219
57 62 789 283
57 63 427 60
57 64 467 296
57 65 523 264
57 66 51 349
57 67 962 228
57 68 625 78
57 69 84 248
57 70 589 303
57 71 367 67
58 62 945 352
58 63 781 39
58 64 426 316
58 65 391 321
58 66 639 322
58 67 170 14
58 68 176 227
58 69 854 27
58 70 855 139
58 71 931 153
59 62 291 301
59 63 218 159
59 64 457 225
59 65 285 220
59 66 284 178
59 67 633 136
59 68 338 131
59 69 306 214
59 70 70 280
59 71 347 59
60 62 201 275
60 63 78 340
60 64 635 293
60 65 833 154
60 66 245 94
60 67 337 308
60 68 518 79
60 69 747 98
60 70 857 112
60 71 959 153
61 62 656 22
61 63 534 352
61 64 814 252
61 65 413 173
61 66 551 124
61 67 749 282
61 68 950 22
61 69 360 175
61 70 366 175
61 71 418 255
62 72 179 29
62 73 386 14
62 74 640 134
62 75 810 89
62 76 502 347
62 77 416 210
62 78 185 240
62 79 238 35
62 80 17 160
62 81 299 76
63 72 683 25
63 73 482 90
63 74 476 325
63 75 440 156
63 76 98 95
63 77 317 3
63 78 146 6
63 79 632 248
63 80 283 297
63 81 428 199
64 72 445 163
64 73 647 141
64 74 184 320
64 75 185 115
64 76 804 77
64 77 644 144
64 78 383 203
64 79 128 351
64 80 117 247
64 81 567 282
65 72 710 38
65 73 839 282
65 74 596 96
65 75 220 128
65 76 6 48
65 77 224 131
65 78 68 313
65 79 432 180
65 80 42 267
65 81 148 300
66 72 324 36
66 73 506 85
66 74 868 188
66 75 976 164
66 76 309 24
66 77 929 322
66 78 357 209
66 79 241 169
66 80 410 287
66 81 474 272
67 72 155 300
67 73 153 329
67 74 793 336
67 75 40 221
67 76 26 162
67 77 206 111
67 78 409 281
67 79 579 2
67 80 685 71
67 81 391 189
68 72 786 292
68 73 753 237
68 74 947 293
68 75 732 24
68 76 546 257
68 77 882 291
68 78 713 61
68 79 11 315
68 80 838 183
68 81 541 341
69 72 276 115
69 73 72 334
69 74 570 198
69 75 234 9
69 76 663 267
69 77 801 31
69 78 21 165
69 79 814 275
69 80 958 347
69 81 468 30
70 72 885 106
70 73 592 350
70 74 785 240
70 75 802 154
70 76 310 65
70 77 943 278
70 78 205 208
70 79 186 112
70 80 688 97
70 81 28 191
71 72 10 76
71 73 283 236
71 74 376 75
71 75 436 204
71 76 794 109
71 77 132 226
71 78 441 261
71 79 231 139
71 80 491 85
71 81 612 138
72 82 949 82
72 83 78 134
72 84 917 186
72 85 398 216
72 86 929 25
72 87 867 158
72 88 43 253
72 89 270 108
72 90 695 9
72 91 33 130
73 82 724 312
73 83 720 284
73 84 695 246
73 85 439 204
73 86 346 342
73 87 216 140
73 88 340 268
73 89 930 111
73 90 647 349
73 91 81 174
74 82 348 136
74 83 972 81
74 84 459 7
74 85 497 13
74 86 584 281
74 87 58 98
74 88 423 192
74 89 151 31
74 90 125 152
74 91 549 123
75 82 842 19
75 83 475 80
75 84 394 342
75 85 598 303
75 86 417 67
75 87 414 82
75 88 181 287
75 89 233 113
75 90 23 154
75 91 854 127
76 82 189 243
76 83 541 88
76 84 4 131
76 85 400 244
76 86 642 260
76 87 727 110
76 88 504 68
76 89 768 319
76 90 88 286
76 91 556 225
77 82 664 353
77 83 629 222
77 84 285 184
77 85 926 210
77 86 38 253
77 87 367 269
77 88 692 65
77 89 873 221
77 90 295 60
77 91 510 36
78 82 672 189
78 83 211 51
78 84 795 174
78 85 721 307
78 86 848 183
78 87 246 175
78 88 532 18
78 89 916 108
78 90 700 318
78 91 625 206
79 82 981 110
79 83 999 111
79 84 722 80
79 85 35 324
79 86 541 281
79 87 422 253
79 88 859 131
79 89 309 101
79 90 844 135
79 91 352 43
80 82 812 74
80 83 701 183
80 84 828 101
80 85 162 98
80 86 354 66
80 87 393 258
80 88 219 49
80 89 274 77
80 90 557 155
80 91 866 303
81 82 402 279
81 83 733 309
81 84 741 216
81 85 904 229
81 86 59 107
81 87 856 249
81 88 214 71
81 89 240 296
81 90 85 126
81 91 603 237
82 92 485 117
82 93 316 168
82 94 696 312
82 95 891 104
82 96 993 175
82 97 994 224
82 98 904 77
82 99 526 201
82 100 938 76
82 101 487 55
83 92 704 38
83 93 809 240
83 94 261 68
83 95 25 253
83 96 2 12
83 97 384 209
83 98 929 113
83 99 788 54
83 100 459 265
83 101 823 233
84 92 778 52
84 93 715 244
84 94 650 113
84 95 117 21
84 96 281 316
84 97 6 11
84 98 751 303
84 99 186 148
84 100 928 244
84 101 4 128
85 92 847 315
85 93 893 322
85 94 703 247
85 95 478 340
85 96 116 327
85 97 226 154
85 98 654 111
85 99 185 157
85 100 199 274
85 101 849 32
86 92 504 152
86 93 858 3
86 94 160 13
86 95 436 290
86 96 879 267
86 97 52 150
86 98 229 61
86 99 501 179
86 100 436 157
86 101 558 125
87 92 568 199
87 93 646 94
87 94 162 152
87 95 222 38
87 96 741 264
87 97 498 42
87 98 806 264
87 99 705 2
87 100 47 355
87 101 466 8
88 92 908 12
88 93 741 114
88 94 510 151
88 95 204 104
88 96 621 11
88 97 453 177
88 98 917 329
88 99 620 53
88 100 940 100
88 101 714 141
89 92 386 41
89 93 124 196
89 94 40 38
89 95 845 307
89 96 873 29
89 97 706 248
89 98 118 272
89 99 40 346
89 100 994 43
89 101 510 295
90 92 31 65
90 93 892 165
90 94 318 72
90 95 13 202
90 96 809 257
90 97 635 190
90 98 679 174
90 99 96 290
90 100 663 160
90 101 952 119
91 92 827 136
91 93 780 282
91 94 433 16
91 95 735 100
91 96 864 196
91 97 431 99
91 98 972 290
91 99 564 148
91 100 33 321
91 101 303 312
92 102 840 299
92 103 312 28
92 104 220 108
92 105 544 138
92 106 337 286
92 107 4 174
92 108 12 88
92 109 203 170
92 110 801 93
92 111 656 121
93 102 212 19
93 103 262 320
93 104 394 67
93 105 831 231
93 106 5 254
93 107 367 339
93 108 863 172
93 109 653 353
93 110 111 254
93 111 345 341
94 102 344 265
94 103 327 250
94 104 739 350
94 105 581 220
94 106 603 273
94 107 724 103
94 108 65 29
94 109 94 200
94 110 605 273
94 111 340 344
95 102 977 9
95 103 923 5
95 104 756 114
95 105 87 275
95 106 424 312
95 107 786 275
95 108 137 144
95 109 393 3
95 110 201 83
95 111 477 248
96 102 655 324
96 103 397 174
96 104 781 334
96 105 455 1
96 106 990 85
96 107 368 41
96 108 310 131
96 109 595 12
96 110 780 274
96 111 697 33
97 102 826 228
97 103 477 75
97 104 369 336
97 105 872 194
97 106 187 319
97 107 143 314
97 108 798 136
97 109 436 251
97 110 17 148
97 111 137 327
98 102 195 175
98 103 610 131
98 104 672 57
98 105 814 294
98 106 682 315
98 107 134 346
98 108 58 138
98 109 781 113
98 110 886 84
98 111 849 342
99 102 10 314
99 103 226 185
99 104 946 132
99 105 490 242
99 106 607 156
99 107 451 106
99 108 968 244
99 109 928 9
99 110 403 201
99 111 151 161
100 102 662 332
100 103 629 196
100 104 945 44
100 105 316 21
100 106 128 20
100 107 967 192
100 108 568 135
100 109 883 171
100 110 858 332
100 111 152 298
101 102 902 80
101 103 320 23
101 104 782 318
101 105 594 82
101 106 365 347
101 107 582 62
101 108 34 186
101 109 967 63
101 110 471 40
101 111 701 272
102 112 228 295
102 113 644 285
102 114 990 49
102 115 181 213
102 116 736 62
102 117 107 79
102 118 955 188
102 119 381 50
102 120 910 219
102 121 20 107
103 112 946 109
103 113 762 89
103 114 429 100
103 115 984 155
103 116 705 348
103 117 186 233
103 118 511 316
103 119 408 146
103 120 327 209
103 121 737 68
104 112 504 294
104 113 288 126
104 114 85 332
104 115 588 46
104 116 675 120
104 117 889 239
104 118 193 89
104 119 371 311
104 120 83 29
104 121 371 222
105 112 25 299
105 113 149 134
105 114 566 92
105 115 587 283
105 116 938 119
105 117 459 268
105 118 931 55
105 119 275 300
105 120 586 57
105 121 237 246
106 112 34 43
106 113 809 96
106 114 760 26
106 115 210 175
106 116 691 106
106 117 821 273
106 118 179 163
106 119 118 325
106 120 121 234
106 121 260 216
107 112 746 97
107 113 591 39
107 114 549 266
107 115 655 252
107 116 979 108
107 117 994 277
107 118 200 106
107 119 778 87
107 120 850 50
107 121 756 203
108 112 343 290
108 113 148 114
108 114 402 216
108 115 505 291
108 116 843 85
108 117 671 206
108 118 476 208
108 119 647 34
108 120 971 153
108 121 697 213
109 112 449 236
109 113 904 95
109 114 782 133
109 115 263 131
109 116 477 264
109 117 4 193
109 118 828 278
109 119 645 239
109 120 857 126
109 121 79 290
110 112 567 244
110 113 347 42
110 114 283 331
110 115 873 151
110 116 904 122
110 117 483 73
110 118 876 299
110 119 951 214
110 120 633 31
110 121 589 319
111 112 347 347
111 113 822 23
111 114 92 48
111 115 489 93
111 116 323 71
111 117 23 3
111 118 339 71
111 119 4 35
111 120 912 50
111 121 950 228
112 122 517 108
112 123 154 173
112 124 386 77
112 125 848 225
112 126 177 231
112 127 119 250
112 128 701 284
112 129 702 57
112 130 148 197
112 131 402 249
113 122 217 317
113 123 493 38
113 124 959 8
113 125 754 159
113 126 523 352
113 127 455 293
113 128 330 144
113 129 712 30
113 130 937 229
113 131 312 308
114 122 535 186
114 123 884 226
114 124 989 267
114 125 659 104
114 126 221 240
114 127 17 322
114 128 233 27
114 129 344 245
114 130 216 63
114 131 240 281
115 122 126 312
115 123 112 353
115 124 212 246
115 125 994 136
115 126 637 313
115 127 626 327
115 128 488 249
115 129 421 290
115 130 648 211
115 131 503 116
116 122 351 205
116 123 823 259
116 124 546 219
116 125 286 216
116 126 397 47
116 127 76 150
116 128 696 88
116 129 416 344
116 130 824 130
116 131 671 111
117 122 503 165
117 123 18 27
117 124 400 124
117 125 642 11
117 126 579 180
117 127 582 173
117 128 288 252
117 129 265 317
117 130 66 178
117 131 977 95
118 122 331 123
118 123 620 236
118 124 541 181
118 125 194 215
118 126 411 110
118 127 730 86
118 128 81 354
118 129 643 351
118 130 456 317
118 131 96 204
119 122 104 9
119 123 100 158
119 124 933 268
119 125 215 292
119 126 586 68
119 127 663 210
119 128 310 280
119 129 992 348
119 130 868 283
119 131 714 182
120 122 255 290
120 123 308 278
120 124 421 72
120 125 147 226
120 126 39 245
120 127 572 302
120 128 942 123
120 129 817 351
120 130 408 78
120 131 867 189
121 122 609 25
121 123 593 63
121 124 573 117
121 125 408 39
121 126 644 58
121 127 989 284
121 128 976 176
121 129 890 292
121 130 408 182
121 131 647 292
122 132 309 150
122 133 949 133
122 134 985 116
122 135 190 75
122 136 800 336
122 137 400 38
122 138 823 65
122 139 22 34
122 140 195 141
122 141 457 176
123 132 499 323
123 133 141 172
123 134 208 31
123 135 917 12
123 136 148 216
123 137 333 297
123 138 695 314
123 139 410 18
123 140 855 289
123 141 93 247
124 132 482 331
124 133 44 101
124 134 360 175
124 135 904 219
124 136 64 344
124 137 528 181
124 138 212 16
124 139 991 248
124 140 387 188
124 141 823 99
125 132 853 175
125 133 784 353
125 134 250 245
125 135 429 167
125 136 33 41
125 137 859 6
125 138 253 244
125 139 581 103
125 140 838 18
125 141 586 266
126 132 492 130
126 133 805 268
126 134 11 237
126 135 833 285
126 136 332 233
126 137 267 284
126 138 718 20
126 139 819 302
126 140 7 72
126 141 197 137
127 132 991 94
127 133 757 181
127 134 344 7
127 135 457 36
127 136 989 197
127 137 558 159
127 138 923 303
127 139 530 159
127 140 218 343
127 141 419 10
128 132 484 1
128 133 115 98
128 134 368 8
128 135 808 115
128 136 935 2
128 137 679 25
128 138 55 24
128 139 209 234
128 140 890 222
128 141 807 180
129 132 264 50
129 133 546 46
129 134 155 35
129 135 428 275
129 136 888 151
129 137 41 76
129 138 374 179
129 139 642 9
129 140 40 307
129 141 615 192
130 132 74 303
130 133 910 169
130 134 478 102
130 135 27 72
130 136 715 256
130 137 251 278
130 138 614 2
130 139 854 236
130 140 416 203
130 141 329 66
131 132 552 266
131 133 457 128
131 134 293 15
131 135 881 102
131 136 182 216
131 137 526 131
131 138 599 272
131 139 678 51
131 140 578 99
131 141 737 264
132 142 104 277
132 143 132 302
132 144 958 58
132 145 310 130
132 146 920 92
132 147 204 180
132 148 730 54
132 149 41 244
132 150 20 341
132 151 986 25
133 142 836 241
133 143 177 319
133 144 218 172
133 145 911 164
133 146 437 258
133 147 868 214
133 148 437 84
133 149 349 259
133 150 962 11
133 151 367 124
134 142 131 251
134 143 982 101
134 144 839 257
134 145 60 15
134 146 930 345
134 147 805 315
134 148 341 340
134 149 240 253
134 150 449 48
134 151 796 249
135 142 371 258
135 143 533 25
135 144 242 248
135 145 573 292
135 146 563 102
135 147 329 42
135 148 398 43
135 149 525 228
135 150 378 168
135 151 844 312
136 142 270 224
136 143 90 274
136 144 104 156
136 145 732 268
136 146 301 311
136 147 845 87
136 148 943 258
136 149 248 141
136 150 252 288
136 151 186 345
137 142 515 296
137 143 817 311
137 144 626 235
137 145 570 350
137 146 827 344
137 147 696 345
137 148 179 187
137 149 647 283
137 150 326 99
137 151 989 258
138 142 235 174
138 143 714 12
138 144 6 143
138 145 311 246
138 146 818 160
138 147 517 17
138 148 809 190
138 149 642 132
138 150 757 143
138 151 331 8
139 142 823 74
139 143 7 45
139 144 653 274
139 145 176 239
139 146 41 214
139 147 268 239
139 148 344 237
139 149 809 16
139 150 972 166
139 151 816 256
140 142 690 75
140 143 208 14
140 144 356 296
140 145 815 330
140 146 187 250
140 147 562 334
140 148 501 305
140 149 563 90
140 150 609 76
140 151 938 261
141 142 394 17
141 143 707 10
141 144 836 119
141 145 184 135
141 146 622 280
141 147 35 330
141 148 78 90
141 149 760 263
141 150 612 79
141 151 953 271
142 152 432 333
143 152 716 118
144 152 488 227
145 152 683 144
146 152 816 148
147 152 189 326
148 152 178 72
149 152 945 57
150 152 355 267
151 152 14 301
